año,NCODI,camas_instalada,incubadoras_instalada,paritorios_instalada,quirofanos_instalada,salasHemo_instalada,camas_funcionamiento,incubadoras_funcionamiento,paritorios_funcionamiento,quirofanos_funcionamiento,salasHemo_funcionamiento,salas_rx_Hospital,salas_rx_CEP,puesto_HDia_medico,puesto_HDia_psiquiatrico,puesto_HDia_geriatrico,integradasPuestos_HDia_CMA,propiasPuestos_HDia_CMA,propiasQuirofanos_HDia_CMA
2016,1057,106,0,0,0,0,76,0,0,0,0,4,0,0,0,0,0,0,0
2016,1031,40,0,0,0,0,10,0,0,0,0,0,0,1,0,0,0,0,0
2016,1032,230,8,8,12,1,196,8,8,12,1,4,0,25,0,0,31,0,0
2016,1064,100,2,2,9,1,100,2,2,9,1,1,0,0,0,0,0,0,0
2016,226,82,2,1,5,1,82,2,1,5,1,2,0,0,0,0,5,0,5
2016,687,197,8,2,7,0,163,6,2,7,0,7,0,12,20,0,0,12,1
2016,745,747,34,3,16,2,738,34,3,16,2,22,10,71,42,0,0,22,2
2016,109,86,3,2,11,1,64,3,2,6,1,4,0,0,0,0,0,0,0
2016,808,309,8,8,9,0,282,6,8,9,0,5,0,6,22,0,16,0,0
2016,971,11,0,0,6,0,5,0,0,2,0,2,0,2,0,0,12,0,0
2016,128,33,1,1,3,0,33,0,0,3,0,1,0,3,0,0,2,2,1
2016,919,430,8,2,8,0,380,8,2,8,0,5,3,24,8,0,0,0,0
2016,725,913,28,3,32,2,815,28,3,32,2,16,0,91,0,0,0,20,3
2016,3,101,0,0,0,0,90,0,0,0,0,0,0,0,0,0,0,0,0
2016,306,281,0,0,0,0,281,0,0,0,0,0,0,0,0,0,0,0,0
2016,15,29,0,0,3,0,17,0,0,2,0,1,0,1,0,0,0,0,0
2016,264,77,3,0,4,0,77,3,1,4,0,2,0,0,0,0,0,0,0
2016,867,9,0,0,2,0,2,0,0,2,0,1,0,0,0,0,0,0,0
2016,910,227,2,1,11,0,185,2,1,11,0,8,0,16,0,0,1,10,1
2016,1053,327,7,2,8,0,293,7,2,8,0,6,1,10,0,0,0,14,3
2016,1055,381,8,3,15,1,372,8,3,14,1,18,0,30,0,0,0,39,6
2016,1081,100,0,0,0,0,69,0,0,0,0,0,0,0,0,0,0,0,0
2016,1099,20,0,2,5,0,20,0,0,3,0,1,0,1,0,0,0,0,0
2016,529,100,0,0,0,0,95,0,0,0,0,1,0,0,0,0,0,0,0
2016,345,170,0,0,0,0,168,0,0,0,0,0,0,0,0,0,0,0,0
2016,515,40,0,0,3,0,40,0,0,3,0,2,0,0,0,0,0,0,0
2016,174,65,0,0,3,0,49,0,0,2,0,0,0,0,0,0,0,0,3
2016,523,184,0,0,3,0,184,0,0,3,0,2,0,0,0,25,5,0,0
2016,697,193,9,3,6,1,193,9,3,6,1,5,0,1,1,1,1,1,1
2016,239,196,0,0,5,1,82,0,0,4,1,3,0,10,0,0,5,0,0
2016,287,287,4,3,11,1,197,3,3,11,1,6,0,0,0,16,0,0,0
2016,377,106,0,0,0,0,85,0,0,0,0,1,0,0,0,0,0,0,0
2016,113,205,0,0,0,0,203,0,0,0,0,0,0,0,1,0,0,0,0
2016,619,75,1,2,6,1,75,1,2,6,1,3,0,4,0,0,4,0,1
2016,163,20,0,0,4,0,20,0,0,4,0,5,0,0,0,0,0,9,4
2016,131,82,0,0,0,0,35,0,0,0,0,0,0,0,0,0,0,0,0
2016,375,63,0,0,0,0,63,0,0,0,0,1,0,0,0,0,0,0,0
2016,1090,811,23,3,23,2,725,21,3,22,2,10,6,86,4,0,60,0,2
2016,764,736,13,2,16,1,639,13,2,16,1,17,0,16,56,8,32,0,0
2016,14,42,3,1,3,0,42,3,1,3,0,1,0,1,0,0,0,0,0
2016,657,135,3,1,5,0,93,1,1,4,0,3,0,1,0,0,1,0,0
2016,362,65,2,1,3,1,65,2,1,3,1,7,0,0,0,0,8,0,0
2016,989,93,2,1,4,0,57,1,1,4,0,5,0,6,0,0,0,0,0
2016,990,114,1,1,4,0,89,1,1,4,0,2,0,13,0,0,0,8,0
2016,680,797,24,3,28,2,715,24,3,27,2,12,3,36,0,0,3,0,0
2016,411,106,4,1,9,2,106,4,1,9,2,3,0,6,0,0,0,0,0
2016,241,96,3,2,7,1,96,3,2,7,1,2,0,6,0,0,2,0,0
2016,558,287,4,3,7,0,226,4,3,7,0,9,1,20,0,0,1,11,1
2016,167,26,2,1,2,0,16,1,1,2,0,1,0,0,0,0,0,0,0
2016,248,175,1,0,4,1,163,0,0,4,1,2,0,10,0,0,0,0,0
2016,224,23,1,1,2,0,23,1,1,2,0,2,0,0,0,0,0,0,1
2016,591,410,15,2,15,1,393,15,2,15,1,10,0,57,2,0,0,,4
2016,586,367,14,2,12,0,367,14,2,12,0,4,4,29,12,0,0,0,0
2016,453,179,0,0,0,0,110,0,0,0,0,1,0,1,0,0,0,0,0
2016,145,96,0,0,0,0,96,0,0,0,0,0,0,0,0,0,0,0,0
2016,511,270,11,2,9,0,270,11,2,9,0,6,3,10,0,0,0,14,0
2016,530,336,8,2,9,0,323,8,2,9,0,6,3,25,0,0,0,2,2
2016,6,66,3,1,8,0,55,3,1,8,0,1,0,0,0,0,10,0,0
2016,161,432,0,0,0,0,300,0,0,0,0,0,0,0,0,0,0,0,0
2016,623,390,14,2,10,2,361,14,2,10,2,8,2,18,0,0,0,0,0
2016,875,109,0,0,7,1,84,0,0,7,1,2,0,6,0,0,2,0,0
2016,946,140,3,1,4,1,140,3,1,4,1,3,0,0,0,0,0,0,0
2016,1023,277,6,5,11,1,238,6,5,11,1,3,0,38,0,0,29,0,0
2016,1054,267,12,2,15,1,211,6,2,13,1,6,0,16,0,0,0,24,2
2016,692,271,10,5,8,0,262,9,5,8,0,3,0,28,25,0,0,0,0
2016,335,160,0,0,0,0,160,0,0,0,0,0,0,0,0,0,0,0,0
2016,435,70,1,1,4,1,70,1,1,4,1,2,0,0,0,0,0,0,0
2016,423,31,3,1,2,0,31,3,1,2,0,2,0,,0,0,2,3,2
2016,351,85,0,0,3,0,52,0,0,3,0,2,0,3,0,0,3,2,1
2016,810,9,0,1,1,0,9,0,1,1,0,1,0,0,0,0,1,1,1
2016,830,224,6,2,8,0,224,6,2,8,0,3,0,7,0,0,10,0,2
2016,892,419,19,6,13,0,366,10,6,12,0,5,0,30,24,0,0,31,0
2016,921,170,4,4,9,1,170,4,4,9,1,2,0,1,0,0,6,6,0
2016,991,12,1,1,1,0,12,1,1,1,0,1,0,0,0,0,0,0,0
2016,992,165,6,1,6,0,165,2,1,6,0,4,0,7,15,0,8,12,1
2016,993,142,5,3,5,0,110,5,3,5,0,2,1,29,16,0,0,6,1
2016,1070,824,30,6,27,3,735,30,6,25,3,8,0,31,40,0,0,20,4
2016,1095,70,0,0,2,0,38,0,0,2,0,1,0,0,0,0,0,0,0
2016,1094,34,0,0,4,0,34,0,0,4,0,1,0,1,0,0,0,4,4
2016,473,64,27,7,6,0,64,27,7,6,0,2,0,1,0,0,0,0,4
2016,663,406,9,2,11,1,393,9,2,11,1,4,2,53,13,0,7,0,0
2016,552,90,0,0,6,0,79,0,0,6,0,4,0,16,0,0,14,0,0
2016,772,628,0,0,25,2,628,0,0,25,2,8,0,70,56,50,0,0,6
2016,568,62,0,0,4,0,62,0,0,4,0,2,0,0,0,0,0,6,0
2016,398,132,0,0,5,0,100,0,0,5,0,2,0,0,0,0,0,0,0
2016,394,55,0,0,2,0,55,0,0,2,0,2,0,0,0,0,0,0,0
2016,614,22,0,0,2,0,22,0,0,2,0,0,0,0,0,0,0,7,0
2016,235,33,0,0,4,0,14,0,0,3,0,2,0,0,0,0,0,0,0
2016,616,90,0,0,6,0,57,0,0,6,0,0,0,20,0,0,0,15,0
2016,267,181,4,2,9,1,163,4,2,9,1,2,0,4,0,0,0,0,0
2016,565,200,0,0,5,0,178,0,0,5,0,1,0,8,0,0,0,22,0
2016,220,138,3,3,9,0,138,3,3,9,0,3,0,17,0,0,0,0,0
2016,278,154,6,3,8,0,154,6,3,8,0,0,0,0,0,0,0,0,0
2016,107,112,0,0,0,0,112,0,0,0,0,0,0,0,15,55,0,0,0
2016,711,623,17,3,22,3,549,17,3,22,3,7,0,93,42,0,22,0,0
2016,204,116,0,0,0,0,116,0,0,0,0,1,0,0,0,22,0,0,0
2016,579,31,0,0,2,0,31,0,0,2,0,4,0,0,0,0,0,0,0
2016,348,152,0,0,2,0,139,0,0,2,0,1,0,70,0,0,0,0,0
2016,766,116,0,0,8,0,111,0,0,8,0,5,0,8,0,0,0,0,0
2016,761,317,0,0,0,0,317,0,0,0,0,0,0,0,25,60,0,0,0
2016,728,336,0,0,19,0,291,0,0,19,0,7,0,11,0,0,0,17,4
2016,280,144,12,4,10,1,144,12,4,10,1,5,0,10,0,0,0,12,3
2016,222,44,0,0,6,0,44,0,0,6,0,2,0,1,0,0,0,0,0
2016,276,202,10,3,14,1,202,10,3,14,1,8,0,16,0,0,18,0,0
2016,11,201,0,2,8,1,170,0,2,8,1,4,0,9,0,0,0,2,0
2016,302,60,2,1,3,0,60,2,1,3,0,0,0,0,0,0,1,1,1
2016,682,161,0,0,8,0,161,0,0,8,0,1,0,11,0,0,0,0,0
2016,279,181,20,5,9,1,181,20,5,9,1,4,0,10,0,0,0,10,3
2016,282,257,11,3,21,1,257,11,3,21,1,8,0,11,0,0,0,31,4
2016,281,273,8,5,10,1,273,8,4,10,1,3,0,10,0,0,0,15,0
2016,183,30,0,0,3,0,30,0,0,3,0,1,0,0,0,0,0,0,0
2016,610,43,0,0,5,0,43,0,0,5,0,1,0,0,0,0,0,19,0
2016,116,428,0,0,0,0,389,0,0,0,0,0,0,0,0,20,0,0,0
2016,115,50,0,0,0,0,50,0,0,0,0,1,0,0,0,0,0,0,0
2016,114,74,0,0,0,0,74,0,0,0,0,0,0,0,0,0,0,0,0
2016,119,30,0,0,4,0,30,0,0,4,0,1,0,0,0,0,0,0,0
2016,770,573,13,3,21,1,553,13,3,21,1,16,0,31,18,0,0,9,5
2016,583,130,0,0,4,0,116,0,0,4,0,4,0,23,0,0,0,0,4
2016,136,209,0,0,0,0,172,0,0,0,0,1,0,0,0,46,0,0,0
2016,469,108,2,1,3,0,99,2,1,3,0,2,0,12,0,15,9,9,0
2016,642,202,2,3,5,0,202,2,3,5,0,5,0,7,0,20,0,0,0
2016,674,344,37,6,15,1,314,37,6,15,1,10,1,24,82,0,0,26,5
2016,193,155,0,0,0,0,155,0,0,0,0,1,0,0,0,17,0,0,0
2016,526,332,12,2,9,0,328,12,2,9,0,8,0,34,0,68,0,10,0
2016,698,780,0,0,28,2,649,0,0,28,2,10,0,19,10,0,0,24,0
2016,630,75,3,2,10,0,68,3,2,10,0,3,0,8,0,0,0,0,0
2016,124,140,0,0,0,0,130,0,0,0,0,0,0,0,0,30,0,0,0
2016,364,74,0,0,0,0,68,0,0,0,0,0,0,0,0,35,0,0,0
2016,439,56,4,2,5,0,56,4,2,5,0,2,0,4,0,0,0,0,1
2016,570,488,8,5,17,0,488,8,5,17,0,5,0,57,31,0,0,0,2
2016,123,190,0,0,0,0,153,0,0,0,0,0,0,0,0,58,0,0,0
2016,310,415,0,0,0,0,396,0,0,0,0,0,0,0,55,57,0,0,0
2016,571,129,2,2,5,0,129,2,2,5,0,3,0,16,0,0,0,1,1
2016,296,177,0,0,0,0,177,0,0,0,0,1,0,0,0,22,0,0,0
2016,566,155,4,3,7,0,118,4,3,7,0,3,0,20,20,0,11,0,0
2016,784,712,18,6,16,0,712,18,6,16,0,6,0,109,60,18,0,17,4
2016,102,677,0,0,0,0,677,0,0,0,0,1,0,0,15,20,0,0,0
2016,379,446,0,0,0,0,446,0,0,0,0,0,0,0,104,0,0,0,0
2016,639,246,1,4,5,0,199,1,4,5,0,5,0,6,0,0,0,8,0
2016,457,83,0,0,2,0,74,0,0,2,0,2,0,2,0,0,10,0,0
2016,609,334,10,2,15,2,305,10,2,15,2,13,0,8,10,0,9,0,0
2016,101,82,0,0,0,0,82,0,0,0,0,0,0,0,0,20,0,0,0
2016,454,231,2,1,4,0,228,2,1,4,0,3,0,20,0,0,0,4,1
2016,318,356,0,0,0,0,350,0,0,0,0,0,0,0,20,25,0,0,0
2016,600,181,2,5,8,0,119,2,5,8,0,3,0,20,0,0,0,16,0
2016,545,450,19,3,14,0,326,14,3,14,0,5,0,53,20,33,0,0,0
2016,100,78,0,0,0,0,75,0,0,0,0,0,0,0,0,32,0,0,0
2016,702,384,9,3,15,2,384,9,3,15,2,5,4,22,35,0,0,21,4
2016,778,216,3,5,10,0,197,3,5,8,0,4,0,60,22,0,0,22,3
2016,341,65,1,1,2,0,65,0,0,2,0,2,0,0,0,0,0,0,0
2016,99,103,0,0,0,0,100,0,0,0,0,0,0,0,0,50,0,0,0
2016,767,117,0,0,5,0,117,0,0,5,0,6,0,8,0,0,0,0,0
2016,359,110,0,0,2,0,110,0,0,2,0,2,0,0,0,30,4,8,2
2016,98,104,0,0,0,0,104,0,0,0,0,0,0,0,0,25,0,0,0
2016,132,125,0,0,0,0,105,0,0,0,0,0,0,0,0,0,0,0,0
2016,97,122,0,0,0,0,120,0,0,0,0,0,0,0,0,30,0,0,0
2016,103,42,0,0,0,0,41,0,0,0,0,0,0,0,0,20,0,0,0
2016,110,60,0,0,0,0,55,0,0,0,0,0,0,0,0,0,0,0,0
2016,94,30,0,0,0,0,30,0,0,0,0,0,0,0,0,0,0,0,0
2016,91,60,0,0,0,0,60,0,0,0,0,0,0,0,0,18,0,0,0
2016,664,366,4,2,12,0,336,4,2,12,0,8,0,55,25,0,17,0,0
2016,918,1106,45,6,39,3,1071,45,6,39,3,13,0,158,0,0,0,0,6
2016,92,56,0,0,0,0,56,0,0,0,0,0,0,0,0,0,0,0,0
2016,95,165,0,0,0,0,165,0,0,0,0,0,0,0,0,24,0,0,0
2016,301,20,0,0,4,0,20,0,0,4,0,1,1,0,0,0,0,0,0
2016,492,120,2,1,6,0,98,2,1,6,0,3,0,17,0,0,0,11,1
2016,811,68,0,1,1,1,68,0,1,1,1,1,0,3,0,0,0,0,0
2016,812,85,0,0,1,0,85,0,0,1,0,0,0,40,0,0,0,0,0
2016,832,20,0,0,0,0,20,0,0,0,0,0,0,0,0,0,0,0,0
2016,841,12,0,0,0,0,12,0,0,0,0,0,0,0,0,25,0,0,0
2016,856,89,0,0,0,0,89,0,0,0,0,0,0,0,0,30,0,0,0
2016,859,90,0,0,0,0,90,0,0,0,0,0,0,0,25,0,0,0,0
2016,861,40,0,0,0,0,38,0,0,0,0,0,0,0,0,0,0,0,0
2016,880,93,0,0,0,0,92,0,0,0,0,0,0,0,0,40,0,0,0
2016,883,153,0,0,0,0,153,0,0,0,0,0,0,0,16,0,0,0,0
2016,884,141,0,0,0,0,104,0,0,0,0,0,0,0,0,30,0,0,0
2016,877,38,0,0,0,0,38,0,0,0,0,0,0,0,0,0,0,0,0
2016,911,363,0,0,0,0,363,0,0,0,0,0,0,0,0,33,0,0,0
2016,913,28,0,0,0,0,28,0,0,0,0,0,0,0,20,0,0,0,0
2016,922,87,5,3,8,1,80,5,3,8,1,2,0,0,0,0,0,0,0
2016,923,84,0,0,0,0,84,0,0,0,0,0,0,0,0,0,0,0,0
2016,924,46,0,0,0,0,46,0,0,0,0,0,0,29,0,0,0,0,0
2016,947,26,0,0,0,0,26,0,0,0,0,0,0,0,0,0,0,0,0
2016,951,51,0,0,0,0,51,0,0,0,0,0,0,0,0,21,0,0,0
2016,1103,123,0,0,0,0,119,0,0,0,0,0,0,0,0,30,0,0,0
2016,972,28,0,0,0,0,28,0,0,0,0,0,0,0,0,0,0,0,0
2016,973,51,0,0,2,1,30,0,0,2,1,2,0,0,0,0,15,10,2
2016,974,153,0,0,0,0,153,0,0,0,0,0,0,0,0,0,0,0,0
2016,975,101,0,0,0,0,101,0,0,0,0,0,0,0,0,25,0,0,0
2016,960,191,0,0,0,0,191,0,0,0,0,0,0,0,0,40,0,0,0
2016,1028,12,0,0,0,0,12,0,0,0,0,0,0,0,0,0,0,0,0
2016,976,147,0,0,0,0,145,0,0,0,0,0,0,0,15,35,0,0,0
2016,977,174,0,0,0,0,174,0,0,0,0,0,0,0,0,0,0,0,0
2016,1020,22,0,0,0,0,22,0,0,0,0,0,0,0,15,0,0,0,0
2016,994,245,6,3,5,0,238,6,3,5,0,6,0,23,0,0,0,30,0
2016,995,84,0,0,0,0,76,0,0,0,0,0,0,0,0,30,0,0,0
2016,1060,25,0,0,0,0,25,0,0,0,0,0,0,0,35,0,0,0,0
2016,1005,50,0,0,0,0,50,0,0,0,0,0,0,0,0,0,0,0,0
2016,1061,10,0,0,0,0,10,0,0,0,0,0,0,0,0,0,0,0,0
2016,1006,52,0,0,0,0,52,0,0,0,0,0,0,0,20,0,0,0,0
2016,1088,10,0,0,5,0,5,0,0,4,0,0,0,0,0,0,0,4,4
2016,1089,106,0,0,9,0,66,0,0,6,0,3,0,6,0,0,8,0,0
2016,1076,4,0,0,0,0,4,0,0,0,0,0,0,0,0,0,0,0,0
2016,1078,98,0,0,0,0,98,0,0,0,0,0,0,0,0,0,0,0,0
2016,1033,421,0,0,12,0,358,0,0,12,0,3,0,47,0,0,0,0,0
2016,1037,35,0,0,0,0,35,0,0,0,0,0,0,0,30,0,0,0,0
2016,1039,50,0,0,0,0,50,0,0,0,0,0,0,0,80,0,0,0,0
2016,1067,220,0,0,0,0,199,0,0,0,0,0,0,0,0,50,0,0,0
2016,1065,228,0,0,0,0,228,0,0,0,0,1,0,0,0,0,0,0,0
2016,1066,96,4,3,9,0,96,4,3,9,0,2,3,6,0,0,0,12,0
2016,1100,109,0,0,0,0,73,0,0,0,0,0,0,0,0,30,0,0,0
2016,1105,245,0,0,0,0,245,0,0,0,0,0,0,0,0,0,0,0,0
2016,1107,17,0,0,3,0,17,0,0,3,0,0,0,0,0,0,0,3,3
2016,1111,100,0,0,0,0,100,0,0,0,0,0,0,0,25,0,0,0,0
2016,1121,51,0,0,0,0,51,0,0,0,0,0,0,0,0,21,0,0,0
2016,207,116,2,1,7,0,93,2,1,7,0,4,0,8,0,0,0,0,0
2016,431,160,0,0,1,0,71,0,0,1,0,1,0,2,0,0,,2,1
2016,387,123,4,2,3,0,110,2,2,3,0,3,0,6,0,0,1,0,0
2016,179,75,0,0,0,0,75,0,0,0,0,1,0,0,0,0,0,0,0
2016,606,114,3,2,3,0,105,3,2,3,0,4,1,16,0,0,0,0,0
2016,925,865,28,8,24,1,810,28,8,19,1,15,0,58,49,0,35,0,0
2016,541,107,6,2,4,0,89,6,2,4,0,3,0,1,0,0,0,0,0
2016,797,102,2,2,5,0,102,2,2,5,0,4,0,4,0,0,0,9,0
2016,627,250,6,2,7,0,231,5,2,6,0,3,3,16,0,0,0,6,0
2016,173,330,0,0,0,0,330,0,0,0,0,0,0,0,4,0,0,0,0
2016,636,520,20,3,17,2,467,20,3,17,2,11,0,22,0,18,0,17,3
2016,205,33,0,0,3,0,33,0,0,3,0,1,0,0,0,0,0,0,0
2016,814,20,0,0,1,0,20,0,0,1,0,1,0,0,0,0,0,0,0
2016,881,34,2,1,3,1,34,2,1,3,1,1,0,0,0,0,0,0,0
2016,771,716,46,2,25,2,652,46,2,25,2,10,3,85,0,0,41,0,0
2016,533,48,5,1,1,1,33,3,1,1,1,1,0,1,0,0,4,0,1
2016,447,380,3,1,7,0,54,1,1,7,0,2,0,8,0,0,0,0,1
2016,815,14,0,1,3,0,14,0,0,3,0,1,0,0,0,0,0,0,0
2016,801,486,23,2,8,1,439,23,2,8,1,8,3,25,0,0,8,4,2
2016,800,126,0,0,5,0,106,0,0,5,0,2,0,0,0,0,0,0,1
2016,389,290,3,2,4,0,290,3,2,4,0,2,0,0,0,0,0,8,0
2016,695,411,10,3,7,1,381,10,3,7,1,7,2,36,0,0,4,12,3
2016,816,126,2,1,4,0,89,1,1,4,0,1,0,7,0,0,0,10,2
2016,833,110,2,1,5,0,110,2,1,5,0,3,0,5,0,0,9,10,1
2016,870,94,2,2,6,1,60,1,2,6,1,2,0,1,0,0,0,0,0
2016,927,51,1,1,2,0,45,0,1,2,0,1,0,1,0,0,0,0,1
2016,961,445,11,3,12,0,433,11,3,12,0,9,4,40,0,0,0,22,0
2016,962,40,0,0,3,1,30,0,0,3,1,1,0,0,0,0,2,0,3
2016,1079,40,2,1,2,1,12,2,1,2,1,1,0,0,0,0,0,0,0
2016,1101,69,3,1,3,0,69,3,1,3,0,1,0,2,0,0,5,3,1
2016,666,574,25,2,16,1,558,25,2,16,1,5,5,12,0,0,0,30,0
2016,392,130,0,0,0,0,122,0,0,0,0,2,0,0,0,0,0,0,0
2016,790,256,0,0,7,0,251,0,0,6,0,4,0,36,80,0,6,0,0
2016,650,152,2,2,5,0,152,2,2,5,0,3,0,14,0,0,0,8,0
2016,876,258,9,2,10,0,244,9,2,10,0,5,0,17,0,0,0,9,0
2016,944,28,0,0,4,0,15,0,0,4,0,2,0,0,0,0,0,0,0
2016,952,116,12,2,10,0,104,12,2,10,0,3,0,5,0,0,0,0,1
2016,54,87,0,0,0,0,87,0,0,0,0,0,0,0,30,0,0,0,0
2016,367,55,0,0,4,0,14,0,0,3,0,1,0,1,0,0,0,6,0
2016,538,343,8,2,10,0,267,7,2,8,0,5,1,22,12,0,0,19,3
2016,557,118,3,2,5,0,81,3,2,2,0,3,0,13,0,0,0,6,0
2016,653,139,5,2,5,0,136,2,2,4,0,5,2,14,0,0,6,0,0
2016,647,103,2,2,6,0,97,2,2,6,0,8,0,2,0,0,0,6,0
2016,978,564,23,2,13,1,535,22,2,13,1,14,1,18,20,0,0,23,0
2016,996,155,3,1,4,0,72,3,1,4,0,3,0,9,0,0,12,12,0
2016,729,1177,40,8,35,4,1099,40,8,35,4,19,1,73,80,0,32,0,5
2016,182,135,5,1,7,1,135,5,1,7,1,3,0,0,0,0,0,9,1
2016,633,169,2,2,8,1,147,2,2,8,1,2,0,0,0,0,0,24,0
2016,685,240,9,3,6,0,230,9,3,6,0,3,0,12,20,0,12,0,0
2016,683,148,6,3,5,0,144,6,3,5,0,3,0,4,0,0,4,0,0
2016,945,77,4,2,4,0,35,3,2,4,0,1,0,0,0,0,0,8,0
2016,953,4,0,0,4,0,2,0,0,2,0,0,0,0,0,0,0,0,0
2016,1022,24,0,0,2,0,20,0,0,2,0,2,0,0,0,0,0,0,0
2016,1049,32,0,0,2,0,4,0,0,1,0,1,0,0,0,0,0,0,0
2016,794,1333,28,3,30,3,1285,28,3,30,3,10,6,87,25,0,7,0,0
2016,415,56,0,0,4,0,56,0,0,4,0,1,0,24,0,0,0,0,0
2016,592,108,0,1,6,0,96,0,1,6,0,2,0,0,0,0,0,0,0
2016,497,120,0,0,5,1,120,0,0,5,1,2,0,0,0,0,0,0,0
2016,458,144,9,2,9,1,144,9,2,9,1,4,0,0,0,0,0,0,0
2016,726,439,16,2,12,0,399,16,2,12,0,9,1,28,15,0,0,8,4
2016,272,185,0,0,4,0,150,0,0,4,0,3,0,0,0,0,0,0,0
2016,805,1395,34,3,31,3,1268,34,3,31,3,16,1,35,50,8,0,0,5
2016,5,70,0,0,8,0,35,0,0,7,0,1,0,5,0,0,10,0,0
2016,234,91,6,1,6,0,91,6,1,6,0,1,0,5,0,0,0,0,0
2016,64,98,0,0,0,0,98,0,0,0,0,0,0,0,0,0,0,0,0
2016,842,81,0,1,4,0,80,0,1,4,0,3,0,0,0,0,9,0,0
2016,843,78,2,1,3,0,78,2,1,3,0,4,0,4,0,0,3,4,0
2016,803,395,7,2,11,0,377,7,2,9,0,6,2,23,10,0,14,0,0
2016,211,60,0,0,3,0,60,0,0,3,0,3,0,0,0,0,3,3,3
2016,773,368,28,3,11,1,313,28,3,11,1,3,0,21,0,0,0,0,1
2016,424,45,2,1,3,0,45,2,1,3,0,1,0,6,0,0,6,4,1
2016,298,114,4,1,7,1,114,4,1,7,1,6,0,2,0,0,10,0,0
2016,594,28,1,0,3,0,19,0,0,3,0,1,0,0,0,0,14,14,2
2016,237,101,0,0,3,0,101,0,0,3,0,2,0,0,0,25,0,0,0
2016,16,23,0,0,0,0,23,0,0,0,0,0,0,0,0,0,0,0,0
2016,768,80,1,1,2,0,72,1,1,2,0,2,0,6,0,25,5,0,0
2016,617,152,3,5,6,0,146,3,5,5,0,3,0,10,0,0,0,15,0
2016,297,42,1,1,3,0,42,1,1,3,0,1,0,0,0,0,0,0,0
2016,105,63,0,0,0,0,63,0,0,0,0,0,0,0,0,10,0,0,0
2016,544,136,1,3,3,0,136,1,3,3,0,3,0,0,0,17,20,0,0
2016,804,142,2,4,5,0,117,2,4,5,0,3,0,11,0,0,15,0,0
2016,104,114,0,0,0,0,114,0,0,0,0,0,0,0,50,0,0,0,0
2016,20,36,0,0,0,0,36,0,0,0,0,0,0,0,0,0,0,0,0
2016,550,80,0,0,4,0,80,0,0,4,0,6,0,9,0,0,0,14,0
2016,112,24,0,0,0,0,24,0,0,0,0,0,0,0,0,25,0,0,0
2016,818,105,0,0,0,0,105,0,0,0,0,0,0,0,0,19,0,0,0
2016,882,128,0,0,0,0,128,0,0,0,0,0,0,0,0,30,0,0,0
2016,914,126,0,0,0,0,126,0,0,0,0,0,0,0,0,40,0,0,0
2016,928,36,0,0,0,0,36,0,0,0,0,0,0,25,0,0,0,0,0
2016,964,264,4,3,5,0,220,4,3,5,0,3,0,26,0,0,6,0,0
2016,1026,100,0,0,0,0,100,0,0,0,0,0,0,0,0,20,0,0,0
2016,1068,160,0,0,0,0,80,0,0,0,0,0,0,0,0,32,0,0,0
2016,1108,64,2,2,4,0,40,2,2,4,0,3,0,5,0,0,5,0,0
2016,404,120,0,0,2,0,120,0,0,2,0,1,0,0,0,0,0,7,2
2016,270,91,1,2,8,1,91,1,2,8,1,2,0,7,0,0,0,0,0
2016,676,147,7,2,5,0,119,7,2,5,0,7,0,11,0,0,0,15,1
2016,709,191,3,4,7,0,178,3,4,7,0,4,0,17,20,0,11,16,1
2016,754,1486,37,10,71,3,1372,37,10,71,3,23,0,204,85,0,55,60,25
2016,997,46,2,2,2,0,22,2,2,2,0,2,0,2,0,0,8,0,0
2016,1069,22,0,0,1,0,18,0,0,1,0,1,0,2,0,0,7,0,0
2016,1118,73,2,2,9,1,73,1,1,7,1,6,0,6,10,0,5,23,0
2016,734,432,8,1,12,2,357,8,1,12,2,6,2,34,37,12,0,26,0
2016,299,57,0,0,2,0,57,0,0,2,0,1,0,0,0,0,0,3,2
2016,645,40,0,0,1,0,40,0,0,1,0,1,0,1,0,0,1,1,1
2016,17,165,0,0,0,0,165,0,0,0,0,0,0,0,0,0,0,0,0
2016,1046,147,0,0,0,0,83,0,0,0,0,0,0,0,0,0,0,0,0
2016,420,29,0,0,3,0,29,0,0,3,0,4,0,0,0,0,0,0,0
2016,802,102,0,0,0,0,102,0,0,0,0,1,0,0,0,0,0,0,0
2016,266,149,2,1,10,2,149,2,1,10,2,2,1,18,0,0,0,18,0
2016,137,38,0,0,4,0,38,0,0,4,0,2,0,0,0,0,0,0,4
2016,769,75,0,0,4,0,39,0,0,3,0,2,0,16,0,0,0,0,0
2016,776,96,1,0,4,0,96,1,0,4,0,3,2,7,0,0,8,4,1
2016,640,105,1,3,6,0,75,1,3,5,0,3,0,4,0,0,8,0,0
2016,315,460,0,0,0,0,449,0,0,0,0,0,0,0,20,20,0,0,0
2016,40,299,0,0,0,0,282,0,0,0,0,0,0,0,0,0,0,0,0
2016,508,88,0,0,5,0,63,0,0,5,0,2,3,1,0,0,0,3,2
2016,46,80,0,0,0,0,80,0,0,0,0,0,0,0,0,0,0,0,0
2016,590,126,1,4,5,0,117,1,4,5,0,4,2,10,0,0,0,0,0
2016,777,119,2,2,5,0,104,2,2,5,0,4,1,10,0,0,10,0,0
2016,897,1115,25,6,34,1,1058,25,6,34,1,11,9,49,0,0,57,12,3
2016,965,88,0,0,0,0,81,0,0,0,0,0,0,0,0,0,0,0,0
2016,461,202,1,1,5,0,40,0,1,5,0,1,0,2,0,0,0,0,0
2016,376,20,1,1,2,0,20,1,1,2,0,2,0,0,0,0,0,0,0
2016,621,117,2,2,4,0,110,2,2,4,0,3,0,11,0,0,12,0,0
2016,793,913,18,5,24,2,807,18,5,24,2,12,5,49,16,0,23,30,7
2016,1102,36,2,2,4,1,27,1,1,3,1,1,0,0,0,0,0,0,0
2016,712,297,3,2,8,0,246,3,2,6,0,5,0,18,0,0,7,0,0
2016,32,110,0,0,0,0,107,0,0,0,0,0,0,0,0,0,0,0,0
2016,361,70,0,0,0,0,70,0,0,0,0,1,0,0,0,12,0,0,0
2016,486,40,1,1,3,0,30,0,1,3,0,1,0,0,0,0,0,0,0
2016,595,161,4,2,5,0,152,4,2,5,0,3,1,12,0,0,8,0,0
2016,433,50,2,2,2,0,44,2,2,2,0,2,0,0,0,0,0,0,0
2016,1058,32,0,0,2,0,20,0,0,2,0,1,0,0,0,0,0,0,0
2016,261,39,0,1,3,0,39,0,1,3,0,1,0,0,0,0,0,0,0
2016,730,204,10,2,7,0,178,8,2,4,0,6,0,12,20,0,0,22,0
2016,577,233,6,2,7,0,227,6,2,7,0,5,0,6,0,0,0,22,0
2016,788,770,27,4,25,2,728,26,4,24,2,24,0,170,0,0,1,1,5
2016,865,100,3,3,4,0,48,2,1,1,0,2,0,0,0,0,0,0,1
2016,979,24,0,0,2,0,19,0,0,1,0,1,0,0,0,0,0,0,0
2016,998,18,0,0,1,0,5,0,0,1,0,1,0,0,0,0,0,0,0
2016,1072,28,0,0,2,0,3,0,0,1,0,1,0,0,0,0,0,8,2
2016,221,120,0,1,3,0,90,0,1,3,0,3,0,0,0,0,0,0,0
2016,506,75,3,2,5,0,75,3,2,5,0,2,0,0,0,0,0,0,3
2016,727,408,9,3,9,0,366,9,3,8,0,9,0,22,0,0,0,0,0
2016,355,74,0,0,2,0,74,0,0,2,0,3,0,0,0,0,0,0,0
2016,487,297,0,0,6,0,285,0,0,6,0,2,0,0,0,0,0,0,0
2016,938,1056,20,2,21,2,891,20,2,21,2,8,13,20,10,0,0,0,2
2016,886,110,0,0,3,0,100,0,0,2,0,1,0,0,0,0,0,6,1
2016,835,46,1,1,2,0,46,1,1,2,0,4,0,0,0,0,0,0,0
2016,999,20,0,0,0,0,13,0,0,0,0,1,0,0,0,0,0,0,0
2016,798,449,16,4,14,1,368,16,4,14,1,8,0,80,0,0,10,10,2
2016,504,206,0,0,5,0,206,0,0,5,0,5,0,15,20,20,0,8,0
2016,247,43,1,1,3,0,43,1,1,3,0,4,3,6,0,0,0,5,0
2016,216,55,2,1,3,0,51,2,1,3,0,2,0,2,0,0,3,3,1
2016,654,63,1,2,5,0,63,1,2,5,0,1,0,0,0,0,5,0,0
2016,65,75,0,0,0,0,75,0,0,0,0,0,0,0,20,0,0,0,0
2016,472,78,2,1,3,0,54,2,1,3,0,2,0,4,0,10,0,0,0
2016,427,36,0,0,0,0,36,0,0,0,0,1,0,0,0,10,0,0,0
2016,491,64,2,1,2,0,60,2,1,2,0,2,0,3,0,0,8,0,0
2016,551,30,1,1,1,0,30,1,1,1,0,1,0,15,0,0,15,0,0
2016,106,120,0,0,0,0,120,0,0,0,0,0,0,0,0,0,0,0,0
2016,819,137,0,0,0,0,126,0,0,0,0,0,0,0,0,0,0,0,0
2016,836,20,0,0,0,0,20,0,0,0,0,0,0,0,0,0,0,0,0
2016,915,126,0,0,0,0,116,0,0,0,0,0,0,0,0,25,0,0,0
2016,942,60,0,0,0,0,60,0,0,0,0,0,0,0,0,0,0,0,0
2016,748,590,12,3,22,1,558,12,3,16,1,11,4,26,36,0,0,34,7
2016,198,87,0,0,0,0,87,0,0,0,0,0,0,0,0,0,0,0,0
2016,871,80,1,3,4,0,75,1,3,4,0,3,0,10,0,0,11,0,0
2016,948,54,1,1,3,1,54,1,1,3,1,1,0,0,0,0,0,0,0
2016,547,292,4,5,9,0,230,4,5,8,0,5,0,19,0,0,1,2,1
2016,397,80,0,0,0,0,80,0,0,0,0,2,0,0,0,18,0,0,0
2016,556,131,6,4,5,0,131,6,4,5,0,4,0,18,0,0,0,0,0
2016,42,80,0,0,0,0,80,0,0,0,0,0,0,0,0,0,0,0,0
2016,31,241,0,0,0,0,241,0,0,0,0,1,0,0,0,35,0,0,0
2016,740,899,40,8,21,1,778,40,8,19,1,14,4,38,45,0,32,0,0
2016,217,84,0,0,3,0,43,0,0,3,0,1,0,0,0,0,0,0,0
2016,863,60,2,1,3,0,20,2,1,2,0,1,0,0,0,0,0,0,0
2016,889,828,0,0,22,2,729,0,0,16,2,12,7,64,0,0,0,24,4
2016,984,147,0,0,5,0,127,0,0,5,0,3,0,0,0,0,0,0,0
2016,1106,10,0,0,2,0,10,0,0,2,0,1,0,0,0,0,0,0,0
2016,34,70,0,0,0,0,70,0,0,0,0,0,0,0,0,0,0,0,0
2016,791,120,2,1,5,0,120,2,1,5,0,3,0,0,0,0,0,0,0
2016,181,33,0,0,0,0,33,0,0,0,0,1,0,1,0,0,0,0,0
2016,430,17,0,0,1,0,17,0,0,1,0,1,0,0,0,0,0,0,0
2016,715,573,3,2,12,1,386,3,2,12,1,10,0,22,0,0,0,0,0
2016,521,52,0,0,3,0,44,0,0,3,0,4,0,0,0,0,0,0,1
2016,524,194,2,1,9,1,194,2,1,9,1,2,0,5,0,0,0,6,2
2016,432,40,0,0,2,0,18,0,0,2,0,1,0,0,0,0,0,0,0
2016,19,24,3,1,2,0,24,3,1,2,0,0,0,0,0,0,0,0,0
2016,25,48,0,0,0,0,47,0,0,0,0,0,0,0,0,0,0,0,0
2016,26,84,0,0,0,0,67,0,0,0,0,0,0,0,0,0,0,0,0
2016,890,606,18,2,17,1,577,18,2,17,1,21,4,48,20,0,0,14,0
2016,904,123,1,1,3,0,111,1,1,3,0,3,0,2,0,0,0,0,0
2016,957,1273,30,12,36,2,1153,30,12,35,2,17,1,120,20,0,40,35,12
2016,939,933,18,3,26,2,802,18,3,26,2,18,1,19,27,0,0,37,6
2016,236,106,1,1,5,0,99,1,1,5,0,0,0,8,0,0,15,0,0
2016,735,1044,26,6,23,2,810,26,6,20,2,11,2,109,45,0,0,10,2
2016,146,244,0,0,0,0,244,0,0,0,0,1,0,0,0,0,0,0,0
2016,363,157,0,0,6,1,157,0,0,6,1,1,0,3,0,0,0,0,0
2016,187,191,0,0,5,1,191,0,0,5,1,2,0,6,0,0,0,1,1
2016,265,71,0,0,2,0,71,0,0,2,0,5,0,0,0,0,0,0,0
2016,708,215,8,2,6,0,193,8,2,6,0,4,0,31,0,0,20,0,0
2016,755,1291,59,4,54,3,1172,53,4,54,3,24,7,167,20,0,0,97,11
2016,750,862,16,3,25,2,765,16,3,25,2,10,4,44,20,0,0,26,8
2016,696,645,24,2,15,2,556,22,2,15,2,9,7,76,0,0,11,22,5
2016,421,136,0,0,4,0,82,0,0,3,0,3,0,0,0,0,0,0,0
2016,827,184,0,0,0,0,158,0,0,0,0,0,0,0,0,0,0,0,0
2016,933,200,0,0,10,0,176,0,0,9,0,8,0,7,0,0,0,32,2
2016,1030,141,7,5,18,1,141,7,2,10,1,1,0,5,0,0,0,0,0
2016,1003,16,0,0,2,0,16,0,0,2,0,1,0,4,0,0,6,6,2
2016,1050,8,0,0,1,0,8,0,0,1,0,3,0,6,0,0,0,2,1
2016,1043,112,8,5,8,1,104,8,5,8,1,1,0,0,0,0,0,6,0
2016,1128,36,2,2,4,0,36,0,2,4,0,4,0,2,0,0,36,5,3
2016,934,325,5,4,8,0,298,5,4,6,0,7,0,20,0,0,0,16,0
2016,629,332,15,2,12,1,296,15,2,12,1,8,0,15,7,0,7,27,3
2016,21,156,0,0,0,0,149,0,0,0,0,0,0,0,0,45,0,0,0
2016,615,180,2,6,8,0,180,2,6,8,0,0,0,12,0,0,0,0,0
2016,626,51,1,1,5,0,51,1,1,5,0,3,0,0,0,0,0,0,0
2016,417,18,0,0,2,0,15,0,0,2,0,2,0,5,0,0,0,0,0
2016,597,116,2,1,3,0,86,2,1,3,0,3,0,6,0,30,0,6,0
2016,539,333,9,7,10,1,325,9,7,8,1,20,0,68,0,20,22,0,0
2016,343,66,1,1,5,0,66,1,1,5,0,1,0,0,0,0,0,0,0
2016,135,350,0,0,0,0,316,0,0,0,0,0,0,0,0,0,0,0,0
2016,158,727,0,0,0,0,560,0,0,0,0,1,0,0,24,20,0,0,0
2016,775,237,6,6,7,0,149,6,6,7,0,4,0,14,0,0,0,4,0
2016,177,240,0,0,0,0,231,0,0,0,0,1,0,0,0,40,0,0,0
2016,578,38,2,1,3,0,38,2,1,3,0,2,0,0,0,0,0,0,0
2016,416,136,0,0,2,0,136,0,0,2,0,5,0,0,0,20,0,0,0
2016,561,103,2,1,4,0,103,2,1,4,0,4,0,21,0,10,0,6,1
2016,62,46,0,0,0,0,46,0,0,0,0,0,0,0,0,24,0,0,0
2016,828,85,0,0,0,0,85,0,0,0,0,0,0,0,0,25,0,0,0
2016,860,90,2,1,3,0,78,2,1,3,0,2,0,0,0,0,0,8,1
2016,935,60,0,0,0,0,60,0,0,0,0,0,0,0,0,20,0,0,0
2016,1051,140,0,0,0,0,137,0,0,0,0,0,0,0,0,0,0,0,0
2016,1083,26,0,0,0,0,26,0,0,0,0,0,0,0,0,0,0,0,0
2016,1096,75,0,0,0,0,75,0,0,0,0,1,0,0,0,0,0,0,0
2016,679,844,19,1,18,1,771,18,1,18,1,22,0,46,15,12,0,0,0
2016,176,75,0,0,5,0,75,0,0,5,0,1,0,0,0,0,0,0,0
2016,537,69,0,0,6,0,60,0,0,5,0,2,0,6,0,0,3,1,2
2016,608,140,8,2,6,0,140,8,2,5,0,7,0,19,0,0,0,4,0
2016,596,140,5,1,5,0,132,3,1,4,0,5,0,10,0,0,0,0,0
2016,749,891,0,0,46,3,820,0,0,39,3,33,6,50,15,0,23,0,0
2016,758,1268,50,5,38,3,1181,41,5,38,3,12,8,60,40,0,45,30,6
2016,1104,860,20,2,24,3,723,16,2,24,3,12,7,81,55,14,15,18,8
2016,436,98,0,0,0,0,86,0,0,0,0,2,4,2,0,0,0,0,0
2016,567,192,0,0,11,0,85,0,0,8,0,2,0,0,50,0,0,30,3
2016,677,564,0,0,14,1,408,0,0,11,1,6,2,64,10,0,18,0,0
2016,670,180,2,0,6,0,150,2,0,6,0,3,0,12,15,0,10,0,0
2016,588,154,0,0,9,0,130,0,0,7,0,2,0,15,0,18,8,0,0
2016,753,1525,66,9,44,4,1182,50,9,32,4,14,3,96,24,0,,55,9
2016,887,320,0,0,0,0,312,0,0,0,0,1,0,0,0,0,0,0,0
2016,245,178,5,2,10,1,178,5,2,10,1,4,0,0,0,0,0,0,0
2016,603,177,6,2,8,1,159,6,2,8,1,3,0,5,0,0,8,4,1
2016,426,80,0,0,3,0,80,0,0,3,0,4,0,0,0,0,0,0,0
2016,232,84,12,2,5,0,79,12,2,5,0,1,0,0,0,0,5,5,2
2016,288,161,0,0,7,0,161,0,0,7,0,5,0,9,0,0,0,9,2
2016,246,70,6,2,9,0,76,6,2,9,0,2,0,0,0,0,0,0,0
2016,284,138,12,1,10,1,138,8,1,10,1,4,0,0,0,0,0,0,0
2016,18,81,0,0,0,0,78,0,0,0,0,0,0,0,0,0,0,0,0
2016,356,96,0,0,0,0,96,0,0,0,0,0,0,0,60,0,0,0,0
2016,401,246,0,0,0,0,246,0,0,0,0,1,0,1,0,0,0,0,0
2016,733,659,15,5,18,1,562,10,5,18,1,5,4,26,4,0,7,0,3
2016,243,76,0,0,4,0,76,0,0,4,0,2,0,0,0,0,6,0,0
2016,380,250,0,0,0,0,222,0,0,0,0,1,0,0,0,0,0,0,0
2016,716,82,0,0,9,1,82,0,0,9,1,2,0,10,0,0,0,8,0
2016,534,100,0,0,7,1,100,0,0,7,1,4,0,7,0,0,0,0,0
2016,185,92,0,0,11,1,68,0,0,11,1,2,0,0,0,0,8,0,0
2016,258,175,0,0,10,1,149,0,0,10,1,3,0,9,1,0,4,4,3
2016,505,30,0,0,3,0,30,0,0,3,0,1,0,5,0,0,4,4,3
2016,268,140,0,0,10,1,100,0,0,10,1,2,0,8,0,0,10,0,0
2016,602,157,8,2,10,1,151,8,2,10,1,2,0,3,0,0,4,0,0
2016,254,172,7,9,10,1,172,7,9,10,1,2,0,16,0,0,5,0,0
2016,705,116,14,3,7,1,116,14,3,7,1,3,0,7,0,0,3,0,0
2016,133,60,10,2,3,0,48,8,2,3,0,1,0,0,0,0,0,0,0
2016,33,96,0,0,0,0,96,0,0,0,0,0,0,0,20,0,0,0,0
2016,143,67,0,0,0,0,67,0,0,0,0,0,0,0,3,0,0,0,0
2016,36,139,0,0,0,0,139,0,0,0,0,0,0,0,20,0,0,0,0
2016,756,474,4,4,16,2,379,3,4,16,2,4,0,20,0,0,0,0,0
2016,662,507,10,3,15,1,417,10,3,13,1,6,4,23,30,0,18,0,0
2016,192,192,0,0,0,0,192,0,0,0,0,1,0,0,0,0,0,0,0
2016,382,322,0,0,0,0,322,0,0,0,0,1,0,0,0,0,0,0,0
2016,322,339,0,0,0,0,339,0,0,0,0,1,0,0,0,0,0,0,0
2016,478,133,0,0,5,0,133,0,0,5,0,4,0,0,0,0,0,0,0
2016,352,144,0,0,0,0,129,0,0,0,0,1,0,0,0,0,0,0,0
2016,628,386,7,2,13,1,351,7,2,12,1,10,5,40,0,0,0,0,0
2016,291,178,0,0,0,0,191,0,0,0,0,0,0,0,141,0,0,0,0
2016,495,122,0,0,6,0,88,0,0,6,0,3,0,0,0,0,0,6,0
2016,845,332,16,2,12,0,287,10,2,10,0,10,4,12,30,0,0,0,0
2016,498,91,3,1,5,0,73,3,1,4,0,2,0,3,0,0,6,0,0
2016,314,202,0,0,0,0,175,0,0,0,0,1,0,0,0,0,0,0,0
2016,720,99,0,0,5,0,92,0,0,5,0,3,0,5,0,0,5,0,0
2016,721,510,14,2,18,1,403,14,2,15,1,13,3,25,30,15,13,0,0
2016,485,19,0,0,3,0,19,0,0,3,0,0,0,5,1,0,0,4,3
2016,273,235,3,1,14,1,200,2,1,14,1,2,0,13,0,0,14,8,0
2016,846,400,10,2,15,1,346,9,2,15,1,11,0,34,3,0,21,0,0
2016,847,85,0,0,9,0,80,0,0,9,0,3,0,0,0,0,0,23,3
2016,848,170,20,3,8,2,160,18,3,8,2,7,0,11,0,0,5,0,0
2016,916,99,0,0,4,0,82,0,0,3,0,2,0,16,0,0,6,0,0
2016,930,91,3,3,5,1,80,3,2,4,1,1,0,8,0,0,0,7,0
2016,954,406,14,3,11,0,306,14,3,10,0,5,2,20,0,0,12,0,0
2016,943,86,0,0,6,0,83,0,0,6,0,3,0,8,0,0,8,0,0
2016,949,1254,80,8,50,3,1153,78,8,45,3,23,8,118,68,8,48,0,0
2016,980,124,14,2,6,1,116,14,2,6,1,3,0,7,0,0,6,0,0
2016,981,53,0,0,5,0,48,0,0,5,0,1,0,1,0,0,12,8,2
2016,1024,224,14,2,16,1,186,9,2,12,1,2,0,26,0,0,0,17,0
2016,1017,43,0,0,0,0,43,0,0,0,0,0,0,10,0,0,0,0,0
2016,1000,198,0,0,12,1,169,0,0,9,1,3,0,34,0,0,7,0,0
2016,1018,152,4,4,8,1,131,2,4,8,1,2,0,17,1,1,0,0,0
2016,1001,82,7,2,10,1,56,5,2,9,1,2,0,0,0,0,0,0,0
2016,1007,271,12,7,12,0,256,10,7,10,0,10,0,18,30,0,0,20,4
2016,1008,228,8,3,7,0,216,8,3,7,0,4,0,23,0,0,0,20,0
2016,1009,269,10,8,13,0,243,10,5,12,0,8,0,50,16,0,21,9,0
2016,1010,132,0,3,5,0,128,8,3,5,0,4,0,13,0,0,0,18,0
2016,1011,98,4,2,5,0,89,4,2,4,0,3,0,9,0,0,18,0,0
2016,1012,188,8,8,9,0,175,6,6,9,0,5,0,24,0,0,0,13,0
2016,1013,613,24,12,21,2,521,24,12,18,2,10,0,62,25,0,42,0,0
2016,1041,160,0,0,0,0,120,0,0,0,0,0,0,0,0,0,0,0,0
2016,1073,250,10,8,10,1,168,7,8,10,1,3,0,20,15,0,12,26,10
2016,1087,364,6,6,12,1,309,4,6,12,1,4,0,56,0,0,0,0,0
2016,1109,181,5,4,9,1,162,4,4,7,1,3,0,30,0,0,0,4,0
2016,1110,164,8,6,8,1,102,8,6,8,1,5,0,7,0,0,2,2,2
2016,1112,20,0,0,3,0,10,0,0,3,0,1,0,4,0,0,0,0,0
2016,789,391,0,0,0,0,391,0,0,0,0,0,0,0,0,0,0,0,0
2016,326,154,0,0,0,0,154,0,0,0,0,0,0,0,3,0,0,0,0
2016,442,104,6,3,7,1,104,6,3,7,1,1,0,1,0,0,0,1,0
2016,294,128,2,1,5,1,128,2,1,5,1,1,0,9,0,0,1,0,0
2016,378,57,2,2,5,0,42,1,2,5,0,1,0,2,0,0,4,0,0
2016,402,99,0,0,7,1,68,0,0,7,1,3,0,0,0,0,0,0,0
2016,29,185,0,0,0,0,174,0,0,0,0,0,0,0,0,0,0,0,0
2016,450,32,0,0,4,0,3,0,0,4,0,1,0,0,0,0,5,0,0
2016,656,172,4,2,6,0,137,4,2,6,0,3,0,20,12,0,0,12,4
2016,333,72,2,1,5,1,72,2,1,5,1,1,0,6,0,0,0,0,0
2016,668,149,5,2,6,0,135,5,2,6,0,5,0,7,0,0,0,8,2
2016,684,193,4,2,7,0,189,4,2,7,0,6,0,14,4,0,7,0,0
2016,422,90,0,0,4,1,46,0,0,3,1,1,0,5,0,0,0,2,1
2016,763,991,66,13,33,2,1002,66,13,32,2,22,2,48,0,0,60,3,3
2016,741,593,8,5,20,2,517,8,5,20,2,19,15,83,8,0,69,0,0
2016,553,398,22,6,11,1,378,22,6,11,1,6,1,28,0,0,0,6,0
2016,357,202,2,1,5,0,80,0,0,5,0,2,0,0,0,0,,12,1
2016,899,70,0,0,0,0,70,0,0,0,0,0,0,0,0,0,0,0,0
2016,900,13,0,0,2,0,12,0,0,2,0,1,0,0,0,0,2,0,0
2016,932,18,0,0,3,0,18,0,0,3,0,1,0,3,0,0,0,0,0
2016,950,6,0,0,1,0,6,0,0,1,0,1,0,0,0,0,0,0,0
2016,966,46,2,1,2,1,25,1,1,2,1,2,0,0,0,0,0,0,1
2016,967,15,0,0,0,0,9,0,0,0,0,0,0,20,0,0,0,0,0
2016,982,131,1,0,6,1,116,0,0,5,1,4,0,11,0,0,4,11,2
2016,1014,19,0,0,3,0,19,0,0,3,0,3,0,1,0,0,0,0,0
2016,1080,105,8,2,7,1,105,8,2,7,1,2,0,8,0,0,0,6,1
2016,1074,12,0,0,2,0,12,0,0,2,0,1,0,1,0,0,0,0,0
2016,1084,8,0,0,3,0,7,0,0,2,0,1,0,2,0,0,0,2,3
2016,1113,20,1,2,3,0,7,1,1,2,0,1,0,4,0,0,6,1,3
2016,722,901,78,12,29,3,901,74,12,26,3,10,3,69,0,0,14,11,2
2016,660,339,0,0,12,0,313,0,0,9,0,5,0,10,0,0,21,0,0
2016,75,96,0,0,0,0,96,0,0,0,0,0,0,0,40,0,0,0,0
2016,249,131,3,2,7,1,131,3,2,7,1,3,0,1,0,0,7,0,0
2016,275,94,0,0,0,0,94,0,0,0,0,0,0,0,0,0,0,0,0
2016,227,123,6,4,10,1,120,6,4,10,1,2,0,13,0,0,0,0,2
2016,150,76,0,0,4,0,76,0,0,4,0,2,0,0,0,0,4,0,0
2016,47,50,0,0,0,0,50,0,0,0,0,0,0,0,0,0,0,0,0
2016,172,142,0,0,6,0,142,0,0,6,0,1,0,6,0,0,6,0,1
2016,581,105,3,2,4,0,103,3,2,4,0,4,0,1,0,0,1,0,0
2016,120,39,0,0,1,0,39,0,0,1,0,1,0,0,0,0,0,1,1
2016,445,162,0,0,2,0,140,0,0,2,0,0,0,0,0,0,0,0,0
2016,471,309,0,0,7,0,281,0,0,7,0,2,0,0,0,0,0,0,0
2016,53,80,0,0,0,0,80,0,0,0,0,0,0,0,0,0,0,0,0
2016,199,175,0,0,3,0,175,0,0,3,0,1,0,0,0,0,4,0,0
2016,575,183,6,7,10,0,183,6,7,10,0,4,0,9,0,0,9,0,0
2016,528,96,6,3,5,0,96,6,3,4,0,3,1,2,0,0,5,0,0
2016,631,287,7,2,5,0,250,7,2,3,0,4,2,12,0,0,6,0,1
2016,699,394,0,0,10,0,369,0,0,10,0,9,2,36,0,0,37,0,0
2016,823,30,0,0,3,0,30,0,0,3,0,2,0,0,0,0,3,0,0
2016,849,142,0,0,5,0,85,0,0,5,0,3,0,0,0,0,6,0,0
2016,869,100,0,0,4,0,90,0,0,4,0,3,0,0,0,0,0,0,0
2016,955,50,0,0,0,0,50,0,0,0,0,0,0,0,0,0,0,0,0
2016,983,222,0,0,0,0,222,0,0,0,0,0,0,0,0,0,0,0,0
2016,1002,60,0,0,0,0,60,0,0,0,0,0,0,0,0,0,0,0,0
2016,1015,646,14,8,25,2,576,14,8,25,2,22,0,69,0,0,43,0,0
2016,51,28,0,0,0,0,28,0,0,0,0,0,0,0,32,0,0,0,0
2016,441,190,0,0,7,0,190,0,0,7,0,3,0,0,0,0,0,0,0
2016,327,226,0,0,0,0,224,0,0,0,0,0,0,0,40,20,0,0,0
2016,690,241,4,2,17,1,220,4,2,15,1,3,0,24,0,0,2,0,0
2016,262,72,2,2,7,0,72,2,2,7,0,2,0,4,0,0,0,6,0
2016,403,5,0,0,2,0,5,0,0,2,0,1,0,0,0,0,0,0,0
2016,312,148,0,0,0,0,148,0,0,0,0,0,0,0,15,0,0,0,0
2016,589,91,2,1,4,0,86,2,1,4,0,6,0,6,0,0,6,0,0
2016,665,190,3,2,5,0,172,3,2,5,0,4,0,1,0,0,0,0,0
2016,334,21,0,0,0,0,21,0,0,0,0,0,0,1,1,1,0,0,0
2016,1075,1097,28,3,33,1,959,28,3,33,1,21,0,76,139,0,0,23,0
2016,751,855,13,2,22,1,835,13,2,20,1,10,3,78,20,0,0,23,4
2016,186,43,1,0,3,1,43,1,0,3,1,3,0,0,0,0,0,0,0
2016,646,100,2,1,2,0,100,2,1,2,0,3,0,10,0,0,2,1,2
2016,536,79,1,1,3,0,79,1,1,3,0,5,0,8,0,0,3,1,1
2016,242,49,2,1,2,0,49,1,1,2,0,2,0,0,0,0,0,0,0
2016,490,194,0,0,4,0,173,0,0,3,0,1,0,3,0,15,14,0,0
2016,500,105,3,2,6,1,105,2,2,6,1,4,0,8,0,0,7,0,0
2016,206,48,0,0,3,0,48,0,0,3,0,1,0,0,0,0,0,0,0
2016,58,36,0,0,0,0,27,0,0,0,0,0,0,0,5,0,0,0,0
2016,572,436,12,4,11,0,368,12,4,9,0,10,0,17,50,0,12,0,0
2016,180,92,0,0,2,0,82,0,0,2,0,1,0,0,0,0,0,0,0
2016,549,103,3,2,3,0,103,3,2,3,0,6,0,6,0,0,0,0,0
2016,582,105,3,1,3,0,101,3,1,3,0,3,0,4,0,0,2,0,0
2016,743,457,15,2,14,1,433,15,2,13,1,7,3,41,0,0,20,0,0
2016,795,120,0,0,5,0,110,0,0,5,0,1,0,0,0,0,7,8,0
2016,269,24,0,0,3,0,24,0,0,3,0,1,0,0,0,0,0,0,0
2016,634,261,0,0,6,0,195,0,0,6,0,3,0,6,0,0,0,0,0
2016,1,66,2,1,4,0,45,2,1,4,0,1,0,2,0,0,0,0,0
2016,717,214,8,2,5,0,201,8,2,4,0,4,0,7,15,0,8,0,0
2016,373,140,0,0,0,0,138,0,0,0,0,1,0,0,0,0,0,0,0
2016,535,176,3,3,7,0,146,3,3,5,0,7,0,9,20,0,0,14,0
2016,824,989,32,6,33,2,953,32,6,27,2,43,8,113,12,0,46,1,1
2016,888,90,2,1,3,0,90,2,1,3,0,2,0,0,0,0,0,0,0
2016,902,19,0,0,0,0,19,0,0,0,0,1,0,0,0,0,0,0,0
2016,968,42,0,0,0,0,42,0,0,0,0,0,0,0,0,0,0,0,0
2016,346,206,0,0,0,0,206,0,0,0,0,0,0,0,0,0,0,0,0
2016,27,97,0,0,0,0,97,0,0,0,0,0,0,0,0,0,0,0,0
2016,165,44,1,1,2,0,44,1,1,2,0,1,0,2,0,0,1,2,2
2016,956,495,12,2,12,0,463,12,2,9,0,10,0,16,12,0,0,19,0
2016,413,53,0,0,0,0,53,0,0,0,0,0,0,0,0,0,0,0,0
2016,149,69,0,0,3,0,66,0,0,3,0,1,0,0,0,0,16,,0
2016,612,154,7,3,7,1,154,7,3,7,1,9,0,6,0,0,0,0,0
2016,559,116,0,0,4,0,79,0,0,3,0,1,0,0,0,0,1,0,0
2016,7,134,0,0,5,0,125,0,0,5,0,1,0,0,0,0,0,0,0
2016,283,162,0,0,8,1,162,0,0,8,1,6,0,6,0,0,0,0,0
2016,37,71,0,0,0,0,64,0,0,0,0,0,0,0,0,0,0,0,0
2016,153,195,0,0,8,1,161,0,0,8,1,8,0,0,0,0,0,0,0
2016,295,88,0,0,5,0,46,0,0,5,0,2,0,6,0,0,0,0,0
2016,496,256,4,2,5,1,164,2,2,4,1,3,0,0,0,0,0,0,0
2016,77,99,0,0,0,0,99,0,0,0,0,0,0,0,0,0,0,0,0
2016,391,31,0,0,2,0,31,0,0,2,0,1,0,0,0,0,0,0,0
2016,240,195,2,1,4,0,195,2,1,4,0,2,0,0,0,0,0,0,0
2016,448,40,2,1,2,0,40,2,1,2,0,1,0,3,0,0,2,0,0
2016,151,144,0,0,0,0,144,0,0,0,0,1,0,0,0,0,0,0,0
2016,425,32,3,1,2,0,28,3,1,2,0,1,0,0,0,0,0,0,0
2016,300,67,0,0,2,0,67,0,0,2,0,2,0,0,0,0,0,0,0
2016,339,104,1,1,5,1,48,1,1,5,1,3,0,0,0,0,0,0,0
2016,874,198,3,2,5,0,198,3,2,5,0,6,1,3,0,0,0,0,0
2016,905,832,18,4,21,3,784,18,4,19,3,7,6,45,0,0,0,25,7
2016,736,910,24,10,32,2,908,23,7,32,2,14,0,39,72,0,49,0,0
2016,459,30,0,0,2,0,30,0,0,2,0,1,0,0,0,0,0,0,0
2016,320,125,0,0,4,0,116,0,0,4,0,1,0,0,0,1,0,6,4
2016,45,403,0,0,0,0,403,0,0,0,0,0,0,0,140,57,0,0,0
2016,618,132,2,1,5,0,115,2,1,5,0,5,1,12,0,0,20,0,0
2016,463,301,0,2,10,0,250,0,0,7,0,6,3,39,15,0,22,0,0
2016,891,105,2,3,7,0,92,2,3,7,0,3,0,0,0,0,0,0,0
2016,958,375,10,2,10,0,314,10,2,9,0,10,0,30,0,10,18,0,0
2016,244,48,1,1,2,0,48,1,1,2,0,2,0,4,0,0,0,0,0
2016,28,56,0,0,0,0,52,0,0,0,0,0,0,0,0,0,0,0,0
2016,444,27,0,0,5,0,27,0,0,5,0,1,0,2,0,0,0,0,0
2016,479,63,0,0,2,0,63,0,0,0,0,1,0,0,0,0,0,36,2
2016,285,91,5,1,5,1,91,1,1,5,1,2,0,7,0,0,0,0,0
2016,253,140,12,5,10,1,140,8,5,10,1,6,0,0,0,0,2,18,3
2016,481,70,3,3,6,1,50,2,2,5,1,3,0,0,0,0,0,0,4
2016,540,121,5,3,8,1,120,5,3,8,1,5,0,0,0,0,0,0,0
2016,332,10,0,0,2,0,10,0,0,2,0,0,0,0,0,0,0,0,0
2016,41,60,0,0,0,0,54,0,0,0,0,0,0,0,0,0,0,0,0
2016,510,93,0,0,5,0,42,0,0,5,0,4,0,1,1,0,1,1,1
2016,305,12,0,0,2,0,12,0,0,0,0,1,0,2,0,0,0,0,0
2016,936,35,0,0,0,0,35,0,0,0,0,0,0,0,0,0,0,0,0
2016,986,45,0,0,0,0,45,0,0,0,0,0,0,0,40,0,0,0,0
2016,987,120,1,1,4,0,120,1,1,4,0,6,0,8,0,0,0,0,0
2016,1021,30,0,0,0,0,30,0,0,0,0,0,0,0,0,0,0,0,0
2016,1085,70,0,0,0,0,70,0,0,0,0,0,0,0,0,0,0,0,0
2016,658,215,4,2,5,0,204,4,2,5,0,4,0,12,0,0,0,7,0
2016,353,50,0,0,0,0,38,0,0,0,0,1,0,0,0,15,0,0,0
2016,323,150,0,0,0,0,150,0,0,0,0,0,0,0,20,0,0,0,0
2016,620,125,4,2,3,0,125,4,2,3,0,3,0,10,0,0,0,0,0
2016,384,210,0,0,1,0,185,0,0,1,0,4,0,3,0,0,0,0,0
2016,554,310,12,2,10,0,252,9,2,10,0,9,0,16,15,0,0,0,0
2016,209,15,0,0,2,0,15,0,0,2,0,2,0,0,0,0,0,0,0
2016,707,953,39,3,29,2,859,39,3,23,2,7,7,37,20,12,0,0,0
2016,395,10,0,0,1,0,10,0,0,1,0,1,0,0,0,0,0,1,1
2016,969,118,0,0,4,0,48,0,0,4,0,2,0,5,0,0,0,0,0
2016,1052,30,0,0,0,0,30,0,0,0,0,0,0,0,0,0,0,0,0
2016,739,1050,54,8,40,3,962,54,8,40,3,46,4,79,30,0,0,56,0
2016,613,517,6,2,19,1,463,6,2,19,1,6,4,26,0,0,0,16,4
2016,593,280,0,0,10,0,278,0,0,10,0,6,1,18,0,0,19,0,0
2016,704,582,22,3,16,2,546,22,3,16,2,9,4,41,0,0,24,0,0
2016,493,33,0,0,6,0,33,0,0,6,0,2,0,0,0,0,0,30,0
2016,686,501,8,1,27,2,468,6,1,25,2,5,0,50,0,0,30,23,6
2016,257,192,18,3,12,1,163,18,3,12,1,2,0,0,0,0,0,0,0
2016,494,46,0,0,5,0,46,0,0,3,0,1,0,0,0,0,0,0,0
2016,681,140,0,0,8,0,115,0,0,8,0,2,0,37,0,0,0,0,0
2016,286,98,10,2,11,1,90,4,2,10,1,3,0,0,0,0,0,0,0
2016,255,79,12,1,7,1,79,12,1,7,1,3,0,9,0,0,11,3,0
2016,79,40,0,0,0,0,35,0,0,0,0,0,0,0,0,0,0,0,0
2016,81,76,0,0,0,0,75,0,0,0,0,0,0,0,0,0,0,0,0
2016,688,315,6,2,8,0,287,6,2,8,0,5,0,18,0,0,12,16,0
2016,531,241,7,2,8,0,227,7,2,8,0,6,2,23,0,0,0,8,0
2016,514,56,0,1,3,0,38,0,1,3,0,3,0,2,0,0,0,14,0
2016,499,230,0,0,8,0,105,0,0,7,0,3,0,0,0,0,0,0,0
2016,532,252,4,2,11,0,242,4,2,11,0,7,1,17,0,0,15,0,0
2016,190,183,0,0,0,0,141,0,0,0,0,3,0,0,0,0,0,0,0
2016,598,113,3,1,3,0,83,3,1,3,0,5,0,8,0,0,0,6,0
2016,260,300,10,6,20,1,200,8,6,20,1,5,0,0,0,0,0,0,0
2016,838,11,0,0,1,0,11,0,0,1,0,1,0,0,0,0,0,0,0
2016,839,96,2,1,4,0,31,0,0,4,0,1,0,16,0,0,0,0,0
2016,851,7,0,0,2,0,7,0,0,2,0,0,0,0,0,0,2,0,0
2016,852,301,4,5,14,1,301,4,5,14,1,3,5,16,1,0,0,30,3
2016,988,125,0,0,0,0,125,0,0,0,0,1,0,12,20,0,0,0,0
2016,1056,348,7,2,12,1,252,7,2,12,1,4,4,24,0,0,5,0,0
2016,1044,57,0,0,0,0,23,0,0,0,0,0,0,0,0,0,0,0,0
2016,1114,96,0,0,6,0,96,0,0,5,0,3,1,6,0,0,6,0,0
2016,644,646,17,6,19,0,590,17,6,19,0,9,2,26,45,0,23,0,2
2016,752,777,8,2,17,2,669,8,2,17,2,16,8,34,30,0,0,0,0
2016,238,75,0,0,10,0,75,0,0,10,0,3,0,5,0,0,18,0,10
2016,325,242,0,0,0,0,242,0,0,0,0,0,0,0,5,0,0,0,0
2016,622,119,3,2,4,0,102,3,2,3,0,2,0,2,0,0,0,0,0
2016,879,92,0,0,4,0,92,0,0,4,0,1,0,0,0,0,0,0,0
2016,906,95,5,1,4,1,95,5,1,4,1,1,0,7,0,0,0,0,0
2016,370,245,0,0,0,0,185,0,0,0,0,2,0,0,0,4,0,0,0
2016,418,44,0,0,3,0,44,0,0,3,0,2,0,0,0,0,0,0,0
2016,574,23,0,0,2,0,23,0,0,2,0,2,0,0,0,0,0,0,0
2016,399,70,0,0,5,0,70,0,0,5,0,1,0,2,0,0,2,2,1
2016,195,40,0,0,3,0,38,0,0,3,0,1,0,0,0,0,0,0,0
2016,783,683,15,5,18,1,663,15,5,17,1,10,20,49,4,0,36,10,2
2016,263,74,0,0,6,0,67,0,0,6,0,1,0,11,0,0,0,10,0
2016,194,48,0,0,3,0,30,0,0,2,0,1,0,0,0,0,0,0,0
2016,214,30,0,0,3,0,21,0,0,3,0,1,0,0,0,0,0,0,0
2016,785,912,24,8,33,2,865,24,8,28,2,11,14,105,12,0,21,0,0
2016,780,112,0,0,6,0,98,0,0,6,0,2,5,23,0,0,15,0,1
2016,782,394,0,0,17,1,364,0,0,17,1,8,5,32,10,0,38,0,0
2016,369,179,0,0,0,0,127,0,0,0,0,1,0,0,0,0,0,0,0
2016,713,100,0,0,5,0,94,0,0,5,0,4,0,0,0,0,0,11,0
2016,941,24,0,0,0,0,24,0,0,0,0,0,0,0,3,0,0,0,0
2016,1091,368,0,0,0,0,371,0,0,0,0,0,0,0,441,0,0,0,0
2016,1045,110,3,2,7,1,65,3,1,4,1,2,0,1,0,0,9,0,0
2016,1086,171,4,2,12,1,120,2,2,10,1,3,0,11,0,0,18,0,0
2016,937,600,4,4,15,0,427,4,4,15,0,13,0,24,11,0,0,34,0
2016,1004,44,3,1,3,0,44,3,1,3,0,0,0,1,0,0,0,0,0
2016,737,808,7,3,18,1,758,7,3,17,1,8,4,16,15,0,17,0,0
2016,765,1235,27,3,36,2,1148,27,3,36,2,24,4,68,0,0,0,0,5
2016,329,260,0,0,7,0,234,0,0,6,0,3,5,6,0,0,19,0,0
2016,87,172,0,0,0,0,170,0,0,0,0,0,0,0,0,0,0,0,0
2016,527,151,0,0,8,0,139,0,0,6,0,2,0,0,0,18,0,21,0
2016,562,112,0,0,7,1,107,0,0,7,1,3,0,0,0,0,0,0,0
2016,251,90,2,3,7,1,90,2,3,7,1,3,0,0,0,0,0,0,0
2016,129,275,0,0,0,0,275,0,0,0,0,0,0,0,0,0,0,0,0
2016,154,184,0,0,0,0,184,0,0,0,0,1,0,0,0,25,0,0,0
2016,516,113,4,1,8,1,113,4,1,8,1,2,0,7,0,0,0,0,0
2016,184,32,0,0,4,0,32,0,0,4,0,1,0,0,0,0,0,0,0
2016,652,200,0,0,5,0,116,0,0,5,0,3,0,6,0,0,0,6,1
2016,637,122,4,2,5,0,115,4,2,2,0,5,0,12,0,0,0,6,0
2016,88,43,0,0,0,0,43,0,0,0,0,0,0,0,0,0,0,0,0
2016,907,39,0,0,0,0,39,0,0,0,0,0,0,0,0,0,0,0,0
2016,970,50,0,0,0,0,50,0,0,0,0,0,0,0,50,0,0,0,0
2016,1019,32,0,0,2,0,17,0,0,2,0,1,0,0,0,0,0,0,0
2016,1016,68,2,2,5,1,68,2,2,5,1,1,0,0,0,0,0,0,0
2016,1047,252,10,3,7,0,178,10,3,6,0,3,0,27,0,0,0,20,0
2016,635,168,12,2,4,0,161,12,2,4,0,5,0,4,2,0,0,0,0
