año,NCODI,anatomia_centro,diagnostico_centro,dialisis_centro,esterilizacion_centro,laboratorio_centro,rehabilitacion_centro,otras_Asistenciales_centro,anatomia_fuera,diagnostico_fuera,dialisis_fuera,esterilizacion_fuera,laboratorio_fuera,rehabilitacion_fuera,otras_Asistenciales_fuera,cocina_centro,lavanderia_centro,limpieza_centro,mantenimiento_centro,seguridad_centro,otros_NoAsistenciales_centro,cocina_fuera,lavanderia_fuera,otros_NoAsistenciales_fuera,oxigenoterapia_centro,oxigenoterapia_fuera,transporte_centro
2016,1054,1,0,0,0,1,0,0,0,0,0,0,0,0,0,1,1,1,1,1,0,0,0,0,1,0,1
2016,1057,0,0,0,0,0,0,0,0,0,0,0,0,0,0,1,0,1,1,1,0,0,1,0,0,0,0
2016,1031,0,0,0,0,0,0,0,0,0,0,0,0,0,0,0,0,0,0,0,0,0,0,0,0,0,0
2016,1032,0,0,0,0,1,0,0,0,0,0,0,0,0,0,1,0,1,1,1,1,0,1,0,0,0,0
2016,1064,1,0,0,0,0,0,0,0,0,0,0,0,0,0,1,0,0,0,0,0,0,1,0,0,0,0
2016,226,1,1,1,1,1,1,0,0,0,0,0,1,0,0,1,0,1,1,1,1,0,0,0,0,0,0
2016,687,0,0,0,0,0,0,0,0,1,0,0,1,0,0,1,0,1,1,1,0,0,1,0,0,0,0
2016,745,0,0,0,0,0,0,0,0,1,1,0,1,1,1,0,0,1,1,1,1,0,1,0,0,1,1
2016,109,0,0,0,0,1,0,0,1,0,0,0,0,0,0,0,0,0,1,1,0,0,1,0,0,0,0
2016,808,0,0,0,0,0,0,0,1,1,0,0,1,0,0,1,0,1,1,1,0,0,1,0,0,1,1
2016,971,0,0,0,0,0,0,0,1,1,0,0,1,0,1,1,0,1,1,1,0,0,1,0,0,1,1
2016,128,1,1,0,0,0,0,0,0,0,0,0,0,0,0,0,0,0,0,0,0,0,0,0,0,0,0
2016,919,0,0,0,0,0,0,0,0,1,1,0,1,0,1,1,0,1,1,1,0,0,0,0,0,1,0
2016,725,0,0,0,0,0,0,0,0,1,1,0,1,0,0,0,0,1,1,1,0,0,0,1,0,1,0
2016,3,0,0,0,0,0,1,0,0,0,0,0,1,1,0,0,0,1,1,0,0,1,1,0,1,0,0
2016,306,0,0,0,0,0,0,0,0,0,0,0,0,0,0,0,0,0,0,0,0,0,0,0,0,0,0
2016,15,0,0,0,0,1,0,0,1,0,0,0,1,0,0,0,0,0,0,0,0,0,1,0,0,0,0
2016,264,1,1,0,0,1,1,0,1,0,0,0,0,0,0,1,0,1,1,0,0,0,1,0,0,0,0
2016,867,0,1,0,1,1,1,0,1,0,0,0,0,0,0,1,1,1,1,0,0,0,0,0,0,0,0
2016,910,0,0,0,0,0,0,0,0,0,0,0,0,0,0,1,0,1,1,1,0,0,1,0,1,0,0
2016,1053,0,0,0,0,0,0,0,0,0,1,0,0,0,0,0,0,1,0,1,0,1,1,0,0,0,0
2016,1055,0,0,0,0,0,0,0,0,1,1,0,1,0,1,1,0,1,1,1,0,0,1,0,0,1,0
2016,1081,0,0,0,0,0,0,0,0,0,0,0,1,0,0,0,0,0,1,0,1,0,0,0,1,0,0
2016,1099,0,1,0,1,1,1,0,1,0,0,0,0,0,0,0,0,1,1,0,0,1,1,0,0,0,0
2016,529,0,0,0,0,0,0,0,0,0,0,0,1,0,0,0,0,1,0,1,0,1,1,0,0,0,0
2016,345,0,0,0,0,0,0,0,0,0,0,0,0,0,0,0,0,1,0,1,0,1,1,0,0,0,0
2016,515,0,0,0,0,0,0,0,1,0,0,0,1,0,0,0,0,1,1,1,0,0,1,0,0,0,1
2016,174,0,1,0,1,0,1,0,1,1,0,0,1,0,0,1,0,1,1,0,0,0,1,0,0,1,0
2016,523,0,1,0,1,1,0,0,1,0,0,0,1,0,0,0,0,1,1,1,0,1,1,0,0,0,0
2016,697,1,0,0,0,0,0,0,0,0,0,0,0,0,0,0,0,0,0,1,0,0,0,0,0,0,0
2016,239,1,1,0,1,1,0,1,0,0,1,0,0,1,0,1,1,1,1,1,0,0,0,0,0,0,1
2016,113,0,0,0,0,0,0,0,0,0,0,0,0,0,0,0,0,1,1,0,0,1,1,0,0,0,0
2016,619,1,1,0,0,0,0,0,0,1,0,0,0,1,0,1,0,0,0,0,1,0,1,0,0,0,0
2016,163,0,1,0,1,0,1,0,1,0,0,0,1,0,0,1,0,1,1,1,0,0,1,0,0,0,0
2016,131,0,0,0,1,0,1,1,0,0,0,0,1,0,0,1,1,1,1,0,1,0,0,0,0,0,0
2016,375,0,1,0,1,1,1,0,1,0,1,0,0,0,0,1,1,1,1,0,0,0,0,1,0,0,0
2016,1090,1,1,1,1,1,1,0,0,0,0,0,1,0,1,1,0,1,1,0,0,0,1,1,0,0,0
2016,764,0,0,0,0,0,0,0,0,1,1,0,1,1,1,1,0,1,1,1,1,0,0,1,0,1,1
2016,14,1,1,0,0,1,0,0,0,0,0,0,0,0,0,1,0,1,1,1,0,0,0,0,0,0,0
2016,657,0,0,0,0,0,0,0,0,1,0,0,1,0,0,1,0,1,0,1,0,0,1,0,0,0,0
2016,362,0,1,0,1,1,1,0,1,0,0,0,1,0,1,1,1,1,1,0,0,0,0,0,0,0,0
2016,989,0,0,0,0,0,0,1,0,1,0,0,0,0,0,1,0,1,1,1,0,0,1,0,0,0,0
2016,990,0,0,0,0,0,0,0,0,1,0,0,0,0,0,1,1,1,1,1,0,0,0,0,0,0,0
2016,680,0,1,0,0,0,0,0,0,0,1,0,1,1,0,1,0,1,1,1,0,0,1,0,0,1,1
2016,411,0,1,0,0,0,0,1,0,0,0,0,0,0,0,0,0,0,1,1,1,0,0,0,1,0,0
2016,241,1,0,0,0,0,0,0,0,0,0,0,0,0,0,1,0,0,1,0,0,0,1,0,0,0,0
2016,558,0,1,0,0,0,0,0,0,0,0,0,0,0,1,1,0,1,1,1,0,0,1,0,1,0,1
2016,167,0,1,0,1,1,0,0,1,0,0,0,1,0,0,1,0,1,0,0,0,0,1,0,0,0,0
2016,248,1,1,1,1,1,1,0,0,0,0,0,0,0,0,1,0,1,1,0,0,0,1,0,1,0,1
2016,224,0,1,0,1,1,0,0,1,0,0,0,0,0,0,1,0,1,1,0,0,0,1,0,0,0,0
2016,591,0,1,0,0,0,0,1,0,0,1,0,1,1,1,1,0,1,1,1,1,0,1,1,0,1,1
2016,586,0,0,0,0,0,0,0,0,1,0,0,0,0,0,1,0,1,1,1,1,0,1,0,0,0,1
2016,453,0,0,0,0,0,0,0,0,0,0,0,0,0,0,1,0,1,1,1,0,0,1,1,0,0,0
2016,145,0,0,0,0,0,0,0,0,0,0,0,0,0,0,0,0,0,0,0,0,0,0,0,0,0,0
2016,511,0,0,0,0,0,0,0,0,1,0,0,0,0,1,1,0,1,1,1,1,0,1,0,0,1,0
2016,530,0,0,0,0,0,0,0,0,0,1,0,0,0,0,1,0,1,1,1,0,0,1,0,0,1,1
2016,6,1,0,0,0,0,0,0,0,0,0,0,0,0,0,1,0,0,1,0,0,0,1,0,0,0,0
2016,161,0,0,0,0,0,0,0,1,1,1,1,1,1,1,0,1,1,1,1,0,1,0,0,1,0,1
2016,623,0,0,0,0,0,0,0,0,0,1,0,0,1,1,1,0,1,1,1,1,0,1,1,0,1,0
2016,875,0,0,0,0,1,0,0,0,0,0,0,0,0,0,1,1,1,1,1,0,0,0,0,0,0,0
2016,946,1,1,1,1,1,1,0,0,0,0,0,0,0,0,1,0,1,1,0,0,0,1,0,0,0,1
2016,1023,0,0,0,0,1,0,0,0,0,0,0,0,0,0,1,0,1,1,1,1,0,1,0,0,0,0
2016,287,1,0,0,0,0,0,0,0,0,0,0,0,0,0,0,0,0,0,0,0,0,1,0,0,0,0
2016,377,0,0,0,0,0,0,0,0,0,0,0,0,0,0,1,1,1,1,1,1,0,0,0,0,0,0
2016,692,0,0,0,0,0,0,0,0,1,0,0,0,0,0,0,0,1,1,1,0,1,1,0,0,1,0
2016,335,0,0,0,0,0,0,0,0,0,0,0,0,0,0,0,0,1,0,1,0,0,0,0,0,0,0
2016,435,1,1,0,1,1,1,0,0,0,1,0,0,1,0,0,0,1,1,1,0,1,1,0,0,0,0
2016,423,0,1,0,1,1,1,0,1,0,0,0,0,0,0,0,0,1,1,0,0,1,1,0,1,0,0
2016,351,0,1,0,1,1,1,0,1,0,1,0,0,0,0,1,0,1,1,0,0,0,1,0,1,0,1
2016,810,0,1,0,1,1,1,0,1,0,0,0,0,0,0,0,0,1,1,0,0,1,1,0,1,0,0
2016,830,1,1,1,1,1,1,0,0,0,0,0,0,0,0,1,1,1,1,1,0,0,0,0,0,1,0
2016,892,0,0,1,0,0,0,0,0,0,1,0,0,0,0,1,1,1,1,1,0,0,0,0,0,0,0
2016,921,1,1,0,1,1,1,0,0,0,0,0,0,0,0,1,0,1,1,1,0,0,1,0,1,0,0
2016,991,0,0,0,0,0,0,0,0,0,0,0,0,0,0,1,1,1,1,1,0,0,0,0,0,0,0
2016,992,0,0,0,1,0,0,0,0,1,1,0,0,0,1,1,1,1,1,1,1,0,0,1,0,1,1
2016,993,1,0,1,1,1,1,0,0,1,0,0,0,0,1,1,0,1,1,1,1,0,1,0,0,1,1
2016,1070,0,0,0,0,0,0,0,0,1,1,1,0,0,1,1,1,1,1,1,0,0,0,0,0,1,0
2016,1095,0,0,0,0,1,0,0,1,0,0,0,0,0,0,1,0,0,0,0,0,0,1,0,0,0,1
2016,1094,0,1,0,1,0,1,0,1,0,1,0,1,0,0,0,0,1,1,0,0,1,1,0,1,0,1
2016,473,0,1,0,0,1,0,0,0,0,0,0,0,0,0,1,0,1,0,1,0,0,1,0,0,0,0
2016,663,1,0,1,1,1,0,0,0,0,0,0,0,0,0,1,0,1,1,1,0,0,1,0,0,0,0
2016,552,1,0,1,1,1,1,0,0,0,0,0,0,0,0,1,0,1,1,0,0,0,1,0,0,0,0
2016,772,1,1,1,1,1,1,1,0,0,1,0,0,0,0,1,0,1,1,1,0,0,1,0,0,0,0
2016,568,0,1,0,1,0,1,0,1,0,0,0,1,0,0,0,0,1,1,1,0,1,1,0,0,0,0
2016,398,0,0,0,0,1,0,0,0,0,0,0,0,0,0,0,1,1,1,1,0,0,1,0,0,0,0
2016,394,0,0,0,0,0,0,0,1,1,0,0,1,0,0,1,0,1,1,1,0,0,1,0,0,0,0
2016,614,0,0,0,0,0,0,0,1,1,0,0,1,0,0,0,0,1,1,0,0,1,1,0,0,0,0
2016,235,0,0,0,0,0,0,0,0,0,0,0,0,0,0,1,0,1,0,1,0,0,1,0,0,0,0
2016,616,0,1,0,0,1,0,0,0,1,0,0,0,0,0,1,0,0,0,1,0,0,1,0,0,0,0
2016,267,1,1,0,1,1,1,0,0,0,0,0,0,0,0,1,1,1,1,1,0,0,0,0,0,0,0
2016,565,0,0,0,0,1,0,0,1,0,0,0,0,0,0,1,0,0,0,0,0,0,1,0,0,0,0
2016,220,0,1,0,0,1,1,0,0,0,0,0,0,0,0,1,0,1,0,0,0,0,1,0,0,0,0
2016,278,1,1,0,0,1,1,0,0,0,0,0,0,0,0,1,1,0,0,1,0,0,0,0,0,0,0
2016,107,0,0,0,0,0,0,0,0,1,0,0,1,0,0,1,0,0,0,0,0,0,1,0,0,0,0
2016,711,0,0,0,0,0,0,1,0,0,0,0,0,0,0,1,0,1,0,1,0,0,1,0,0,0,0
2016,204,0,0,0,1,0,0,0,0,0,0,0,1,0,0,1,0,1,0,0,0,0,1,0,0,0,0
2016,579,0,1,0,1,1,1,0,1,0,0,0,1,0,0,1,1,1,1,0,1,0,1,0,0,0,0
2016,348,0,1,0,0,1,0,0,1,1,0,0,1,0,0,1,0,1,0,1,1,0,1,0,0,0,0
2016,766,1,1,1,1,1,0,0,0,1,0,0,1,0,0,1,0,1,1,1,0,0,1,0,0,0,0
2016,761,0,0,0,0,0,1,0,0,1,1,1,1,0,0,1,0,1,1,0,1,0,1,0,0,0,0
2016,728,1,1,0,1,1,1,1,0,0,0,1,0,0,0,1,0,1,1,1,1,0,1,1,0,0,0
2016,280,0,1,0,1,1,0,0,1,0,0,0,0,1,0,1,0,1,1,1,0,0,1,0,0,0,0
2016,222,1,1,0,0,1,0,0,0,0,0,0,0,0,0,1,0,0,1,1,0,1,1,0,0,0,0
2016,276,1,1,0,0,1,0,0,0,0,0,0,0,0,0,0,1,1,0,1,0,0,0,0,0,0,0
2016,11,1,1,0,0,1,1,0,0,0,0,0,0,0,0,0,0,0,0,1,0,0,0,0,0,0,0
2016,302,0,1,0,0,1,1,0,1,0,0,0,0,0,0,1,0,1,1,0,0,0,1,0,0,0,0
2016,682,0,1,0,0,1,1,0,0,0,0,0,0,0,0,1,0,1,1,1,1,0,1,0,0,0,0
2016,279,1,1,0,1,1,1,0,0,0,0,0,0,0,0,1,0,1,1,1,0,0,1,0,0,0,0
2016,282,1,1,0,0,1,0,0,0,0,0,0,0,0,0,1,0,1,1,1,0,0,1,0,0,0,0
2016,281,0,0,0,0,0,1,1,1,0,0,0,0,0,0,0,0,0,0,1,1,0,0,0,0,0,0
2016,183,0,1,0,1,0,0,0,1,0,0,0,1,1,0,0,0,1,1,1,0,1,1,0,0,0,0
2016,610,0,0,0,0,0,0,0,0,0,0,0,0,0,0,0,0,0,0,0,0,0,0,0,0,0,0
2016,116,0,0,0,1,0,1,1,0,1,0,0,1,0,0,1,0,1,1,1,1,0,1,0,0,0,0
2016,115,0,1,0,0,0,1,1,0,0,0,0,1,0,0,1,1,1,1,0,1,1,0,0,0,0,0
2016,114,0,0,0,0,0,1,1,0,0,0,1,1,0,0,1,0,1,1,0,1,0,1,0,0,0,0
2016,119,0,0,0,0,0,0,0,0,0,0,0,1,0,0,1,1,1,1,0,0,0,0,0,0,0,0
2016,770,0,1,0,0,0,0,0,0,1,0,0,1,0,1,1,0,1,1,1,1,0,1,0,0,0,0
2016,583,0,0,0,0,1,1,0,1,0,0,0,0,0,0,1,0,1,0,0,0,0,1,0,0,0,0
2016,136,0,0,0,0,0,1,0,1,0,0,0,1,0,0,1,0,1,0,1,0,0,1,0,0,0,0
2016,469,0,1,0,1,1,1,0,1,0,0,0,0,0,0,0,0,1,1,1,0,1,1,0,0,0,0
2016,642,0,0,0,0,1,0,0,0,0,0,0,0,0,0,1,1,1,1,1,0,1,0,0,0,0,0
2016,674,0,0,0,0,0,0,1,0,0,0,0,0,0,0,1,0,1,1,1,1,0,1,0,0,0,0
2016,193,0,0,0,0,0,0,0,0,0,0,0,1,0,0,1,0,1,0,0,0,0,1,0,0,0,0
2016,526,1,1,0,1,1,0,0,0,0,0,0,0,0,0,1,0,1,1,1,0,0,1,0,0,0,0
2016,698,0,1,0,0,0,0,0,0,0,0,0,0,0,0,1,1,1,0,1,0,0,0,0,0,0,0
2016,630,0,0,0,0,1,0,1,0,0,0,0,0,0,0,1,0,1,1,1,0,0,1,0,0,0,0
2016,124,0,0,0,0,0,0,0,0,0,0,0,1,0,0,1,1,1,1,0,0,0,0,0,0,0,0
2016,364,0,0,0,0,0,1,0,1,1,0,1,1,0,0,1,0,1,1,1,0,0,1,1,0,0,0
2016,439,0,0,0,0,0,0,1,1,1,0,0,1,0,0,0,0,1,1,1,0,0,1,1,0,0,0
2016,570,0,0,0,0,0,0,1,1,1,0,0,1,0,0,0,0,1,1,1,0,0,1,1,0,0,0
2016,123,0,0,0,0,0,0,0,0,0,0,0,0,0,0,1,0,0,0,0,0,0,0,0,0,0,0
2016,310,0,0,0,0,0,0,0,0,0,0,0,0,0,1,1,0,1,0,1,0,0,0,0,0,0,0
2016,571,0,0,0,0,0,0,0,1,0,0,1,1,0,0,1,0,1,1,1,0,0,1,1,0,0,0
2016,296,0,1,0,0,0,1,0,1,0,0,0,1,0,0,1,1,1,1,0,0,0,0,0,0,0,0
2016,566,1,1,1,1,1,1,0,0,0,0,0,0,0,0,1,1,1,1,1,0,0,1,0,0,0,0
2016,784,1,1,1,1,1,1,0,0,0,0,1,0,0,0,1,1,1,1,0,0,0,1,1,0,0,0
2016,102,0,0,0,0,0,1,0,0,1,0,0,1,0,0,1,0,1,1,1,0,0,0,0,0,0,0
2016,379,0,0,0,0,0,0,1,0,0,0,0,0,0,0,1,1,1,1,1,0,0,0,0,0,0,0
2016,639,1,1,0,1,0,1,0,0,1,0,0,1,0,0,1,1,1,1,1,0,0,1,0,0,0,0
2016,457,0,0,0,0,1,0,0,1,0,0,0,0,0,0,1,0,1,0,0,0,0,1,0,0,0,0
2016,609,1,1,0,1,1,1,0,0,0,0,0,0,0,0,1,0,1,1,1,0,0,1,0,0,0,0
2016,101,0,0,0,0,0,0,0,0,0,0,0,1,0,0,0,0,0,0,0,0,0,1,1,0,0,0
2016,454,1,0,0,0,1,0,0,0,0,0,0,0,0,0,1,1,1,0,1,0,0,0,0,0,0,0
2016,318,0,0,0,0,0,0,0,1,0,0,0,1,0,0,1,0,1,0,1,0,0,1,0,0,0,0
2016,600,0,1,0,1,1,1,1,1,0,0,0,0,0,0,1,0,1,1,1,0,0,1,0,0,0,0
2016,545,0,0,0,0,1,0,0,0,0,0,0,1,0,0,1,0,0,0,1,0,0,1,0,0,0,0
2016,100,0,0,0,0,0,0,0,0,0,0,0,1,0,0,0,0,0,0,0,0,1,1,0,0,0,0
2016,702,1,1,0,0,1,1,0,0,1,0,1,1,1,0,1,0,1,1,1,0,0,1,0,0,0,0
2016,778,1,1,1,1,1,1,0,0,0,0,0,0,0,0,1,0,1,1,1,1,0,1,0,0,0,0
2016,341,0,1,0,1,0,1,0,1,0,0,0,1,0,0,1,1,1,1,0,0,0,0,0,0,0,0
2016,99,0,0,0,0,0,0,1,1,1,0,0,1,0,0,0,0,1,1,0,0,1,1,0,0,0,0
2016,767,0,1,0,1,1,1,0,1,0,0,0,0,1,0,1,0,1,1,1,0,0,1,0,0,0,0
2016,359,0,0,0,0,0,0,0,1,0,0,0,1,0,0,1,1,1,0,1,0,0,1,0,0,0,0
2016,98,0,0,0,0,0,0,0,0,0,0,0,1,0,0,1,0,0,0,0,0,0,0,0,0,0,0
2016,132,0,0,0,1,0,1,0,0,0,0,0,1,0,0,1,0,1,1,0,0,0,1,0,0,0,0
2016,97,0,0,0,0,0,0,0,0,0,0,0,1,0,0,1,1,1,1,0,0,0,0,0,0,0,0
2016,103,0,0,0,0,1,0,0,1,0,0,0,0,0,0,1,0,1,0,0,0,0,1,0,0,0,0
2016,110,0,0,0,0,0,0,0,0,0,0,0,0,0,0,1,0,0,0,0,0,0,0,0,0,0,0
2016,94,0,0,0,0,0,0,0,0,0,0,0,0,0,0,0,0,0,0,0,1,0,0,0,0,0,0
2016,91,0,0,0,0,0,0,0,0,0,0,0,0,0,0,0,0,0,0,0,0,0,0,0,0,0,0
2016,664,1,1,0,1,1,1,0,0,0,0,0,1,0,0,1,0,1,1,1,0,0,1,0,0,0,0
2016,918,0,1,0,0,0,0,0,0,0,0,0,0,0,0,1,0,1,1,1,0,1,1,1,0,0,0
2016,92,0,0,0,0,0,0,0,0,0,0,1,1,0,0,1,0,0,1,0,0,0,0,0,0,0,0
2016,95,0,1,0,1,1,1,1,0,0,0,0,1,0,0,1,1,1,1,0,0,0,1,0,0,0,0
2016,301,0,1,0,1,0,1,0,1,1,0,1,1,0,0,1,1,1,1,1,0,0,1,0,0,0,0
2016,492,1,1,0,0,1,0,0,0,1,0,0,0,0,0,1,0,1,1,1,1,0,1,0,0,0,0
2016,811,0,1,0,0,0,0,0,1,1,0,1,1,1,0,0,0,0,0,0,0,1,1,1,0,0,0
2016,812,0,1,0,0,0,1,1,1,1,0,1,1,1,1,1,0,1,1,1,0,0,1,0,0,0,0
2016,832,0,0,0,0,0,0,1,0,0,0,0,1,0,0,1,0,0,0,0,0,0,0,0,0,0,0
2016,841,0,0,0,0,0,0,0,0,0,0,0,1,0,0,0,0,0,0,0,0,0,0,0,0,0,0
2016,856,0,0,0,0,0,1,0,0,0,0,1,1,0,1,1,0,0,1,1,0,0,1,0,0,0,0
2016,859,0,0,0,0,0,0,0,0,0,0,0,1,0,0,1,0,1,1,0,0,0,1,0,0,0,0
2016,861,0,0,0,0,0,0,0,0,0,0,0,1,0,0,1,0,1,1,0,0,0,1,1,0,0,0
2016,880,0,0,0,0,0,0,0,0,0,0,0,0,0,0,1,0,1,1,0,0,0,1,0,0,0,0
2016,883,0,0,0,0,0,0,0,0,1,0,0,1,0,0,0,0,1,1,1,0,1,1,0,0,0,0
2016,884,0,0,0,0,0,0,0,0,0,0,0,1,0,0,1,1,1,1,0,0,0,0,0,0,0,0
2016,877,0,0,0,0,0,0,0,0,0,0,0,0,0,0,0,1,1,1,0,0,1,0,0,0,0,0
2016,911,0,0,0,0,0,0,0,0,0,0,0,1,0,0,1,1,1,0,1,0,0,0,0,0,0,0
2016,913,0,0,0,0,0,1,0,0,1,0,0,1,0,0,1,0,1,0,1,0,0,0,0,0,0,0
2016,922,1,1,0,1,1,1,0,0,0,0,0,0,0,0,1,0,1,1,1,1,0,1,0,0,0,0
2016,923,0,0,0,0,0,0,1,0,0,0,0,0,0,0,0,0,1,1,0,0,0,1,0,0,0,0
2016,924,1,1,0,1,1,1,1,0,1,0,0,0,0,0,0,1,1,1,1,0,1,0,0,0,0,0
2016,947,0,0,0,0,0,0,1,0,0,1,0,1,0,0,1,1,1,1,1,1,0,0,0,0,0,0
2016,951,0,0,0,0,0,0,0,0,0,0,0,1,0,0,0,0,0,0,0,1,0,0,0,0,0,0
2016,1103,0,0,0,0,0,0,1,0,0,0,0,0,0,0,1,0,1,1,1,0,0,1,0,0,0,0
2016,972,0,0,0,0,0,1,1,0,0,1,0,1,0,0,1,1,1,1,1,1,0,0,0,0,0,0
2016,973,0,1,0,1,0,0,0,1,0,0,0,1,0,0,1,0,1,1,0,0,0,1,0,0,0,0
2016,974,0,0,0,0,0,1,0,0,1,0,0,1,0,0,1,0,1,1,0,1,0,1,0,0,0,0
2016,975,0,0,0,0,0,1,0,0,0,0,1,1,0,0,0,0,1,1,1,0,1,1,0,0,0,0
2016,960,0,0,0,0,0,0,0,0,1,0,0,1,0,0,1,0,0,1,0,0,0,0,0,0,0,0
2016,1028,0,0,0,1,0,0,0,0,0,0,0,1,0,0,1,1,1,1,0,0,0,0,0,0,0,0
2016,976,0,0,0,0,0,0,0,0,0,0,0,1,0,0,1,0,0,1,1,1,0,0,0,0,0,0
2016,977,0,0,0,0,0,0,0,0,0,0,0,1,0,0,1,1,0,1,1,0,0,1,0,0,0,0
2016,1020,0,0,0,0,0,0,0,0,1,0,0,1,0,0,1,0,1,1,1,0,0,1,0,0,0,0
2016,994,1,0,0,0,1,0,0,0,0,0,0,0,0,0,1,0,1,1,1,0,0,1,0,0,0,0
2016,995,0,0,0,1,0,1,0,1,1,0,0,1,0,0,1,1,1,1,0,1,0,0,1,0,0,0
2016,1060,0,0,0,0,0,0,0,0,0,0,0,1,0,0,0,0,0,0,0,0,1,1,0,0,0,0
2016,1005,0,0,0,0,0,1,0,0,0,0,0,1,0,0,1,0,1,1,0,1,0,0,0,0,0,0
2016,1061,0,0,0,0,0,0,0,0,0,0,0,0,0,0,0,0,0,0,0,0,0,0,0,0,0,0
2016,1006,0,0,0,0,0,0,0,0,1,0,0,1,0,0,0,0,0,0,0,0,1,1,0,0,0,0
2016,1088,0,0,0,1,0,0,1,1,1,0,0,1,1,0,0,1,1,1,1,1,1,0,0,0,0,0
2016,1089,0,1,0,1,1,1,0,1,0,0,0,0,0,0,1,0,1,1,1,0,0,1,0,0,0,0
2016,1076,0,0,0,0,0,0,0,0,1,0,0,1,0,1,1,0,1,1,0,0,0,1,1,0,0,0
2016,1078,0,0,0,0,0,1,1,0,1,0,1,1,0,0,1,0,1,1,0,1,0,1,0,0,0,0
2016,1033,0,1,0,0,1,0,0,0,0,0,0,0,0,0,1,0,1,1,1,0,0,1,0,0,0,0
2016,1037,0,0,0,0,0,1,0,0,1,0,0,1,0,0,1,1,1,1,1,0,0,0,0,0,0,0
2016,1039,0,0,0,0,0,0,0,0,0,0,0,1,0,0,1,0,1,1,0,0,0,1,0,0,0,0
2016,1067,0,1,0,1,1,1,0,0,1,0,0,1,0,0,1,0,1,1,1,1,1,1,1,0,0,0
2016,1065,0,0,0,0,0,0,0,0,0,0,0,0,0,0,0,0,0,1,0,0,0,0,0,0,0,0
2016,1066,0,1,0,0,1,0,0,1,0,0,0,0,0,0,1,0,1,1,1,0,0,1,0,0,0,0
2016,1100,0,0,0,0,0,0,0,0,0,0,0,0,0,0,1,0,1,1,1,0,0,1,0,0,0,0
2016,1105,0,0,0,0,0,1,0,0,0,0,0,1,0,0,1,1,1,1,0,0,0,1,0,0,0,0
2016,1107,0,0,0,1,0,0,0,1,0,0,0,1,0,0,1,0,1,1,1,0,0,1,0,0,0,0
2016,1111,0,0,0,0,0,0,0,0,0,0,0,1,0,0,1,0,1,1,0,0,0,1,0,0,0,0
2016,1121,0,0,0,0,0,0,0,0,0,0,0,1,0,0,0,0,0,0,0,1,0,0,0,0,0,0
2016,207,1,1,0,0,1,0,0,0,0,0,0,0,0,0,0,0,0,0,0,0,0,1,0,0,0,0
2016,431,0,0,0,0,1,0,0,1,0,0,0,0,0,0,1,0,1,0,0,0,0,1,0,0,0,0
2016,387,0,0,0,0,0,0,0,0,0,0,0,0,0,1,1,0,1,1,1,0,0,1,0,0,0,0
2016,179,0,0,0,0,0,0,0,0,0,0,0,0,0,0,1,0,0,0,0,0,0,1,0,0,0,0
2016,606,0,0,0,0,0,0,0,0,1,0,0,0,0,0,0,0,1,1,1,0,0,0,0,0,0,0
2016,925,0,0,0,1,0,0,0,0,1,1,0,1,1,0,1,1,1,1,1,1,0,1,0,0,1,1
2016,541,0,0,0,0,0,0,0,0,0,0,0,0,0,1,0,0,1,1,1,0,0,0,0,0,1,0
2016,797,0,0,0,0,0,0,0,0,0,0,0,0,0,0,0,0,1,0,1,1,0,0,0,0,0,0
2016,627,0,0,0,0,0,0,0,0,0,0,0,1,0,0,0,0,1,1,1,0,0,0,0,0,1,0
2016,173,0,0,0,0,0,0,0,0,0,0,0,0,0,0,0,0,0,0,1,0,0,0,0,0,0,0
2016,636,1,1,1,1,1,1,0,0,0,0,0,0,0,0,1,0,1,1,1,0,0,1,0,1,0,1
2016,205,0,1,0,0,0,0,0,1,0,0,0,1,1,0,1,0,1,1,0,1,0,1,0,0,0,0
2016,814,0,1,0,0,0,0,0,1,0,0,0,1,0,0,0,0,0,0,1,0,0,0,0,0,0,0
2016,881,0,0,0,0,0,0,0,0,0,0,0,0,0,0,0,0,0,0,0,0,0,0,0,0,0,0
2016,771,0,0,0,0,0,0,0,0,1,1,0,1,0,1,0,0,1,1,1,1,0,0,0,0,1,1
2016,533,0,0,0,0,1,0,0,1,1,0,0,1,0,0,0,0,0,0,0,0,0,0,0,0,1,0
2016,447,0,0,0,0,0,0,0,0,0,0,0,0,0,1,0,0,0,0,0,0,1,1,1,0,0,0
2016,815,0,1,0,0,0,1,0,1,0,0,0,1,0,0,0,0,0,1,0,0,1,0,0,0,0,0
2016,801,0,0,0,0,0,0,0,0,1,1,0,1,0,0,1,0,1,1,1,1,0,1,0,0,1,1
2016,800,0,1,0,0,0,0,0,0,0,0,0,1,0,0,1,0,1,1,1,0,0,1,0,0,0,0
2016,389,0,0,0,0,0,0,0,0,0,0,0,1,0,0,0,0,0,0,0,0,1,0,1,0,0,0
2016,695,0,0,0,0,0,0,0,0,1,1,0,1,0,0,0,0,1,1,1,1,0,0,1,0,1,1
2016,816,0,0,0,0,0,0,0,0,0,0,0,1,0,0,0,0,0,0,0,0,1,0,1,0,0,1
2016,833,0,0,0,0,0,0,0,0,0,0,0,1,0,0,0,0,0,0,0,0,1,0,1,0,0,1
2016,870,0,1,0,1,1,1,0,1,0,0,0,0,0,0,1,0,1,1,0,0,0,1,0,0,0,0
2016,927,0,1,0,1,0,1,0,1,0,0,0,1,0,1,0,0,1,1,0,0,1,1,0,1,0,0
2016,961,0,0,0,0,0,0,0,0,0,1,0,0,0,0,1,0,1,1,1,0,0,1,0,0,1,0
2016,962,0,1,0,1,0,1,1,1,0,0,0,1,0,0,0,0,1,1,1,0,1,1,0,0,0,0
2016,1079,0,0,0,1,0,1,0,1,0,0,0,1,0,0,0,0,1,1,0,0,1,0,0,0,1,0
2016,1101,1,1,0,1,1,1,0,0,0,0,0,0,0,0,1,0,1,1,1,0,0,1,0,0,0,0
2016,666,0,1,0,0,0,0,0,1,0,1,0,1,1,1,1,0,1,1,1,0,0,1,0,0,1,1
2016,392,0,0,0,0,0,0,0,0,0,0,0,0,0,0,1,0,1,1,1,0,0,1,1,0,0,0
2016,790,0,0,0,0,0,0,0,1,1,0,1,0,0,0,1,0,1,1,1,0,0,1,0,0,0,0
2016,650,0,0,0,0,0,0,0,0,0,1,0,0,0,0,1,0,1,1,1,0,0,1,1,0,1,1
2016,876,0,1,0,0,0,0,0,0,0,1,0,1,1,1,1,0,1,1,1,1,0,1,0,0,1,1
2016,944,0,1,0,0,0,0,1,1,0,0,0,1,0,0,0,0,0,0,1,0,1,0,0,0,0,0
2016,952,1,0,0,0,1,0,0,0,0,0,0,0,0,0,1,0,0,0,0,0,0,1,0,0,0,0
2016,54,0,0,0,0,0,0,0,0,0,0,0,0,0,0,0,0,1,1,1,1,0,0,0,1,0,0
2016,367,1,0,0,0,1,0,0,0,0,0,0,0,0,0,1,1,1,1,0,1,0,0,0,0,0,0
2016,538,0,0,0,0,0,0,1,0,0,1,0,0,0,1,1,0,1,1,1,1,0,1,0,0,1,0
2016,557,0,0,0,0,0,0,0,0,1,0,0,0,0,0,0,0,1,0,1,0,0,0,0,0,0,0
2016,653,0,0,0,0,0,0,0,1,0,1,0,0,0,1,1,0,1,0,1,0,1,1,0,0,1,0
2016,647,0,0,0,0,0,0,0,0,1,0,0,1,0,0,1,0,1,0,1,0,0,1,0,0,1,0
2016,978,0,0,0,0,0,0,0,0,1,1,0,1,0,1,1,0,1,1,1,1,0,1,0,0,1,0
2016,996,0,0,0,0,0,0,0,0,1,0,0,0,0,1,0,0,0,0,0,0,1,1,0,0,1,0
2016,729,0,0,0,1,0,0,0,0,1,1,0,1,0,1,1,0,1,1,1,0,0,0,1,0,1,1
2016,182,1,1,0,0,1,0,1,0,0,0,0,0,0,0,0,0,0,0,1,1,0,1,0,0,0,0
2016,633,0,1,0,1,0,1,0,1,1,0,0,1,0,0,1,0,1,1,1,0,1,1,0,0,0,0
2016,685,0,1,0,0,0,0,0,0,1,0,0,0,0,0,1,0,1,0,1,1,0,0,1,1,1,1
2016,683,0,0,0,0,0,0,0,0,1,0,0,0,0,0,0,0,1,1,1,0,1,0,0,0,1,1
2016,945,1,1,0,0,1,1,0,0,0,0,0,1,0,0,1,0,1,1,1,0,0,1,0,1,0,1
2016,953,0,0,0,1,0,0,0,1,0,0,0,1,0,0,0,0,0,0,0,1,1,0,0,0,0,0
2016,1022,1,1,0,0,1,1,0,0,0,0,0,1,0,0,1,0,1,1,1,0,0,1,0,1,0,1
2016,1049,1,1,0,0,1,1,0,0,0,0,0,0,0,0,1,0,1,1,1,0,0,1,0,1,0,1
2016,794,0,0,0,0,0,0,0,0,0,1,1,0,0,0,0,0,1,1,1,1,0,0,1,0,0,1
2016,415,0,0,0,0,0,0,1,0,0,0,0,0,0,1,1,0,0,0,0,0,0,0,0,0,0,0
2016,592,0,1,1,1,1,1,1,1,0,0,0,0,0,0,1,0,1,1,0,0,0,1,0,1,0,0
2016,497,0,0,0,0,0,0,0,0,0,0,0,0,0,0,0,0,0,0,1,0,0,0,0,0,0,0
2016,458,0,0,0,0,0,0,0,0,0,0,0,0,0,0,0,0,0,0,0,0,0,0,0,0,0,0
2016,726,0,0,0,0,0,0,0,1,1,1,0,1,1,1,0,0,1,1,1,1,0,0,0,0,1,0
2016,272,1,0,0,0,0,1,1,1,1,0,0,1,0,0,1,0,1,0,0,1,0,1,0,0,0,0
2016,805,0,0,0,0,0,0,0,0,0,0,0,0,0,0,0,0,1,1,1,1,0,1,0,0,0,1
2016,5,1,1,0,1,1,0,0,0,0,0,0,0,0,0,1,0,1,1,0,0,0,1,0,0,0,0
2016,234,0,0,0,0,0,0,0,0,0,0,0,0,0,0,1,0,0,0,0,0,0,1,0,0,0,0
2016,64,0,0,0,0,0,0,0,0,0,0,0,1,0,0,1,0,0,1,0,0,0,1,0,0,0,0
2016,842,0,1,0,0,0,0,0,0,0,0,0,0,0,0,1,0,1,1,1,0,0,1,0,0,0,0
2016,843,0,0,0,0,0,0,0,1,0,0,0,0,0,0,1,1,1,1,1,1,0,0,0,0,0,0
2016,803,0,0,0,0,0,0,0,1,1,1,1,1,1,1,0,0,1,0,1,0,0,0,0,0,1,0
2016,211,0,1,0,1,1,1,0,1,0,0,0,0,0,0,0,0,1,1,1,0,1,1,0,0,0,0
2016,773,0,1,0,0,0,0,0,0,0,0,0,0,0,0,1,1,1,0,1,1,0,0,0,0,0,0
2016,424,0,1,0,1,1,1,0,1,0,0,0,0,0,0,1,0,1,1,0,0,0,0,0,0,0,0
2016,298,1,1,1,1,1,1,0,0,0,0,0,0,0,0,1,0,1,1,1,0,0,1,0,0,0,0
2016,594,0,1,0,1,0,1,0,1,0,0,0,0,0,0,1,0,1,0,0,0,0,1,0,0,0,0
2016,237,0,0,0,0,1,0,0,1,0,0,0,0,0,0,0,0,0,0,0,0,0,0,0,0,0,0
2016,16,0,0,0,0,0,0,0,0,0,0,0,0,0,0,1,1,1,1,1,0,1,1,0,0,0,0
2016,768,0,1,0,1,1,1,0,1,1,0,0,1,0,0,1,1,1,1,0,1,0,1,1,0,0,0
2016,617,0,1,0,0,0,0,1,0,1,0,0,0,0,0,1,0,1,0,1,1,0,1,0,0,0,0
2016,297,0,1,0,1,1,1,0,1,1,0,0,0,0,0,0,0,1,1,1,0,1,1,0,0,0,0
2016,105,0,0,0,0,0,0,0,0,0,0,0,0,0,0,1,1,1,1,1,0,1,1,0,0,0,0
2016,544,0,0,0,0,0,0,0,1,1,0,0,1,0,0,0,0,1,1,1,0,0,0,0,0,0,0
2016,804,0,0,0,0,0,0,0,1,0,0,0,1,0,0,1,1,1,0,1,0,0,1,0,0,0,0
2016,104,0,0,0,0,0,0,1,0,0,0,0,0,0,1,1,1,1,1,1,1,0,1,1,0,0,0
2016,20,0,0,0,0,0,0,1,0,0,0,0,0,0,0,1,1,1,1,1,1,0,1,0,0,0,0
2016,550,0,0,0,0,1,0,0,0,0,0,0,0,0,0,1,1,1,1,1,0,1,1,0,0,0,0
2016,112,0,0,0,0,0,1,0,0,1,0,1,1,0,0,1,1,1,1,1,0,0,1,0,0,0,0
2016,818,0,0,0,0,0,0,1,0,0,0,0,1,0,0,1,0,1,1,0,1,0,1,0,0,0,0
2016,882,0,0,0,0,0,0,0,0,1,0,0,1,0,0,1,0,1,1,0,0,0,1,0,0,0,0
2016,914,0,0,0,0,0,0,0,0,0,0,0,0,0,0,1,0,1,0,1,1,0,1,0,0,0,0
2016,928,1,1,0,1,1,0,1,0,1,0,0,0,0,0,1,0,1,1,1,0,0,1,1,0,0,0
2016,964,1,0,0,1,1,1,1,1,1,0,0,1,1,1,1,1,1,1,1,0,0,1,1,0,0,0
2016,1026,0,0,0,0,0,0,0,1,1,0,0,1,0,1,1,0,1,1,0,1,0,1,1,0,0,0
2016,1068,0,0,0,0,0,0,1,0,0,0,0,0,0,1,1,1,1,1,1,1,0,1,1,0,0,0
2016,1108,0,1,1,0,1,1,0,1,0,0,0,0,0,0,0,0,1,1,0,0,1,1,0,0,0,0
2016,404,0,1,0,1,1,1,0,1,0,0,0,0,0,0,1,1,1,1,1,0,0,0,0,1,0,0
2016,270,0,1,0,1,1,1,0,0,0,0,0,0,0,0,1,0,1,1,0,0,0,1,0,0,0,0
2016,676,0,1,0,0,0,0,1,0,1,0,0,0,0,1,1,0,1,1,1,0,0,0,0,1,1,1
2016,709,0,0,0,0,0,0,0,0,1,0,0,0,0,0,0,0,1,0,1,1,0,1,0,1,1,1
2016,754,0,0,0,0,0,0,0,0,1,1,0,1,0,0,0,0,1,0,1,0,0,0,0,0,1,0
2016,997,0,1,0,0,0,0,0,0,0,0,0,0,0,0,1,0,1,1,1,0,0,1,0,0,0,1
2016,1069,0,0,0,0,0,0,0,1,1,0,0,1,0,0,1,0,1,1,1,0,0,1,0,0,1,1
2016,1118,1,1,0,1,1,1,0,0,0,0,0,0,0,0,1,0,1,1,1,0,0,1,0,0,0,0
2016,734,1,1,1,1,1,1,1,0,1,1,0,1,0,1,1,0,0,1,0,1,1,1,1,1,1,0
2016,299,0,0,0,0,0,0,0,0,0,0,0,0,0,0,0,0,0,0,0,0,0,0,0,0,0,0
2016,645,0,1,0,0,0,0,1,1,0,0,0,1,0,0,1,0,1,1,0,0,0,1,0,0,0,0
2016,17,0,0,0,0,0,0,0,0,0,0,0,0,0,0,0,0,0,0,0,0,0,0,0,0,0,0
2016,1046,0,0,0,0,0,0,0,0,0,0,0,0,0,0,1,1,1,0,1,0,0,1,0,1,0,1
2016,420,0,0,0,0,0,0,0,1,1,0,0,1,0,0,1,0,1,1,0,0,0,1,0,0,0,0
2016,802,0,0,0,0,0,0,1,0,0,0,0,1,0,0,0,0,1,0,1,1,0,1,0,0,0,0
2016,266,1,1,0,0,1,0,0,0,0,0,0,0,0,0,1,0,0,0,0,0,0,1,0,0,0,0
2016,137,1,1,0,1,1,1,0,0,0,0,0,0,0,0,1,1,1,1,0,0,0,0,0,0,0,0
2016,769,0,0,0,0,0,0,0,0,1,0,0,0,0,0,0,1,1,0,1,0,0,0,0,0,0,0
2016,776,1,1,0,1,1,1,0,0,0,0,0,0,0,0,1,0,1,1,1,1,0,1,1,0,0,0
2016,640,0,0,0,0,0,0,1,1,0,0,1,1,0,0,1,0,1,1,1,1,0,1,0,0,0,0
2016,315,0,0,0,0,0,0,0,0,0,0,0,1,0,0,1,1,1,1,1,0,0,0,0,0,0,0
2016,40,0,0,0,0,0,0,0,0,0,0,0,0,0,0,1,0,0,0,1,0,0,1,0,0,0,0
2016,508,0,0,0,0,0,0,0,0,1,0,0,0,0,0,1,0,0,0,0,0,0,1,0,0,0,0
2016,46,0,0,0,0,0,0,0,0,0,0,0,1,0,0,0,0,0,0,1,0,0,1,0,0,0,0
2016,590,0,1,0,0,0,0,0,0,0,0,0,1,0,0,1,0,1,1,1,0,0,1,0,0,0,0
2016,777,0,0,0,0,0,0,0,0,0,0,0,0,0,0,1,0,1,1,1,0,0,1,0,0,0,0
2016,897,0,0,0,0,0,0,0,0,0,0,0,0,0,0,0,0,1,1,1,1,0,0,1,0,0,0
2016,75,0,0,0,0,0,0,0,0,0,0,0,0,1,1,1,0,1,1,1,0,0,1,0,0,0,0
2016,249,1,0,0,0,1,1,0,0,0,0,0,0,0,0,1,0,1,1,1,1,0,1,0,0,0,0
2016,275,0,0,0,0,0,0,0,0,0,0,0,0,0,0,0,0,0,0,1,0,0,1,0,0,0,0
2016,227,0,0,0,0,1,0,0,1,0,0,0,0,0,0,0,0,0,0,1,0,0,1,0,0,0,0
2016,150,0,1,0,1,1,1,1,1,0,0,0,0,0,0,0,0,1,1,0,0,1,1,0,1,0,0
2016,47,0,0,0,0,0,0,0,0,0,0,0,1,0,0,1,0,0,0,0,0,0,0,0,0,0,0
2016,172,1,0,0,0,1,0,0,0,1,0,0,0,0,0,1,0,0,0,0,0,0,1,0,0,0,0
2016,581,0,0,0,0,0,0,0,0,1,1,0,0,1,0,0,0,1,0,1,0,0,0,0,0,1,0
2016,120,0,1,0,1,0,1,0,1,0,0,0,1,0,0,1,0,1,1,0,0,0,1,0,0,0,0
2016,445,0,0,0,0,0,0,0,0,0,0,0,0,0,0,0,0,1,0,0,0,0,1,0,1,0,0
2016,471,0,1,0,1,1,1,0,1,1,1,0,0,0,0,1,1,1,1,0,0,0,0,0,0,0,1
2016,53,0,0,0,0,0,1,0,0,0,0,0,0,0,0,0,0,0,0,0,0,0,0,0,0,0,0
2016,199,1,0,0,0,1,0,0,1,0,0,0,0,0,0,0,0,0,0,0,0,0,0,1,0,0,0
2016,575,0,0,0,1,0,0,0,0,0,0,0,0,0,0,1,0,1,1,1,0,0,1,0,0,1,1
2016,528,0,0,0,0,0,0,0,0,1,1,0,0,1,0,0,0,1,0,1,1,0,1,0,0,1,1
2016,631,1,1,1,1,1,1,0,0,1,1,0,1,1,0,1,1,1,1,1,1,1,1,0,0,1,1
2016,699,0,0,0,0,0,0,0,0,0,0,0,0,0,0,1,0,1,1,1,1,0,0,0,0,1,0
2016,823,0,0,0,0,0,0,1,1,1,0,1,0,0,0,1,0,1,1,1,1,0,1,1,0,0,1
2016,849,0,1,0,0,0,0,1,0,0,0,0,0,1,0,1,0,1,1,1,0,0,0,0,0,0,0
2016,869,0,1,0,1,1,1,0,1,0,0,0,0,0,0,1,0,1,1,0,0,0,1,0,0,0,0
2016,955,0,0,0,0,0,0,0,0,0,0,0,1,1,0,1,0,1,1,0,0,0,1,0,0,0,0
2016,206,0,0,0,0,0,0,0,1,0,0,0,1,0,0,0,0,0,0,0,0,1,1,0,0,0,1
2016,58,0,0,0,0,0,0,0,0,0,0,0,1,0,0,1,0,1,1,0,0,0,1,0,0,1,0
2016,572,0,0,0,0,0,0,0,0,0,0,0,0,0,0,1,0,1,0,1,0,0,1,0,1,0,0
2016,180,0,0,0,0,0,0,0,1,0,0,0,1,0,0,0,0,1,1,0,0,0,1,0,0,0,0
2016,549,0,0,0,0,0,0,0,0,0,0,0,0,0,0,1,0,1,1,1,0,0,1,0,0,1,0
2016,582,1,1,1,1,1,1,1,0,1,0,0,0,0,1,1,0,1,1,1,0,0,1,1,1,1,1
2016,743,0,0,0,0,0,0,0,1,1,1,0,1,1,0,1,0,1,1,1,0,0,0,0,0,1,0
2016,795,0,0,0,0,0,0,0,0,0,0,0,0,0,0,0,0,0,0,1,0,0,1,0,0,0,0
2016,269,0,0,0,0,1,0,0,1,0,0,0,0,0,0,0,0,1,0,0,0,0,1,0,0,0,0
2016,634,0,0,0,0,0,0,0,0,0,0,0,1,0,0,1,1,1,1,1,0,0,1,0,0,0,0
2016,1,0,1,0,0,1,0,0,1,0,0,0,0,0,0,0,0,0,0,0,0,0,1,0,0,0,0
2016,717,0,0,0,0,0,0,0,0,0,0,0,0,0,0,0,1,1,1,1,0,0,0,0,0,0,0
2016,373,0,0,0,0,0,0,0,0,0,0,0,0,0,0,1,1,1,0,1,1,0,0,0,0,0,0
2016,535,0,0,0,0,0,0,1,0,0,0,1,0,0,0,1,0,1,1,1,1,0,0,1,0,0,0
2016,824,0,0,0,0,0,0,0,0,1,1,0,1,0,1,1,0,1,1,1,0,1,1,1,0,0,1
2016,888,0,0,0,1,0,0,0,0,0,0,0,1,0,0,1,0,1,1,1,0,0,1,1,0,0,0
2016,902,0,0,0,0,0,0,0,0,0,0,0,1,0,0,0,0,0,1,0,1,1,1,1,1,0,0
2016,968,0,0,0,0,0,0,0,0,0,0,0,1,0,0,0,0,0,0,0,1,0,0,0,0,0,0
2016,346,0,0,0,0,0,1,1,0,0,0,0,1,0,0,1,0,0,0,0,0,0,0,0,0,0,0
2016,27,0,0,0,0,0,0,1,0,0,0,0,0,0,1,1,0,0,0,1,0,0,0,0,0,0,0
2016,165,0,1,0,0,1,0,0,1,0,0,0,0,0,0,0,0,0,0,0,0,1,1,0,0,0,0
2016,965,0,0,0,0,0,0,0,0,0,0,0,1,0,0,1,0,0,0,1,0,0,1,0,0,0,0
2016,461,0,0,0,0,0,0,0,0,1,0,0,1,0,0,0,0,0,0,0,0,1,0,1,0,0,0
2016,376,1,0,0,0,1,1,0,1,0,0,0,0,0,0,0,0,0,0,0,0,0,1,0,1,1,1
2016,621,0,1,0,0,0,0,0,0,0,0,0,1,0,0,0,0,1,1,1,0,0,0,0,0,1,1
2016,793,0,0,0,0,0,0,0,0,1,1,0,0,0,0,1,0,1,1,1,0,0,1,0,0,1,1
2016,1102,1,1,0,1,1,1,1,0,0,0,0,0,0,0,1,0,1,1,0,0,0,1,0,1,0,0
2016,712,0,0,0,0,0,0,0,0,1,1,0,1,0,1,0,0,1,0,1,1,0,0,0,0,1,1
2016,32,0,0,0,0,0,0,0,0,0,0,0,0,0,0,1,0,1,1,1,1,0,1,0,0,0,0
2016,361,0,0,0,0,0,0,0,0,1,0,0,0,0,1,0,0,1,0,1,0,0,1,0,0,0,0
2016,486,0,0,0,0,0,0,0,1,0,0,0,1,0,0,0,0,0,0,0,0,0,1,0,0,0,0
2016,595,0,0,0,0,0,0,0,0,1,1,0,1,1,0,0,0,1,1,1,0,0,1,0,0,1,0
2016,433,0,0,0,0,1,0,1,0,1,0,0,0,0,0,1,0,1,0,0,1,0,0,1,1,0,0
2016,1058,0,0,0,0,0,0,1,0,1,0,0,0,0,1,1,0,1,1,0,0,0,1,0,0,0,0
2016,261,1,1,0,0,1,0,0,0,0,0,0,0,0,0,1,0,1,0,0,0,0,1,0,0,0,0
2016,730,0,0,0,0,0,0,0,0,1,0,0,1,0,0,1,0,1,1,1,1,0,0,0,0,1,1
2016,577,0,0,0,0,0,0,0,0,1,0,0,1,0,0,1,0,1,1,1,0,0,0,0,0,1,1
2016,788,0,0,0,0,0,0,0,0,1,0,0,1,0,0,1,1,1,1,1,0,0,0,0,0,0,0
2016,865,1,1,0,0,1,1,0,0,0,0,0,1,0,0,1,0,1,1,1,0,0,1,0,0,1,1
2016,979,1,1,0,0,1,1,0,0,0,0,0,1,0,0,1,0,1,1,1,0,0,1,0,1,0,1
2016,998,1,1,0,1,1,1,0,0,1,0,0,1,0,0,1,0,1,1,1,0,1,0,0,1,0,1
2016,1072,1,1,0,0,1,1,0,1,0,0,0,1,0,0,1,0,1,1,1,0,0,1,0,1,1,1
2016,221,0,1,0,1,1,1,0,1,0,0,0,0,0,0,1,0,1,1,0,0,0,1,0,0,0,0
2016,506,0,0,0,1,0,1,1,1,1,0,0,1,0,0,1,1,1,1,0,0,0,0,0,0,0,0
2016,727,0,0,0,0,0,0,0,0,0,1,0,0,0,0,0,0,1,0,1,0,0,1,0,0,1,0
2016,355,1,1,0,1,1,1,0,0,1,0,0,1,0,0,1,1,1,1,0,0,0,0,0,0,0,0
2016,487,1,0,0,0,1,0,0,1,0,0,0,0,0,0,1,0,0,1,0,0,0,1,0,0,0,0
2016,938,0,0,0,0,0,0,0,0,1,1,0,1,0,0,0,0,1,1,1,0,1,1,0,0,1,0
2016,886,0,1,0,1,1,1,0,1,0,0,0,0,0,0,1,1,1,1,1,0,0,0,0,0,1,0
2016,835,1,1,0,1,1,1,0,1,0,0,0,0,0,0,1,1,1,1,0,0,0,0,0,1,0,0
2016,999,0,0,0,0,0,1,1,0,0,0,0,0,0,0,1,1,1,1,0,0,0,0,0,1,0,0
2016,798,0,1,0,0,0,0,1,0,1,0,0,1,0,1,1,0,1,1,1,1,0,1,1,0,0,0
2016,504,0,0,0,0,0,0,0,1,0,0,0,1,0,0,1,1,1,0,1,0,0,0,0,0,0,0
2016,247,0,1,0,1,1,1,1,1,0,0,0,0,0,0,1,0,1,1,0,0,0,1,1,0,0,0
2016,216,0,1,0,1,0,0,0,1,0,0,0,1,1,0,1,0,1,1,0,0,0,1,0,0,0,0
2016,654,0,1,0,0,1,1,0,1,0,0,0,0,0,0,1,0,1,1,0,0,0,1,0,0,0,0
2016,65,0,0,0,0,0,0,0,0,0,0,0,1,0,0,1,0,1,1,1,0,0,1,0,0,0,0
2016,472,0,1,0,0,0,0,1,0,0,0,0,0,0,0,0,1,1,0,0,0,0,1,0,0,0,0
2016,427,0,0,0,0,0,0,0,1,1,0,0,1,1,0,0,0,0,0,0,0,1,1,1,0,0,0
2016,491,0,0,0,0,0,0,1,1,1,0,0,1,0,0,0,0,1,0,0,0,0,1,0,0,0,0
2016,551,0,0,0,0,0,0,0,1,1,0,0,1,0,0,1,0,1,0,0,0,0,1,0,0,0,0
2016,106,0,0,0,1,0,1,1,0,0,0,0,1,0,0,1,0,1,1,0,1,0,1,0,0,0,0
2016,819,0,0,0,1,0,0,1,0,1,0,0,1,0,0,0,0,0,0,0,0,0,0,0,0,0,0
2016,836,0,0,0,0,0,0,0,0,0,0,0,0,0,0,0,0,0,0,0,1,0,0,0,0,0,0
2016,915,0,0,0,0,0,0,0,0,0,0,0,0,0,0,0,0,0,0,0,0,0,0,0,0,0,0
2016,942,0,0,0,0,0,0,0,0,0,0,0,1,0,1,1,1,1,1,0,0,0,0,0,0,0,0
2016,748,0,1,0,0,0,0,1,0,1,1,0,1,0,1,0,0,1,1,1,1,1,1,1,0,1,0
2016,198,0,0,0,0,0,0,0,0,0,0,0,1,0,0,0,0,1,0,0,0,1,1,0,0,0,0
2016,871,0,1,0,0,1,0,1,0,0,0,0,0,0,0,1,0,1,1,1,1,0,1,1,0,1,0
2016,948,0,0,0,0,1,0,0,1,0,0,0,0,0,0,1,0,0,0,0,0,0,1,0,0,0,0
2016,1051,0,0,0,0,0,0,0,0,0,0,0,0,0,0,0,0,1,0,0,1,0,1,1,0,0,0
2016,1083,0,0,0,0,0,0,0,0,0,0,0,1,0,0,1,0,1,1,0,0,0,1,0,0,0,0
2016,1096,0,0,0,0,0,0,0,0,0,0,0,1,0,0,1,0,1,0,0,0,0,1,0,0,0,0
2016,679,0,0,0,0,0,0,0,0,1,0,0,0,1,0,0,0,1,1,1,1,0,1,1,0,0,0
2016,176,1,0,0,0,1,0,0,0,0,0,0,0,0,0,0,0,0,0,0,0,0,1,0,0,0,0
2016,537,0,0,0,0,1,0,0,1,1,0,0,1,0,0,1,0,1,0,0,0,0,0,0,0,0,0
2016,608,0,0,0,0,0,0,0,0,0,0,0,0,0,0,0,0,1,0,1,1,0,1,0,0,1,1
2016,596,0,1,0,0,1,0,0,0,0,0,0,0,0,0,0,0,1,1,0,1,0,0,0,0,0,1
2016,749,0,0,0,0,0,1,0,0,1,1,0,0,1,1,1,0,1,1,1,1,0,1,0,0,1,0
2016,758,0,0,0,0,0,0,1,1,0,1,0,1,1,0,1,0,1,1,1,0,0,1,1,0,1,0
2016,1104,0,0,0,1,0,0,0,0,1,1,0,0,1,0,1,0,1,1,1,1,0,1,1,0,1,0
2016,436,0,0,0,0,0,0,0,0,1,0,0,1,0,1,0,0,0,1,0,1,0,0,1,0,0,0
2016,567,0,0,0,0,0,0,0,1,1,0,0,0,0,1,0,0,1,1,1,0,0,1,0,0,0,0
2016,677,0,0,0,0,0,0,0,0,1,1,0,0,1,0,1,0,1,1,1,1,0,1,0,0,0,0
2016,670,0,0,0,0,0,0,1,0,1,0,0,0,0,0,1,0,1,0,1,1,0,0,0,0,0,0
2016,588,0,0,0,1,0,0,0,0,0,0,0,0,0,0,1,0,1,1,1,1,0,1,0,1,0,0
2016,753,0,0,0,0,0,0,0,0,1,1,0,1,0,1,0,0,1,1,1,1,0,1,0,0,1,1
2016,887,0,0,0,0,0,0,0,0,0,0,0,0,0,0,0,0,0,0,0,0,0,0,0,0,0,0
2016,245,1,1,0,0,1,1,0,0,0,0,0,0,0,0,1,0,1,1,1,0,0,1,0,0,0,0
2016,603,0,0,0,0,1,0,1,1,0,0,0,0,0,1,1,0,0,1,1,0,0,1,0,0,0,0
2016,426,0,1,0,0,1,0,0,1,0,0,0,1,0,0,1,0,1,0,0,0,0,0,0,0,0,0
2016,232,0,1,0,1,1,0,1,1,0,0,0,0,0,0,1,0,1,1,0,1,0,1,0,0,0,0
2016,288,0,1,0,0,1,0,1,1,0,0,0,0,0,0,1,0,0,0,0,0,0,1,1,0,0,0
2016,246,0,1,0,0,1,0,1,1,0,0,0,0,0,0,1,0,0,0,0,0,0,1,0,1,0,0
2016,284,0,0,0,0,0,0,0,1,0,0,0,0,0,0,1,0,1,0,0,0,0,0,0,0,0,0
2016,18,0,0,0,0,0,0,0,0,0,0,0,0,0,0,1,1,0,0,0,0,1,1,0,0,0,0
2016,356,0,0,0,0,0,0,0,0,0,0,0,1,0,0,1,0,1,1,1,0,0,1,0,0,0,0
2016,401,0,0,0,0,0,0,1,0,0,0,0,1,0,0,1,0,1,1,1,1,0,1,1,0,0,0
2016,733,0,0,0,0,0,0,0,0,0,1,0,0,0,0,1,0,0,0,1,0,0,1,0,0,0,0
2016,243,0,0,0,0,1,0,0,1,0,0,0,1,0,0,1,0,1,1,1,0,0,1,0,0,0,0
2016,380,0,0,0,0,0,0,0,0,0,0,0,1,0,0,1,0,0,0,0,0,0,1,0,0,0,0
2016,716,0,1,1,1,1,1,0,1,0,0,0,0,0,0,1,1,1,1,1,0,0,0,0,0,0,0
2016,534,0,1,0,1,1,1,0,1,0,0,0,0,0,0,1,0,1,1,1,0,0,1,0,0,0,0
2016,185,0,0,0,0,0,0,0,1,0,0,0,0,0,0,1,0,0,0,0,0,0,1,0,0,0,0
2016,258,0,0,0,0,1,1,0,1,0,0,0,0,0,0,0,0,1,0,1,0,1,1,0,0,0,0
2016,505,0,1,1,1,1,1,0,1,0,0,0,0,0,0,0,0,1,1,0,0,1,1,0,0,0,0
2016,268,1,0,0,0,1,1,0,0,0,0,0,0,0,0,1,0,1,1,1,0,0,1,0,0,0,1
2016,602,0,0,0,0,0,0,0,0,0,0,0,0,0,0,0,0,0,1,0,0,0,1,0,0,0,0
2016,254,1,1,0,1,1,0,0,0,0,0,0,0,0,0,1,0,1,1,0,0,0,1,0,1,0,0
2016,705,1,1,0,1,1,1,0,0,0,0,0,0,0,0,1,0,1,1,1,0,0,1,0,0,0,0
2016,133,1,0,0,0,1,0,0,0,0,0,0,0,0,0,0,0,0,0,0,0,0,1,1,0,0,0
2016,33,0,0,0,0,0,0,0,0,1,0,0,1,0,1,1,1,1,0,0,1,0,0,0,0,0,1
2016,143,0,0,0,0,0,0,0,0,0,0,0,1,0,0,1,1,0,0,0,0,0,1,1,0,0,0
2016,36,0,0,0,0,0,0,0,0,1,0,0,1,0,0,1,0,1,0,0,0,0,1,0,1,0,0
2016,756,0,0,0,0,0,0,0,0,0,0,0,0,0,0,1,1,1,1,1,1,0,0,1,0,0,0
2016,662,0,0,0,1,0,0,0,0,0,0,0,0,0,0,0,0,1,1,1,0,0,1,0,0,1,0
2016,192,0,0,0,0,0,0,1,0,0,0,0,0,0,0,0,0,1,0,1,1,0,1,0,1,0,1
2016,382,0,0,0,0,0,0,0,0,0,0,0,1,0,0,1,1,1,0,1,0,0,0,0,1,0,0
2016,322,0,0,0,0,0,1,0,0,0,0,0,1,0,0,0,1,1,0,1,0,0,0,0,0,0,0
2016,478,0,0,0,0,0,0,0,1,0,0,0,1,0,0,1,1,1,0,1,0,0,0,0,0,0,1
2016,352,0,0,0,0,0,0,0,0,0,0,0,0,0,1,1,0,0,0,0,0,0,0,0,0,0,0
2016,628,0,0,0,0,0,0,0,0,1,0,0,0,0,1,1,0,1,1,1,1,0,1,1,0,1,0
2016,291,0,0,0,0,0,0,1,0,0,0,0,0,0,0,0,0,1,0,1,0,0,0,0,0,0,0
2016,495,0,1,0,0,0,0,0,1,0,0,0,0,0,1,0,0,1,1,1,0,0,1,1,0,0,1
2016,845,0,0,0,0,0,0,0,0,0,0,0,0,1,1,0,0,1,1,0,1,0,0,1,1,0,0
2016,498,0,0,0,0,0,0,1,0,0,0,0,0,0,0,1,0,1,1,1,1,0,1,1,0,0,0
2016,314,0,0,0,0,0,0,0,0,0,0,0,0,0,0,0,0,0,0,1,0,0,0,0,0,0,0
2016,720,0,0,0,0,1,0,0,0,0,0,0,0,0,0,0,0,0,0,1,0,0,1,1,0,0,0
2016,721,0,0,0,0,0,0,0,0,1,1,0,1,1,0,1,0,1,1,1,1,0,1,0,0,1,1
2016,485,0,1,0,1,1,0,0,1,0,0,0,1,0,0,0,0,1,0,1,0,0,1,0,0,0,0
2016,273,0,1,0,0,1,0,0,1,0,0,0,0,0,0,1,0,1,1,1,0,0,1,0,0,0,0
2016,846,0,0,0,1,0,0,0,0,0,1,0,1,1,0,1,0,1,1,1,1,0,1,1,0,1,0
2016,847,0,1,0,1,1,0,0,1,0,0,0,0,0,0,1,0,1,1,1,1,0,1,0,0,0,0
2016,848,0,0,0,0,1,0,0,0,0,0,0,0,0,0,0,0,0,1,1,0,0,1,0,0,0,0
2016,916,0,0,0,0,1,0,0,0,0,0,0,0,0,0,1,0,1,0,0,0,0,1,0,0,0,0
2016,930,0,0,0,0,1,0,0,1,0,0,0,0,0,0,1,1,1,1,1,0,0,1,0,0,1,0
2016,954,0,0,0,0,0,0,0,0,0,0,0,0,0,1,1,0,1,1,1,0,0,1,1,0,0,0
2016,943,0,0,0,0,0,0,0,0,0,0,0,0,0,0,0,0,0,0,1,1,0,1,0,1,0,0
2016,949,0,0,0,0,0,0,0,0,1,1,0,0,1,1,1,0,1,1,1,1,0,1,1,0,1,0
2016,980,0,0,0,0,1,0,0,1,0,0,0,0,0,0,1,1,1,1,1,0,0,1,0,0,0,0
2016,981,0,1,0,1,1,1,0,1,0,0,0,0,0,0,0,0,1,1,0,0,1,1,0,0,0,0
2016,1024,1,0,0,0,1,0,0,0,0,0,0,0,0,0,0,0,1,0,1,1,0,0,0,0,0,0
2016,1017,0,0,0,0,0,0,0,0,0,0,0,1,0,0,0,0,0,0,0,0,0,1,1,1,0,1
2016,1000,0,0,0,0,0,0,0,0,0,0,0,0,0,0,0,0,0,0,1,1,0,1,0,0,0,0
2016,1018,0,0,1,0,0,0,1,0,0,0,0,0,0,0,1,1,1,1,1,0,0,0,0,0,0,0
2016,1001,1,1,0,1,1,0,0,0,0,0,0,0,1,0,1,1,1,1,1,0,0,1,0,0,0,0
2016,1007,0,1,0,1,1,0,0,0,0,0,0,0,0,0,1,1,1,1,1,1,0,0,0,0,0,0
2016,1008,0,1,0,1,1,0,0,0,1,1,0,1,1,1,1,0,1,1,1,1,0,1,0,0,1,0
2016,1009,1,1,0,1,1,0,0,0,1,1,0,0,0,0,1,0,1,1,1,1,0,1,0,0,0,0
2016,1010,0,1,0,1,1,0,0,0,0,0,0,1,0,0,1,1,1,1,1,1,0,0,0,0,1,0
2016,1011,0,1,0,1,1,0,0,0,1,0,0,1,0,0,1,0,1,1,1,1,0,1,0,0,0,0
2016,1012,0,1,0,1,1,0,0,0,0,0,1,1,0,0,1,0,1,1,1,1,0,1,1,0,0,0
2016,1013,0,0,0,1,0,0,0,0,1,1,0,0,1,1,1,0,1,1,1,1,0,1,0,0,0,0
2016,1041,0,0,0,0,0,0,0,0,0,0,0,1,0,0,1,1,1,1,0,0,0,0,0,0,0,0
2016,1073,1,1,1,1,1,1,1,0,0,0,0,0,0,0,1,0,1,1,1,1,0,1,0,0,1,0
2016,1087,0,0,0,0,0,0,1,0,0,1,0,1,0,0,0,0,0,0,1,0,0,1,0,0,0,0
2016,1109,0,0,0,0,0,0,1,0,0,1,0,1,0,0,0,0,0,0,1,0,0,1,0,0,0,0
2016,1110,1,1,0,1,1,1,0,0,0,0,0,0,0,0,1,0,1,1,1,0,0,1,0,1,0,0
2016,1112,0,1,0,1,0,1,0,1,0,0,0,1,0,0,0,1,1,1,1,0,1,0,0,0,1,0
2016,789,0,0,0,0,0,0,0,0,1,0,0,1,0,0,0,1,0,0,0,0,1,0,1,0,0,0
2016,326,0,0,0,0,0,1,0,0,1,0,0,1,0,0,1,1,1,1,0,0,0,0,0,1,0,1
2016,442,0,1,0,1,1,1,0,1,0,0,0,1,0,0,1,0,1,1,1,0,0,1,0,0,0,0
2016,294,0,0,0,0,1,0,0,1,0,0,0,0,0,0,0,0,1,0,1,0,0,1,0,0,0,0
2016,378,1,1,0,1,1,1,0,0,1,0,0,0,0,0,1,0,1,1,0,0,0,1,0,0,0,0
2016,402,0,1,0,1,0,1,0,1,0,0,0,1,0,0,1,1,1,1,1,0,0,0,0,1,0,0
2016,29,0,0,0,0,0,0,0,0,1,0,0,1,0,0,1,1,1,1,0,0,0,0,1,1,0,0
2016,450,0,1,0,1,0,1,0,1,0,0,0,1,0,0,1,1,1,1,0,0,0,0,0,0,0,0
2016,656,1,1,0,1,1,1,0,0,1,1,0,0,0,0,1,1,1,1,1,0,0,0,0,0,1,1
2016,333,0,0,0,0,1,0,0,1,0,0,0,0,0,0,1,0,1,1,1,0,0,1,0,0,0,0
2016,668,0,0,0,0,0,0,0,0,1,0,0,0,0,0,1,0,1,1,1,0,0,1,0,0,0,1
2016,684,0,0,0,0,0,0,0,0,0,0,0,0,0,0,1,0,1,0,1,0,0,1,0,1,0,1
2016,422,0,1,1,1,1,0,0,1,0,0,0,0,0,0,1,1,1,1,1,0,0,0,0,0,0,1
2016,763,0,0,0,0,0,0,0,1,1,1,0,1,1,0,1,0,1,0,1,1,0,1,0,0,1,0
2016,741,0,0,0,0,0,0,0,0,1,0,0,1,1,1,0,0,1,1,1,0,1,1,0,0,1,1
2016,553,0,0,0,1,0,0,0,1,1,1,0,0,0,0,1,1,1,1,1,0,0,0,0,0,1,1
2016,357,0,0,0,0,0,0,0,0,0,0,0,1,0,0,0,0,0,0,0,0,1,0,0,0,0,1
2016,899,0,0,0,0,0,0,0,0,0,0,0,1,0,0,1,0,0,0,0,0,0,1,0,0,0,0
2016,900,0,1,0,0,0,1,0,1,0,0,1,1,0,0,1,1,1,1,0,0,0,0,0,0,0,0
2016,932,0,1,0,1,1,1,1,1,1,1,0,1,1,1,1,1,1,1,1,0,0,0,0,1,0,0
2016,950,0,0,0,0,0,0,0,1,0,0,0,1,0,0,0,0,0,1,0,0,1,1,0,1,0,1
2016,966,0,1,0,1,1,0,0,1,0,0,0,0,0,0,1,1,1,1,1,0,0,0,0,1,0,0
2016,967,0,0,0,0,0,1,0,0,1,0,0,1,0,0,1,1,1,1,1,0,0,0,1,0,0,0
2016,982,1,0,0,0,0,0,0,0,0,0,0,0,0,0,0,0,1,1,1,0,0,1,0,0,0,0
2016,1014,0,0,0,0,0,0,0,0,1,0,1,0,0,0,1,1,1,1,1,0,0,0,0,0,1,1
2016,1080,1,0,0,0,1,0,0,0,0,0,0,0,1,0,0,0,0,0,0,0,0,1,0,0,0,0
2016,1074,0,1,0,1,1,0,1,1,0,0,0,0,0,0,1,0,1,1,1,0,0,1,1,1,0,1
2016,1084,1,1,0,1,1,0,1,1,1,0,0,1,0,0,0,1,1,1,0,0,1,0,0,1,0,0
2016,1113,0,1,0,0,1,0,0,1,1,1,1,1,1,0,0,0,1,1,1,0,1,1,0,0,0,0
2016,722,0,0,0,0,0,0,0,0,1,1,0,1,1,1,1,1,1,1,1,1,0,0,0,0,1,1
2016,660,0,0,0,1,0,0,0,0,0,1,0,0,0,0,1,0,1,1,1,0,0,1,1,0,0,0
2016,983,0,0,0,0,0,0,0,0,0,0,0,0,0,0,0,0,0,0,0,0,0,1,0,0,0,0
2016,1002,0,0,0,0,0,1,0,0,0,0,0,0,0,0,0,0,0,0,0,0,0,0,0,0,0,0
2016,1015,0,0,1,1,0,0,1,0,1,1,0,0,1,0,1,1,1,1,1,1,0,1,0,1,1,1
2016,51,0,0,0,0,0,0,0,0,0,0,0,0,0,0,1,0,1,1,1,0,0,1,0,0,0,0
2016,441,0,0,0,0,0,0,0,1,0,0,0,0,0,0,1,1,0,0,1,0,0,0,0,0,0,0
2016,327,0,0,0,0,0,0,0,0,0,0,0,1,0,0,1,0,0,0,0,1,0,0,0,0,0,0
2016,690,0,0,0,0,0,0,0,0,0,0,0,0,0,1,0,0,0,0,1,0,0,0,1,1,0,0
2016,262,0,0,0,0,1,0,0,0,0,0,0,0,0,0,1,0,1,1,0,0,0,1,0,0,0,0
2016,403,0,0,0,0,0,0,0,0,1,0,0,1,0,0,1,0,0,1,0,0,0,1,0,0,0,0
2016,312,0,0,0,0,0,0,0,0,0,0,0,1,0,0,1,1,1,1,0,0,0,0,0,0,0,0
2016,589,0,0,0,0,0,0,0,0,0,0,0,1,0,0,0,1,1,1,1,0,0,0,0,0,0,1
2016,665,0,1,0,0,0,0,0,0,0,0,0,0,0,0,1,0,1,1,1,0,0,1,0,0,0,1
2016,334,0,0,0,0,0,0,0,0,0,0,0,0,0,0,1,0,1,1,0,0,0,1,0,0,0,0
2016,1075,0,0,0,0,0,0,0,0,0,0,0,0,0,1,1,0,1,1,1,1,0,1,0,0,0,0
2016,751,0,0,0,0,0,0,0,0,1,0,0,0,0,0,0,0,1,1,1,1,0,1,0,1,0,1
2016,186,0,0,0,0,0,0,0,0,0,0,0,0,0,0,0,0,1,0,0,0,0,0,0,0,0,0
2016,646,0,0,0,0,0,0,0,0,0,0,0,0,0,0,0,0,1,0,1,0,0,0,0,0,0,0
2016,536,0,0,1,0,0,0,0,1,0,0,0,0,0,0,1,0,1,1,1,0,0,1,0,0,0,0
2016,242,0,1,0,1,1,1,0,1,0,0,0,1,1,0,1,1,1,1,1,0,0,0,0,1,0,1
2016,490,0,0,0,0,0,0,0,0,0,0,0,0,0,0,1,0,1,0,1,0,0,1,1,0,0,0
2016,500,0,0,0,0,0,0,0,0,0,0,0,0,0,0,1,0,0,0,0,1,0,1,0,0,0,1
2016,956,0,0,0,0,0,0,0,0,1,1,0,1,0,0,0,0,1,0,1,0,0,0,0,0,1,1
2016,413,0,0,0,0,0,0,0,0,0,0,0,0,0,0,1,1,0,1,0,1,0,0,0,0,0,0
2016,149,1,0,0,0,0,0,1,0,0,0,0,1,0,0,1,0,1,1,0,0,0,1,0,0,0,0
2016,612,1,0,0,0,1,1,0,1,0,0,0,1,1,0,1,0,1,0,0,0,0,1,0,0,0,1
2016,559,1,1,0,1,1,1,0,0,0,0,0,1,0,0,1,0,1,1,0,0,0,1,0,0,0,0
2016,7,0,0,0,0,0,0,0,1,0,0,0,1,0,0,0,0,1,0,0,0,1,0,0,0,0,0
2016,283,0,0,0,0,1,1,0,0,0,0,0,0,0,0,0,0,0,0,1,0,0,1,0,0,0,0
2016,37,0,0,0,0,0,0,0,0,0,0,0,1,0,0,1,0,1,1,0,0,0,1,0,0,0,0
2016,153,0,0,0,0,0,0,0,1,1,0,0,1,1,0,1,1,1,1,1,0,1,1,0,0,1,1
2016,547,0,0,0,0,0,0,0,0,0,0,0,0,0,0,1,0,1,0,1,0,0,0,0,0,0,0
2016,397,0,0,0,0,0,0,0,0,0,0,0,0,0,0,0,0,0,0,1,0,0,0,0,0,0,0
2016,556,0,0,0,0,0,0,0,0,0,0,0,1,0,0,0,0,1,0,1,0,0,0,0,0,0,0
2016,42,0,0,0,0,0,0,0,0,0,0,0,0,0,0,0,0,0,0,0,0,0,0,0,0,0,0
2016,31,0,0,0,0,0,0,0,0,0,0,0,1,0,0,1,0,0,0,0,0,1,1,0,0,0,1
2016,740,0,0,0,0,0,0,1,1,0,1,0,1,0,1,0,0,1,1,1,1,0,1,0,0,1,0
2016,217,0,0,0,0,1,0,0,0,0,0,0,0,0,0,1,0,1,0,1,0,0,0,0,0,0,0
2016,863,0,0,0,0,1,0,0,1,0,0,0,0,0,0,1,0,0,0,0,0,0,1,0,0,0,0
2016,889,0,0,1,0,0,0,0,0,1,0,0,1,1,1,0,0,1,1,1,1,0,1,0,0,1,1
2016,984,1,1,0,0,1,0,0,0,0,0,0,0,0,0,1,0,1,1,1,0,1,1,0,0,0,1
2016,1106,0,1,0,1,1,1,0,1,1,0,0,1,1,0,0,0,1,1,0,0,1,1,0,1,0,0
2016,34,0,0,0,0,0,0,0,0,0,0,0,1,0,0,1,0,1,1,0,0,0,1,0,0,1,0
2016,791,0,0,0,0,0,0,0,0,0,0,0,0,0,0,1,1,1,1,1,0,0,0,0,0,0,0
2016,181,0,0,0,0,0,0,0,0,0,0,0,0,0,0,1,1,1,0,0,0,0,0,0,0,0,0
2016,430,0,0,0,0,0,0,0,1,1,0,0,1,0,0,0,0,1,0,1,0,0,1,0,0,0,0
2016,715,0,0,0,0,0,0,0,0,0,0,0,0,0,0,0,0,1,0,1,0,0,1,0,0,0,0
2016,521,0,1,0,1,0,1,1,1,0,1,0,1,0,1,1,0,1,1,1,0,0,1,0,0,1,0
2016,524,1,0,0,0,0,0,0,0,0,0,0,0,0,0,0,0,1,0,0,1,0,0,0,0,0,0
2016,432,0,1,0,1,0,1,0,1,0,0,0,1,0,0,1,1,1,0,0,0,0,0,1,1,0,0
2016,19,0,0,0,0,0,0,0,1,1,0,1,1,0,0,1,1,1,1,0,0,0,0,0,0,0,0
2016,25,0,0,0,0,0,0,0,0,0,0,0,1,0,0,1,1,1,1,0,0,0,1,0,0,0,0
2016,26,0,0,0,0,0,0,0,0,1,0,0,1,0,0,0,0,0,0,0,0,0,0,0,0,0,0
2016,890,0,0,0,0,0,0,0,0,1,1,0,1,1,0,1,0,1,1,1,0,0,1,0,0,1,1
2016,904,0,1,0,1,1,1,0,0,0,1,0,0,0,0,1,0,1,1,1,0,0,1,0,0,1,0
2016,957,0,0,0,0,0,0,0,0,0,1,0,1,1,0,1,1,1,1,1,0,0,0,0,0,1,1
2016,939,0,0,0,0,0,0,0,0,1,1,0,1,0,0,0,0,1,1,1,0,0,1,1,0,1,0
2016,236,1,1,0,0,1,0,1,1,0,0,0,0,0,0,1,0,0,0,1,0,0,1,0,0,0,0
2016,735,0,0,0,0,0,0,0,0,1,1,0,1,1,0,0,0,1,1,1,1,0,0,0,0,0,0
2016,146,0,0,0,0,0,0,0,0,0,0,0,0,0,0,0,0,0,0,0,0,0,1,0,0,0,0
2016,363,0,1,0,1,1,1,0,1,0,0,0,1,0,0,1,1,1,1,0,0,0,1,0,0,0,0
2016,187,0,0,0,0,1,0,0,1,0,0,0,0,0,0,1,0,0,0,1,0,0,1,0,0,0,0
2016,265,0,0,0,0,0,0,0,1,0,0,0,1,0,0,1,0,0,0,0,0,0,1,0,0,0,0
2016,295,0,1,0,1,1,1,0,1,1,0,0,1,1,0,1,0,1,1,0,0,0,1,0,1,0,0
2016,496,1,1,1,1,1,1,1,0,0,0,0,1,0,0,1,1,1,1,1,1,0,1,0,1,0,1
2016,77,0,0,0,0,0,0,0,0,0,0,0,0,0,0,0,0,0,0,0,0,0,1,0,0,0,0
2016,391,1,1,0,1,1,0,0,0,0,0,0,0,0,0,1,1,1,1,0,0,0,0,0,0,0,0
2016,240,0,1,1,1,1,1,0,1,0,1,0,1,1,0,1,1,1,1,1,0,1,1,0,1,0,0
2016,448,0,0,0,0,0,0,0,0,0,0,0,0,0,0,0,0,0,0,0,0,0,0,0,0,0,0
2016,151,0,0,0,0,0,0,0,0,0,0,0,0,0,0,0,0,0,1,0,1,0,1,1,0,0,0
2016,425,0,0,0,0,0,0,0,0,0,0,0,0,0,0,0,0,1,0,1,0,0,0,0,0,0,0
2016,300,0,0,0,0,1,0,0,1,0,0,0,0,0,0,1,0,0,0,0,0,0,0,0,0,0,1
2016,339,0,1,1,1,0,1,0,1,0,0,0,1,0,0,0,0,1,1,0,0,1,1,0,0,0,0
2016,874,0,0,0,0,0,0,0,1,0,0,0,1,0,0,0,0,1,1,1,1,0,1,1,0,0,0
2016,905,0,1,0,0,0,0,0,0,0,1,0,0,0,0,0,0,0,0,1,0,0,0,0,0,0,0
2016,736,0,0,0,0,0,0,0,0,1,1,0,0,0,0,1,0,1,1,1,1,0,1,0,0,1,1
2016,459,0,0,0,0,1,0,0,1,1,0,0,0,0,0,1,0,1,1,1,0,0,1,0,0,0,0
2016,320,0,1,0,0,0,0,0,1,0,0,0,1,0,0,1,0,1,1,1,0,0,1,0,0,0,1
2016,45,0,0,0,0,0,0,0,0,0,0,0,1,0,0,1,0,1,1,0,0,0,1,0,0,0,0
2016,618,1,1,0,1,1,1,0,0,0,0,0,0,0,0,1,1,1,1,0,0,0,0,0,0,0,0
2016,463,0,0,0,0,0,0,0,0,1,0,0,0,0,1,1,0,1,1,1,0,0,1,1,0,0,0
2016,891,1,1,0,0,1,0,0,0,0,0,0,0,0,0,1,0,1,1,1,0,0,1,0,0,0,0
2016,958,0,0,0,0,0,0,0,0,1,1,0,1,0,1,0,0,1,0,1,0,0,0,0,0,1,0
2016,244,0,1,0,1,1,1,0,1,0,0,0,0,0,0,1,1,1,1,0,0,0,0,0,1,0,0
2016,28,0,0,0,0,0,0,0,0,0,0,0,1,0,0,0,0,1,0,0,0,0,0,0,0,0,0
2016,444,0,1,0,1,1,1,0,1,0,0,0,0,0,0,0,1,1,1,0,0,1,0,0,1,0,0
2016,479,0,0,0,0,0,0,0,1,0,0,0,1,0,0,1,0,1,1,0,0,0,1,0,0,0,0
2016,285,0,1,1,1,1,1,0,1,0,0,0,0,0,0,1,0,1,1,0,0,0,1,0,0,0,0
2016,253,0,0,0,0,1,0,0,1,0,0,0,0,0,0,1,0,0,0,1,0,0,0,0,0,0,0
2016,481,0,0,0,0,1,0,0,1,0,0,0,0,0,0,0,0,1,1,1,0,0,0,0,0,0,0
2016,540,1,1,0,1,1,0,0,0,0,0,0,0,1,0,1,0,1,1,1,0,0,1,0,0,0,0
2016,332,0,0,0,0,0,0,0,0,0,0,0,0,0,0,1,1,1,1,1,0,0,0,0,0,0,0
2016,41,0,0,0,0,0,0,0,0,0,0,0,0,0,0,0,0,0,0,0,0,0,0,0,0,0,0
2016,510,0,0,0,0,0,0,0,1,0,0,0,0,0,0,1,1,0,0,1,1,0,0,0,1,0,0
2016,305,0,0,0,0,0,0,0,0,1,0,0,0,0,0,1,0,1,1,1,0,0,1,0,0,1,1
2016,708,0,0,0,0,0,0,0,0,1,0,0,1,0,0,1,0,1,1,1,1,0,1,0,0,0,0
2016,755,0,0,0,0,0,0,0,0,1,1,0,1,0,1,1,0,1,0,1,1,0,0,0,0,1,1
2016,750,0,0,0,0,0,0,0,0,1,1,0,0,0,1,1,0,1,1,1,1,0,1,0,0,1,1
2016,696,0,0,0,0,0,0,0,1,1,0,0,1,0,1,1,0,1,1,1,0,0,0,0,1,1,1
2016,421,0,0,0,0,0,0,0,1,1,0,0,0,0,0,1,0,1,1,1,0,0,1,0,0,0,1
2016,827,0,0,0,0,0,0,0,0,0,0,0,0,0,0,1,1,1,1,0,0,0,0,0,0,0,1
2016,933,0,0,0,0,0,0,0,0,0,0,0,0,0,0,1,0,1,1,1,0,0,1,0,1,1,1
2016,1030,1,1,0,0,1,1,1,0,0,0,0,0,0,0,1,0,0,0,1,0,0,1,0,0,0,0
2016,1003,0,0,0,0,0,0,0,0,1,0,0,0,0,0,1,0,1,1,1,0,0,1,0,0,1,1
2016,1050,0,0,0,0,0,0,0,0,1,0,0,0,0,0,0,0,1,1,1,0,1,1,0,0,1,1
2016,1043,1,1,0,0,1,1,0,0,0,0,0,0,0,0,1,0,1,1,1,0,0,1,0,0,0,0
2016,1128,0,0,0,0,0,0,0,0,1,0,0,0,0,0,1,0,1,1,1,0,0,1,0,0,1,1
2016,934,0,0,0,0,0,0,0,0,1,0,0,1,0,0,0,0,1,0,1,1,0,0,0,0,1,0
2016,629,0,1,0,0,0,0,0,0,0,0,0,0,0,0,1,0,1,0,1,0,0,1,0,0,0,0
2016,21,0,0,0,0,0,0,0,0,0,0,0,1,0,0,0,0,1,1,1,0,1,1,0,0,0,0
2016,615,1,0,0,1,0,0,0,0,1,0,0,1,1,1,0,0,0,0,0,0,1,1,1,0,0,0
2016,626,0,1,0,1,0,1,0,1,0,0,0,1,0,0,1,0,1,1,0,0,0,1,0,0,0,0
2016,417,0,1,0,1,0,1,1,1,1,0,0,1,0,0,1,0,1,1,1,0,0,1,0,0,0,0
2016,597,0,0,0,0,1,0,1,1,1,0,0,1,0,0,0,1,1,1,0,0,0,0,1,0,0,0
2016,539,0,1,0,0,1,0,1,1,1,0,0,1,0,0,1,0,1,1,1,1,1,1,0,0,0,0
2016,343,0,0,0,0,0,0,1,1,1,0,0,1,1,0,0,0,1,1,1,0,1,1,1,0,0,0
2016,135,0,0,0,0,0,0,1,0,0,0,0,1,0,0,1,0,1,1,1,1,0,1,0,0,0,0
2016,158,0,0,0,0,0,0,0,0,0,0,0,1,0,0,1,0,1,1,1,0,0,1,0,0,0,0
2016,775,0,1,0,0,0,0,0,0,0,0,0,0,0,0,0,0,1,1,1,1,1,1,0,0,0,0
2016,177,0,0,0,0,0,1,1,0,1,0,0,1,0,0,0,0,0,1,1,0,0,1,1,0,0,0
2016,578,1,1,0,0,0,0,1,0,1,0,0,1,0,0,1,0,0,1,0,0,0,1,1,0,0,0
2016,416,1,1,0,1,1,1,0,0,0,0,0,0,0,0,1,1,1,1,0,0,0,0,0,0,0,0
2016,561,0,0,0,0,0,0,0,1,1,0,0,1,0,1,1,0,1,0,1,0,0,1,0,0,0,0
2016,62,0,0,0,0,0,0,0,0,0,0,0,0,0,0,0,0,1,0,0,0,1,1,0,0,0,0
2016,828,0,0,0,1,0,1,0,0,0,0,0,1,0,0,1,1,1,1,0,0,0,1,0,0,0,0
2016,860,0,0,0,0,0,1,1,1,1,0,0,1,0,0,0,0,1,1,1,0,1,1,1,0,0,0
2016,935,0,0,0,0,0,0,0,1,1,0,0,1,1,1,0,0,0,0,0,0,1,1,1,0,0,0
2016,936,0,0,0,1,0,1,1,0,0,0,0,1,0,0,1,1,1,1,0,0,0,0,0,0,0,0
2016,986,0,0,0,0,0,0,0,0,1,0,0,1,0,0,0,0,1,1,1,0,1,1,0,0,0,0
2016,987,0,1,0,1,1,0,0,1,0,0,0,0,1,0,0,0,0,0,0,0,1,1,1,0,0,0
2016,1021,0,0,0,1,0,1,0,0,0,0,0,1,0,0,1,1,1,1,0,0,0,1,0,0,0,0
2016,1085,0,0,0,0,0,0,0,0,0,0,0,0,1,0,1,0,1,1,0,0,0,1,0,0,0,0
2016,658,0,0,0,0,0,0,0,0,1,1,0,0,0,1,1,0,1,0,1,0,0,0,1,0,1,0
2016,353,0,0,0,0,0,0,0,0,0,0,0,0,0,0,0,0,1,0,0,0,0,0,0,1,0,1
2016,323,0,0,0,0,0,0,0,0,0,0,0,0,0,0,1,0,0,0,0,0,0,0,0,0,0,0
2016,620,0,0,0,0,0,0,0,0,0,1,0,0,0,0,0,0,1,0,1,0,0,1,0,0,1,1
2016,384,0,0,0,0,0,0,0,0,0,0,0,0,0,0,1,0,1,1,1,1,0,1,0,0,0,0
2016,554,0,0,0,0,0,0,0,0,0,1,0,0,0,0,0,0,1,1,1,0,0,1,1,0,1,0
2016,209,0,0,0,0,0,0,0,1,1,0,0,1,0,0,0,0,0,0,0,0,0,0,0,0,0,0
2016,707,1,0,0,0,0,0,0,0,1,1,0,1,0,0,1,0,1,0,1,1,0,1,0,0,1,0
2016,395,0,0,0,0,0,0,0,1,1,0,0,1,0,1,0,0,1,1,1,0,1,1,0,0,0,0
2016,969,1,1,0,1,1,1,0,0,0,0,0,0,0,1,1,1,1,1,0,0,0,0,1,0,1,0
2016,1052,0,0,0,0,0,0,0,0,0,0,0,0,0,0,1,0,1,1,1,0,1,0,0,0,0,0
2016,739,0,1,0,1,0,0,0,0,1,1,0,1,1,1,1,1,1,1,1,1,0,0,1,0,1,1
2016,613,0,0,0,0,0,0,0,0,1,1,0,0,0,1,1,0,1,1,1,1,0,1,1,0,1,1
2016,593,0,1,0,0,0,0,0,0,1,0,0,1,0,1,1,0,1,1,1,1,0,1,0,0,1,1
2016,704,0,0,0,0,0,0,1,0,0,1,0,0,0,0,1,1,1,1,1,0,0,0,1,0,1,1
2016,493,0,0,0,0,0,0,0,0,0,0,0,0,0,0,1,0,1,0,1,0,0,0,0,0,0,0
2016,686,0,1,0,0,0,0,1,0,0,1,0,0,0,1,1,0,1,1,1,0,0,1,1,0,1,1
2016,257,1,0,0,0,1,1,0,0,0,0,0,0,0,0,1,0,0,0,1,0,0,0,0,0,0,0
2016,494,0,0,0,0,1,0,0,0,0,0,0,0,0,0,0,0,0,0,0,0,1,1,0,0,0,0
2016,681,0,0,0,0,0,0,0,0,0,0,0,0,0,0,1,0,1,1,1,0,1,1,0,0,0,0
2016,286,1,0,0,0,1,1,0,0,0,0,0,0,0,0,1,0,0,0,0,0,0,1,0,0,0,0
2016,255,1,0,0,0,1,0,0,0,0,0,0,0,0,0,1,0,1,1,0,0,0,1,0,0,0,0
2016,79,0,0,0,0,0,0,0,0,0,0,0,0,0,0,1,1,1,1,0,0,0,0,0,0,0,0
2016,81,0,0,0,0,0,0,0,0,0,0,0,1,1,0,1,1,1,1,0,0,0,0,0,0,1,0
2016,688,0,1,0,0,0,0,0,0,0,1,0,0,0,1,1,0,1,1,1,0,0,1,1,0,1,1
2016,531,0,1,0,0,0,0,0,0,0,1,0,1,1,0,1,1,1,1,1,1,0,1,0,0,1,1
2016,514,0,0,0,0,0,0,0,0,1,1,0,0,0,0,1,0,0,1,1,1,0,1,0,1,1,1
2016,499,0,0,0,0,0,0,0,1,1,0,0,0,0,0,1,1,1,1,0,1,0,1,1,0,0,0
2016,532,0,1,0,0,0,0,0,0,0,1,0,0,0,0,1,0,1,1,1,1,0,1,1,0,1,1
2016,190,0,0,0,0,0,0,1,0,1,0,0,1,0,0,1,0,1,1,1,1,0,1,0,0,0,0
2016,598,0,0,1,0,0,0,0,0,0,0,0,0,0,1,1,0,1,1,1,1,0,1,0,0,1,1
2016,260,0,0,0,0,0,0,0,0,0,0,0,0,0,0,1,0,0,0,0,0,0,1,0,0,0,0
2016,838,0,0,0,0,0,0,0,1,0,0,0,0,0,0,0,0,0,1,0,0,0,0,0,0,0,0
2016,839,0,1,0,1,1,1,1,1,0,0,0,0,0,0,1,0,1,1,0,0,0,1,0,0,0,0
2016,851,0,0,0,0,0,0,1,0,0,0,0,0,0,0,0,0,0,1,0,0,0,0,0,0,0,0
2016,852,0,0,0,0,0,0,1,1,1,0,0,1,1,1,1,0,1,1,1,0,0,1,0,0,0,0
2016,988,0,0,0,0,0,0,0,0,0,0,0,0,0,0,0,0,1,1,1,1,1,1,0,0,0,0
2016,1056,1,0,0,0,1,0,1,1,0,0,0,1,0,0,1,0,1,1,1,0,0,1,0,0,0,0
2016,1044,0,0,0,0,0,0,0,0,0,0,0,0,0,0,0,0,0,0,0,0,0,0,0,0,0,0
2016,1114,0,1,0,1,1,1,0,0,1,0,0,1,0,1,0,0,1,1,1,0,1,1,1,0,1,1
2016,644,0,0,0,0,0,0,0,0,0,1,0,1,0,1,0,0,1,1,1,1,0,1,0,0,1,0
2016,752,0,0,0,0,0,0,0,0,1,1,0,1,1,1,0,0,1,1,1,1,0,1,1,0,0,0
2016,238,0,0,0,1,0,1,1,1,1,1,0,1,0,0,1,1,1,1,1,1,0,0,0,0,1,0
2016,325,0,0,0,0,0,0,0,0,0,0,0,1,0,0,1,1,1,1,0,0,0,1,0,1,0,1
2016,622,0,0,0,0,0,0,0,0,1,0,0,0,0,0,0,0,1,1,1,0,0,1,0,0,0,0
2016,879,0,1,0,0,1,0,0,1,0,0,0,0,0,0,0,0,0,0,0,0,0,1,0,1,0,0
2016,906,1,1,0,0,1,0,0,0,0,0,0,0,0,0,1,0,0,0,0,0,0,1,0,0,0,0
2016,370,0,1,0,1,0,1,0,0,1,0,0,0,0,0,1,1,1,1,0,0,0,1,0,0,0,0
2016,418,0,1,0,0,0,0,1,1,0,0,0,1,0,0,0,0,1,1,1,0,1,1,0,0,0,0
2016,574,0,0,0,0,0,0,0,1,1,0,0,1,0,0,1,0,1,1,1,0,1,1,0,0,0,0
2016,399,0,0,0,0,0,0,0,1,0,0,0,1,0,0,0,0,0,0,0,0,1,1,0,0,0,0
2016,195,0,0,0,0,0,0,0,1,0,0,0,1,0,0,0,1,0,0,0,0,0,1,0,0,0,0
2016,783,0,1,0,0,0,0,1,0,1,0,0,0,0,1,1,0,1,1,1,0,0,1,0,,,
2016,263,1,1,1,0,1,0,0,0,0,0,0,0,0,0,0,0,1,0,0,0,1,1,0,0,0,0
2016,194,0,0,0,1,0,0,0,1,1,0,0,1,0,0,0,0,1,0,0,0,1,1,0,0,0,0
2016,214,0,0,0,0,0,0,0,1,0,0,0,0,0,0,0,0,0,0,0,0,0,1,0,0,0,0
2016,785,1,1,1,1,1,1,0,0,1,0,0,1,1,1,1,0,0,1,0,0,0,1,1,0,0,0
2016,780,0,0,0,0,0,0,0,0,1,0,0,0,0,0,1,0,1,1,1,0,0,1,0,0,0,0
2016,782,1,1,1,1,1,1,0,0,1,0,0,0,0,0,1,1,0,1,0,0,1,0,1,0,0,0
2016,369,0,0,0,0,0,0,0,0,0,0,0,0,0,0,1,1,0,0,1,1,0,0,0,0,0,0
2016,713,0,1,0,1,1,1,0,1,0,0,0,1,0,0,1,0,1,1,1,1,0,1,1,0,0,0
2016,941,0,1,0,0,0,0,0,0,0,0,0,1,0,0,1,1,1,1,0,0,0,0,0,0,0,0
2016,1091,0,0,0,0,0,0,0,0,0,0,0,0,0,0,0,0,0,0,1,0,0,0,0,0,0,0
2016,1045,1,1,0,0,1,1,0,0,0,0,0,0,0,0,1,0,1,1,0,0,0,1,0,0,0,0
2016,1086,1,1,0,1,1,0,1,1,0,0,0,0,1,0,1,0,1,1,1,0,0,1,1,0,0,0
2016,937,1,1,1,1,1,1,0,0,1,0,0,0,0,0,1,0,1,1,1,0,0,1,1,1,1,0
2016,1004,0,1,0,0,1,0,0,1,0,0,0,0,0,0,0,0,0,0,0,0,1,1,0,0,0,0
2016,737,0,0,0,0,0,0,0,0,1,1,0,0,0,0,0,0,1,1,1,0,0,0,0,0,1,0
2016,765,0,0,0,0,0,0,0,0,1,1,0,0,0,0,0,0,1,0,1,0,0,0,0,0,1,0
2016,329,0,0,0,0,0,0,0,0,0,0,0,1,0,0,0,0,1,1,1,0,0,1,0,1,1,0
2016,87,0,0,0,0,0,0,0,0,0,0,0,0,0,0,1,1,1,1,1,0,0,0,0,0,0,0
2016,527,0,0,0,0,0,0,0,0,1,0,0,0,0,0,1,1,1,1,1,0,0,1,0,1,0,0
2016,562,0,0,0,0,0,0,0,0,0,0,0,0,0,0,0,1,1,1,1,0,0,1,0,0,0,1
2016,251,0,1,0,1,1,1,0,1,0,0,0,0,0,0,1,0,1,1,0,0,0,1,0,0,0,0
2016,129,0,0,0,0,0,1,0,0,0,0,0,1,0,0,1,1,1,0,1,0,0,0,0,0,0,0
2016,154,0,0,0,0,1,0,0,0,0,0,0,0,0,0,1,0,1,0,0,0,0,1,0,0,0,1
2016,516,1,1,0,1,1,0,0,0,0,0,0,0,0,0,1,0,1,1,0,0,0,0,0,0,0,0
2016,184,0,1,0,1,1,1,0,1,0,0,0,0,0,0,1,1,1,1,0,0,0,0,0,0,1,0
2016,652,0,0,0,0,0,0,0,0,0,0,0,0,0,0,1,0,1,1,1,0,0,1,0,0,0,0
2016,637,0,0,0,1,0,0,0,1,1,0,0,0,0,0,1,0,1,1,1,0,0,0,0,0,1,0
2016,88,0,0,0,0,0,0,0,0,0,0,0,0,0,0,0,0,0,0,0,1,0,0,0,0,0,0
2016,907,0,0,0,0,0,0,0,0,0,0,0,0,0,0,1,0,1,1,0,0,0,1,0,0,0,0
2016,970,0,0,0,0,0,0,0,0,0,0,0,0,0,0,1,1,1,1,1,0,0,0,0,0,0,0
2016,1019,0,1,0,0,0,0,0,0,1,0,0,0,0,0,1,0,1,1,0,0,0,1,0,0,1,0
2016,1016,0,0,0,0,1,0,0,1,0,0,0,0,0,0,1,0,1,1,0,0,0,1,0,0,0,0
2016,1047,0,0,0,0,0,0,0,0,1,1,0,1,0,0,0,0,1,1,1,1,0,0,0,0,1,0
2016,635,1,1,1,1,1,1,0,1,1,0,0,1,0,0,1,1,1,1,1,0,0,0,0,0,1,0
