año,NCODI,totHemodina_Paciente,totPaciente_radioInterv,totLitofrag_Paciente,totLitofrag_Sesion,totAceleLineal_Paciente,totAceleLineal_Sesion,totBomCobal_Paciente,totBomCobal_Sesion,totOtraRadio_Paciente,totOtraRadio_Sesion,totFisiot_Paciente,totFisiot_Sesion,totLogop_Paciente,totLogop_Sesion,totTerapOcupa_Paciente,totTerapOcupa_Sesion,totHemodial_Paciente,totHemodial_Sesion,totHemodialDom_Paciente,totHemodialDom_Sesion,totDialPerito_Paciente,totDialPerito_Sesion
2016,113,0,0,0,0,0,0,0,0,0,0,0,0,0,0,189,3402,0,0,0,0,0,0
2016,619,0,0,0,0,0,0,0,0,0,0,0,0,0,0,0,0,0,0,0,0,0,0
2016,163,0,0,0,0,0,0,0,0,0,0,0,0,0,0,0,0,0,0,0,0,0,0
2016,131,0,0,0,0,0,0,0,0,0,0,54,540,0,0,0,0,0,0,0,0,0,0
2016,375,0,0,0,0,0,0,0,0,0,0,1195,15272,0,0,0,0,0,0,0,0,0,0
2016,1090,816,2453,363,489,799,13962,0,0,0,0,15658,328816,0,0,0,0,181,16247,0,0,0,0
2016,764,1669,2090,390,500,832,17606,0,0,59,221,10763,91758,2642,5746,2094,16231,86,12830,1,209,50,16449
2016,14,0,0,0,0,0,0,0,0,0,0,0,0,0,0,0,0,0,0,0,0,0,0
2016,657,0,405,0,0,0,0,0,0,0,0,3083,26530,0,0,0,0,0,0,0,0,0,0
2016,362,55,13,0,0,0,0,0,0,0,0,1762,15858,0,0,0,0,0,0,0,0,0,0
2016,989,0,0,0,0,0,0,0,0,0,0,2547,18637,485,2005,120,1655,0,0,0,0,0,0
2016,990,0,0,0,0,0,0,0,0,0,0,2324,19925,475,1205,278,2684,0,0,0,0,0,0
2016,680,2531,4480,193,330,0,0,0,0,0,0,5741,263102,0,0,0,0,668,14052,0,0,31,11193
2016,411,11060,447,0,0,0,0,0,0,0,0,1069,21749,0,0,0,0,77,11631,0,0,0,0
2016,241,187,75,0,0,0,0,0,0,0,0,0,0,0,0,0,0,269,26891,0,0,0,0
2016,558,0,2021,0,0,0,0,0,0,0,0,1444,26006,0,0,0,0,76,12696,0,0,12,4380
2016,167,0,0,0,0,0,0,0,0,0,0,0,0,0,0,0,0,0,0,0,0,0,0
2016,248,271,235,0,0,374,428,0,0,89,212,1282,16836,0,0,0,0,424,15780,0,0,0,0
2016,224,0,0,0,0,0,0,0,0,0,0,0,0,0,0,0,0,0,0,0,0,0,0
2016,591,624,5648,174,174,0,0,0,0,0,0,14481,355041,0,0,186,2060,192,8196,0,0,38,9732
2016,586,0,1581,0,0,0,0,0,0,0,0,13902,437989,0,0,0,0,1301,13960,0,0,10,18940
2016,453,0,0,0,0,0,0,0,0,0,0,2086,98927,500,1674,1147,3824,0,0,0,0,0,0
2016,145,0,0,0,0,0,0,0,0,0,0,8,2426,0,0,0,0,0,0,0,0,0,0
2016,511,0,558,0,0,0,0,0,0,0,0,5801,104423,0,0,0,0,436,4625,0,0,60,60
2016,530,0,0,0,0,0,0,0,0,0,0,7122,276647,0,0,0,0,0,0,0,0,0,0
2016,6,0,0,50,50,0,0,0,0,0,0,0,0,0,0,0,0,0,0,0,0,0,0
2016,161,0,0,0,0,0,0,0,0,0,0,0,0,0,0,85,1200,0,0,0,0,0,0
2016,623,1692,0,0,0,774,22863,0,0,0,0,11763,209000,0,0,0,0,0,0,0,0,0,0
2016,875,168,86,0,0,813,13245,0,0,0,0,1938,32509,36,160,0,0,0,0,0,0,0,0
2016,946,0,442,0,0,0,0,0,0,0,0,2585,39824,0,0,0,0,208,2609,0,0,0,0
2016,1023,788,461,0,0,0,0,0,0,0,0,4974,76229,625,3081,0,0,297,22376,271,16523,26,5853
2016,1054,528,1282,0,0,0,0,0,0,0,0,4496,54886,387,2588,0,0,233,14361,0,0,117,572
2016,1057,0,0,0,0,0,0,0,0,0,0,275,9217,112,2093,126,3378,0,0,0,0,0,0
2016,1031,0,0,0,0,0,0,0,0,0,0,59,3053,48,1804,51,2999,0,0,0,0,0,0
2016,1032,628,450,78,89,0,0,0,0,0,0,6658,100858,446,2674,0,0,175,19018,156,15160,19,3858
2016,1064,0,258,0,0,594,13219,0,0,0,0,2372,35159,0,0,0,0,0,0,0,0,0,0
2016,226,92,69,161,161,0,0,0,0,0,0,2189,25664,0,0,0,0,6,1158,0,0,0,0
2016,687,0,0,0,0,0,0,0,0,0,0,1103,32605,0,0,202,3642,0,0,0,0,0,0
2016,745,1302,2297,0,0,736,20575,0,0,0,0,8320,47437,0,0,495,1738,330,15801,2,235,45,10921
2016,109,122,28,0,0,0,0,0,0,0,0,1409,21127,80,480,0,0,0,0,0,0,0,0
2016,808,0,894,0,0,0,0,0,0,0,0,44421,102861,0,0,0,0,59,8928,0,0,0,0
2016,971,0,0,0,0,0,0,0,0,0,0,614,37600,0,0,0,0,0,0,0,0,0,0
2016,128,0,0,0,0,0,0,0,0,0,0,690,12412,0,0,0,0,0,0,0,0,0,0
2016,919,0,1093,0,0,0,0,0,0,0,0,51245,151838,0,0,1893,5547,50,7300,1,217,16,5167
2016,725,1928,1094,0,0,1885,23499,0,0,188,895,4987,80714,259,6268,352,10764,69,10764,4,1040,16,5856
2016,3,0,0,0,0,0,0,0,0,0,0,46,7958,0,0,0,0,0,0,0,0,0,0
2016,306,0,0,0,0,0,0,0,0,0,0,0,0,0,0,102,1020,0,0,0,0,0,0
2016,15,0,0,0,0,0,0,0,0,0,0,306,7691,0,0,0,0,0,0,0,0,0,0
2016,264,0,0,0,0,0,0,0,0,0,0,0,0,0,0,0,0,0,0,0,0,0,0
2016,867,0,0,0,0,0,0,0,0,0,0,0,0,0,0,0,0,0,0,0,0,0,0
2016,910,0,0,0,0,0,0,0,0,0,0,711,22112,0,0,0,0,76,9231,0,0,0,0
2016,1053,0,975,0,0,0,0,0,0,0,0,2966,26313,0,0,0,0,0,0,0,0,0,0
2016,1055,975,879,310,883,388,420,0,0,0,0,1046,18828,78,866,0,0,0,0,0,0,0,0
2016,1081,0,0,0,0,0,0,0,0,0,0,312,48476,218,15880,312,39648,0,0,0,0,0,0
2016,1099,0,0,0,0,0,0,0,0,0,0,0,0,0,0,0,0,0,0,0,0,0,0
2016,529,0,0,0,0,0,0,0,0,0,0,1275,31515,392,8512,671,13918,0,0,0,0,0,0
2016,345,0,0,0,0,0,0,0,0,0,0,80,721,0,0,75,3315,0,0,0,0,0,0
2016,515,0,0,0,0,0,0,0,0,0,0,2663,61230,0,0,0,0,0,0,0,0,0,0
2016,174,0,0,0,0,0,0,0,0,0,0,316,17366,0,0,0,0,0,0,0,0,0,0
2016,523,0,0,0,0,0,0,0,0,0,0,6379,179630,412,14738,794,22725,0,0,0,0,0,0
2016,697,462,417,74,74,0,0,0,0,0,0,137,2453,0,0,6273,112919,0,0,0,0,0,0
2016,239,558,325,0,0,0,0,0,0,0,0,2468,84384,27,409,0,0,0,0,0,0,0,0
2016,287,321,49,170,426,592,2301,0,0,0,0,3429,218457,80,673,0,0,217,13248,0,0,0,0
2016,377,0,0,0,0,0,0,0,0,0,0,809,46702,0,0,46,2631,0,0,0,0,0,0
2016,692,0,2,0,0,0,0,0,0,0,0,5347,70747,185,3038,0,0,67,8498,0,0,30,8930
2016,335,0,0,0,0,0,0,0,0,0,0,305,5614,0,0,104,11507,0,0,0,0,0,0
2016,435,502,0,0,0,0,0,0,0,0,0,3819,79089,0,0,0,0,0,0,0,0,0,0
2016,423,0,0,0,0,0,0,0,0,0,0,1431,13014,67,680,0,0,0,0,0,0,0,0
2016,351,0,0,0,0,0,0,0,0,0,0,1856,29027,0,0,0,0,0,0,0,0,0,0
2016,810,0,0,0,0,0,0,0,0,0,0,2438,16254,170,1135,0,0,0,0,0,0,0,0
2016,830,0,0,0,0,0,0,0,0,0,0,7357,86365,0,0,0,0,56,8051,7,4502,0,0
2016,892,0,1148,0,0,0,0,0,0,0,0,5668,199256,142,1596,493,17328,66,10231,,,19,5492
2016,921,296,96,164,175,0,0,0,0,0,0,2822,57901,92,667,0,0,0,0,0,0,0,0
2016,991,0,0,0,0,0,0,0,0,0,0,313,4202,0,0,0,0,0,0,0,0,0,0
2016,992,0,0,0,0,0,0,0,0,0,0,2508,79223,0,0,224,2799,60,6277,0,0,75,2901
2016,993,0,56,0,0,0,0,0,0,0,0,61542,196835,222,1102,1530,3081,75,5202,0,0,3,620
2016,1070,3582,3767,587,587,1369,28570,0,0,70,183,12892,153887,182,1898,410,7417,71,10018,0,0,0,0
2016,1095,0,0,0,0,0,0,0,0,0,0,869,12750,0,0,0,0,0,0,0,0,0,0
2016,1094,0,0,0,0,0,0,0,0,0,0,845,12675,0,0,0,0,0,0,0,0,0,0
2016,473,0,0,0,0,0,0,0,0,0,0,0,0,0,0,0,0,0,0,0,0,0,0
2016,663,1265,0,0,0,0,0,0,0,0,0,2694,25593,0,0,0,0,233,7631,0,0,0,0
2016,552,0,0,0,0,1051,17538,0,0,75,1259,3128,42765,80,701,286,6052,0,0,0,0,0,0
2016,772,3554,4189,0,0,1196,19045,0,0,0,0,2202,31410,0,0,0,0,691,24684,3,939,67,12603
2016,568,0,0,0,0,0,0,0,0,0,0,27976,64193,327,327,4132,7544,0,0,0,0,0,0
2016,398,0,113,0,0,0,0,0,0,0,0,2478,18293,0,0,188,431,0,0,0,0,0,0
2016,394,0,531,0,0,0,0,0,0,0,0,250,10927,0,0,0,0,0,0,0,0,0,0
2016,614,0,276,0,0,0,0,0,0,0,0,255,10202,0,0,142,3461,0,0,0,0,0,0
2016,235,0,0,0,0,0,0,0,0,0,0,278,5412,0,0,0,0,0,0,0,0,0,0
2016,616,0,0,0,0,0,0,0,0,0,0,2943,28852,0,0,0,0,0,0,0,0,0,0
2016,267,1113,20,0,0,0,0,0,0,0,0,2892,27902,0,0,0,0,0,0,0,0,0,0
2016,565,0,0,0,0,0,0,0,0,0,0,3577,42043,274,2958,0,0,0,0,0,0,0,0
2016,220,0,0,0,0,0,0,0,0,0,0,93,2804,0,0,0,0,0,0,0,0,0,0
2016,278,0,0,0,0,0,0,0,0,0,0,0,0,0,0,0,0,0,0,0,0,0,0
2016,107,0,0,0,0,0,0,0,0,0,0,0,0,0,0,0,0,0,0,0,0,0,0
2016,711,1871,567,0,0,981,22720,0,0,74,353,4088,53986,608,3015,246,4079,0,0,0,0,0,0
2016,204,0,0,0,0,0,0,0,0,0,0,590,12539,0,0,344,7572,0,0,0,0,0,0
2016,579,0,0,0,0,0,0,0,0,0,0,1725,14223,1002,2258,0,0,0,0,0,0,0,0
2016,348,0,0,0,0,0,0,0,0,0,0,511,15175,0,0,0,0,0,0,0,0,0,0
2016,766,0,2546,1690,2206,0,0,0,0,0,0,0,0,0,0,0,0,584,20604,0,0,35,12230
2016,761,0,0,0,0,0,0,0,0,0,0,3219,32682,0,0,300,3500,0,0,0,0,0,0
2016,728,0,0,217,247,0,0,0,0,0,0,4872,49443,190,2816,0,0,0,0,0,0,0,0
2016,280,0,0,0,0,0,0,0,0,0,0,3213,55191,0,0,0,0,0,0,0,0,0,0
2016,222,0,0,0,0,0,0,0,0,0,0,0,0,0,0,0,0,0,0,0,0,0,0
2016,276,341,69,0,0,626,12221,0,0,0,0,2033,35066,0,0,0,0,0,0,0,0,0,0
2016,11,199,40,241,241,0,0,0,0,0,0,0,0,0,0,0,0,0,0,0,0,0,0
2016,302,0,0,0,0,0,0,0,0,0,0,904,10854,21,171,0,0,0,0,0,0,0,0
2016,682,0,0,0,0,1041,21673,0,0,0,0,190,5116,0,0,0,0,0,0,0,0,0,0
2016,279,0,0,0,0,0,0,0,0,0,0,1528,7530,0,0,0,0,0,0,0,0,0,0
2016,282,545,458,0,0,439,6805,0,0,0,0,2098,18573,0,0,0,0,0,0,0,0,0,0
2016,281,474,706,0,0,0,0,0,0,0,0,0,0,0,0,0,0,0,0,0,0,0,0
2016,183,0,0,0,0,0,0,0,0,0,0,0,0,0,0,0,0,0,0,0,0,0,0
2016,610,0,0,0,0,0,0,0,0,0,0,0,0,0,0,0,0,0,0,0,0,0,0
2016,116,0,0,0,0,0,0,0,0,0,0,1572,44317,128,605,368,6210,0,0,0,0,0,0
2016,115,0,0,0,0,0,0,0,0,0,0,37,1812,0,0,0,0,0,0,0,0,0,0
2016,114,0,0,0,0,0,0,0,0,0,0,0,0,0,0,82,1638,0,0,0,0,0,0
2016,119,0,0,0,0,0,0,0,0,0,0,0,0,0,0,0,0,0,0,0,0,0,0
2016,770,1537,2354,282,393,0,0,0,0,0,0,1502,18810,284,2676,139,2136,519,9348,0,0,61,14180
2016,583,0,0,0,0,0,0,0,0,0,0,48,696,0,0,0,0,0,0,0,0,0,0
2016,136,0,0,0,0,0,0,0,0,0,0,1567,30293,82,1453,418,4693,0,0,0,0,0,0
2016,469,0,84,0,0,0,0,0,0,0,0,1919,22997,125,817,74,1292,0,0,0,0,0,0
2016,642,0,0,0,0,0,0,0,0,0,0,3134,51189,91,1315,163,6098,0,0,0,0,0,0
2016,674,487,124,0,0,0,0,0,0,0,0,2276,14342,71,1176,213,1551,9,369,0,0,5,649
2016,193,0,0,0,0,0,0,0,0,0,0,0,0,0,0,0,0,0,0,0,0,0,0
2016,526,0,0,0,0,0,0,0,0,0,0,1075,14684,82,549,0,0,0,0,0,0,0,0
2016,698,3276,7025,502,672,0,0,0,0,0,0,2215,33404,84,1532,256,4199,145,8194,0,0,0,0
2016,630,0,699,0,0,0,0,0,0,0,0,3506,44696,619,7390,0,0,0,0,0,0,0,0
2016,124,0,0,0,0,0,0,0,0,0,0,0,0,388,4935,0,0,0,0,0,0,0,0
2016,364,0,0,0,0,0,0,0,0,0,0,2477,9023,0,0,0,0,0,0,0,0,0,0
2016,439,0,103,0,0,0,0,0,0,0,0,2928,34091,0,0,290,3372,0,0,0,0,0,0
2016,570,0,2033,0,0,215,3119,0,0,0,0,3807,44322,0,0,376,4384,69,9602,0,0,144,20215
2016,123,0,0,0,0,0,0,0,0,0,0,1127,32215,0,0,0,0,0,0,0,0,0,0
2016,310,0,0,0,0,0,0,0,0,0,0,0,0,0,0,0,0,0,0,0,0,0,0
2016,571,0,301,0,0,0,0,0,0,0,0,1601,6647,0,0,0,0,0,0,0,0,0,0
2016,296,0,0,0,0,0,0,0,0,0,0,1551,39084,88,627,525,7697,0,0,0,0,0,0
2016,566,0,0,0,0,0,0,0,0,0,0,1980,19880,0,0,0,0,186,9756,0,0,32,7004
2016,784,0,6282,0,0,0,0,0,0,0,0,7047,123110,71,1455,180,12392,212,20492,0,0,25,9263
2016,102,0,0,0,0,0,0,0,0,0,0,482,18385,0,0,0,0,0,0,0,0,0,0
2016,379,0,0,0,0,0,0,0,0,0,0,0,0,0,0,85,18880,0,0,0,0,0,0
2016,639,0,411,0,0,0,0,0,0,0,0,1576,53328,0,0,0,0,0,0,0,0,0,0
2016,457,0,0,0,0,0,0,0,0,0,0,1509,18607,60,420,4,40,0,0,0,0,0,0
2016,609,1358,562,0,0,875,21462,0,0,0,0,7333,67739,0,0,0,0,5,18,0,0,0,0
2016,101,0,0,0,0,0,0,0,0,0,0,366,22853,0,0,187,5069,0,0,0,0,0,0
2016,454,0,958,0,0,0,0,0,0,0,0,1351,6439,51,53,325,7946,0,0,0,0,0,0
2016,318,0,0,0,0,0,0,0,0,0,0,58,1525,0,0,79,1975,0,0,0,0,0,0
2016,600,0,0,0,0,0,0,0,0,0,0,109,1949,0,0,0,0,0,0,0,0,0,0
2016,545,0,0,0,0,1238,23913,0,0,0,0,4258,67944,621,2631,292,2230,190,11888,0,0,45,9647
2016,100,0,0,0,0,0,0,0,0,0,0,1,1,0,0,1,1,0,0,0,0,0,0
2016,702,1285,1564,0,0,0,0,0,0,0,0,2805,21462,417,2027,152,2694,0,0,0,0,0,0
2016,778,0,0,0,0,0,0,0,0,0,0,3006,85225,0,0,0,0,145,12965,0,0,9,2069
2016,341,0,0,0,0,0,0,0,0,0,0,1274,13584,0,0,39,428,0,0,0,0,0,0
2016,99,0,0,0,0,0,0,0,0,0,0,963,12847,0,0,459,5532,0,0,0,0,0,0
2016,767,0,597,0,0,0,0,0,0,0,0,651,1320,0,0,0,0,0,0,0,0,0,0
2016,359,0,0,0,0,0,0,0,0,0,0,688,12968,271,1116,155,1937,206,22915,0,0,0,0
2016,98,0,0,0,0,0,0,0,0,0,0,412,23950,0,0,180,4460,0,0,0,0,0,0
2016,132,0,0,0,0,0,0,0,0,0,0,349,8660,0,0,298,6660,0,0,0,0,0,0
2016,97,0,0,0,0,0,0,0,0,0,0,403,8859,11,127,227,890,0,0,0,0,0,0
2016,103,0,0,0,0,0,0,0,0,0,0,0,0,0,0,0,0,0,0,0,0,0,0
2016,110,0,0,0,0,0,0,0,0,0,0,0,0,0,0,144,4320,0,0,0,0,0,0
2016,94,0,0,0,0,0,0,0,0,0,0,52,2033,0,0,34,956,0,0,0,0,0,0
2016,91,0,0,0,0,0,0,0,0,0,0,310,9300,39,156,117,2340,0,0,0,0,0,0
2016,664,0,0,0,0,0,0,0,0,0,0,4062,49720,66,237,791,5631,0,0,0,0,0,0
2016,918,2650,3842,0,0,1651,31027,0,0,0,0,10632,195897,1203,6117,2602,29797,288,7616,0,0,58,11836
2016,92,0,0,0,0,0,0,0,0,0,0,115,4771,0,0,118,1710,0,0,0,0,0,0
2016,95,0,0,0,0,0,0,0,0,0,0,703,9902,105,395,198,1300,0,0,0,0,0,0
2016,301,0,0,0,0,0,0,0,0,0,0,3754,32592,0,0,0,0,0,0,0,0,0,0
2016,492,0,298,0,0,0,0,0,0,0,0,2800,34699,0,0,0,0,0,0,0,0,0,0
2016,811,0,0,0,0,0,0,0,0,78,332,0,0,0,0,0,0,0,0,0,0,0,0
2016,812,0,0,0,0,2717,52172,0,0,0,0,702,4523,0,0,0,0,0,0,0,0,0,0
2016,832,0,0,0,0,0,0,0,0,0,0,32,3587,0,0,32,4670,0,0,0,0,0,0
2016,841,0,0,0,0,0,0,0,0,0,0,136,4352,0,0,58,209,0,0,0,0,0,0
2016,856,0,0,0,0,0,0,0,0,0,0,330,9171,599,1572,97,2693,0,0,0,0,0,0
2016,859,0,0,0,0,0,0,0,0,0,0,0,0,0,0,0,0,0,0,0,0,0,0
2016,861,0,0,0,0,0,0,0,0,0,0,0,0,0,0,0,0,0,0,0,0,0,0
2016,880,0,0,0,0,0,0,0,0,0,0,594,13266,74,2282,314,5359,0,0,0,0,0,0
2016,883,0,0,0,0,0,0,0,0,0,0,0,0,0,0,0,0,0,0,0,0,0,0
2016,884,0,0,0,0,0,0,0,0,0,0,436,9912,18,73,409,2552,0,0,0,0,0,0
2016,877,0,0,0,0,0,0,0,0,0,0,0,0,0,0,0,0,0,0,0,0,0,0
2016,911,0,0,0,0,0,0,0,0,0,0,3010,53277,1712,3447,5942,21074,0,0,0,0,0,0
2016,913,0,0,0,0,0,0,0,0,0,0,0,0,0,0,0,0,0,0,0,0,0,0
2016,922,4,0,10,10,0,0,0,0,0,0,0,0,131,131,0,0,0,0,0,0,0,0
2016,923,0,0,0,0,0,0,0,0,0,0,0,0,0,0,0,0,0,0,0,0,0,0
2016,924,0,0,0,0,1597,30718,0,0,0,0,0,0,0,0,0,0,0,0,0,0,0,0
2016,947,0,0,0,0,0,0,0,0,0,0,48,1251,0,0,48,1027,0,0,0,0,0,0
2016,951,0,0,0,0,0,0,0,0,0,0,1020,2040,0,0,815,1715,0,0,0,0,0,0
2016,1103,0,0,0,0,0,0,0,0,0,0,650,14950,35,455,350,1400,0,0,0,0,0,0
2016,972,0,0,0,0,0,0,0,0,0,0,201,1005,100,500,201,942,0,0,0,0,0,0
2016,973,30,52,0,0,0,0,0,0,0,0,0,0,0,0,0,0,0,0,0,0,0,0
2016,974,0,0,0,0,0,0,0,0,0,0,530,7953,0,0,284,491,0,0,0,0,0,0
2016,975,0,0,0,0,0,0,0,0,0,0,232,14820,0,0,195,7280,0,0,0,0,0,0
2016,960,0,0,0,0,0,0,0,0,0,0,789,33936,12,560,444,12989,0,0,0,0,0,0
2016,1028,0,0,0,0,0,0,0,0,0,0,6,310,0,0,6,250,0,0,0,0,0,0
2016,976,0,0,0,0,0,0,0,0,0,0,679,1311,0,0,0,0,0,0,0,0,0,0
2016,977,0,0,0,0,0,0,0,0,0,0,671,13444,28,425,519,4812,0,0,0,0,0,0
2016,1020,0,0,0,0,0,0,0,0,0,0,69,184,0,0,0,0,0,0,0,0,0,0
2016,994,0,601,0,0,0,0,0,0,0,0,3846,46781,0,0,0,0,132,15211,0,0,8,2075
2016,995,0,0,0,0,0,0,0,0,0,0,694,7655,0,0,207,746,0,0,0,0,0,0
2016,1060,0,0,0,0,0,0,0,0,0,0,0,0,0,0,0,0,0,0,0,0,0,0
2016,1005,0,0,0,0,0,0,0,0,0,0,105,1759,0,0,2,37,0,0,0,0,0,0
2016,1061,0,0,0,0,0,0,0,0,0,0,7,560,0,0,6,480,0,0,0,0,0,0
2016,1006,0,0,0,0,0,0,0,0,0,0,0,0,0,0,0,0,0,0,0,0,0,0
2016,1088,0,0,0,0,0,0,0,0,0,0,0,0,0,0,0,0,0,0,0,0,0,0
2016,1089,0,0,0,0,0,0,0,0,0,0,553,9223,0,0,0,0,0,0,0,0,0,0
2016,1076,0,0,0,0,0,0,0,0,0,0,0,0,0,0,0,0,0,0,0,0,0,0
2016,1078,0,0,0,0,0,0,0,0,0,0,581,7420,0,0,617,13215,0,0,0,0,0,0
2016,1033,0,1414,0,0,0,0,0,0,0,0,5718,52390,0,0,0,0,0,0,0,0,0,0
2016,1037,0,0,0,0,0,0,0,0,0,0,0,0,0,0,123,10897,0,0,0,0,0,0
2016,1039,0,0,0,0,0,0,0,0,0,0,0,0,0,0,0,0,0,0,0,0,0,0
2016,1067,0,0,0,0,0,0,0,0,0,0,618,19776,0,0,0,0,0,0,0,0,0,0
2016,1065,0,0,0,0,0,0,0,0,0,0,1305,66375,0,0,473,23770,0,0,0,0,0,0
2016,1066,0,14,0,0,0,0,0,0,0,0,5548,72133,0,0,0,0,0,0,0,0,0,0
2016,1100,0,0,0,0,0,0,0,0,0,0,587,22285,0,0,0,0,0,0,0,0,0,0
2016,1105,0,0,0,0,0,0,0,0,0,0,1809,24448,207,247,999,5148,0,0,0,0,0,0
2016,1107,0,0,0,0,0,0,0,0,0,0,0,0,0,0,0,0,0,0,0,0,0,0
2016,1111,0,0,0,0,0,0,0,0,0,0,0,0,0,0,0,0,0,0,0,0,0,0
2016,1121,0,0,0,0,0,0,0,0,0,0,1020,2040,0,0,815,1715,0,0,0,0,0,0
2016,207,0,0,0,0,0,0,0,0,0,0,1943,40379,246,6150,0,0,0,0,0,0,0,0
2016,431,0,0,0,0,0,0,0,0,0,0,2097,22964,0,0,540,4592,0,0,0,0,0,0
2016,387,0,0,0,0,0,0,0,0,0,0,1495,65389,0,0,0,0,0,0,0,0,0,0
2016,179,0,0,0,0,0,0,0,0,0,0,77,9356,0,0,0,0,0,0,0,0,0,0
2016,606,0,0,0,0,0,0,0,0,0,0,2413,42111,0,0,0,0,31,2416,0,0,0,0
2016,925,1792,2912,0,0,1005,20652,0,0,0,0,29824,536831,0,0,1427,25504,210,18260,0,0,35,7805
2016,541,0,0,0,0,0,0,0,0,0,0,2262,72091,0,0,0,0,0,0,0,0,0,0
2016,797,0,0,0,0,0,0,0,0,0,0,801,12797,0,0,0,0,0,0,0,0,0,0
2016,627,0,0,0,0,322,9653,0,0,0,0,3250,93526,0,0,0,0,53,1706,0,0,7,84
2016,173,0,0,0,0,0,0,0,0,0,0,49,5923,0,0,465,43670,0,0,0,0,0,0
2016,636,1670,0,0,0,0,0,0,0,0,0,7083,88915,274,899,0,0,1019,8379,46,980,568,16857
2016,205,0,0,0,0,0,0,0,0,0,0,0,0,0,0,0,0,0,0,0,0,0,0
2016,814,0,0,0,0,0,0,0,0,0,0,0,0,0,0,0,0,0,0,0,0,0,0
2016,881,0,0,0,0,0,0,0,0,0,0,0,0,0,0,0,0,0,0,0,0,0,0
2016,771,581,709,395,597,1176,22674,0,0,0,0,1924,51796,221,2682,244,3821,79,7943,0,0,0,0
2016,533,97,0,0,0,0,0,0,0,0,0,1156,23938,23,145,0,0,0,0,0,0,0,0
2016,447,0,0,0,0,0,0,0,0,0,0,699,7466,0,0,0,0,0,0,0,0,0,0
2016,815,0,12,0,0,0,0,0,0,0,0,211,6330,0,0,0,0,0,0,0,0,0,0
2016,801,1330,1141,0,0,0,0,0,0,0,0,3156,59900,382,2856,472,2293,1161,12995,0,,265,8080
2016,800,0,0,0,0,0,0,0,0,0,0,1699,13823,27,1302,0,0,0,0,0,0,0,0
2016,389,0,0,0,0,0,0,0,0,0,0,2995,45709,0,0,0,0,0,0,0,0,0,0
2016,695,1146,1260,0,0,0,0,0,0,0,0,2242,27352,436,1598,67,13875,304,25888,0,0,0,0
2016,816,0,0,0,0,0,0,0,0,0,0,1814,34821,0,0,129,1287,0,0,0,0,0,0
2016,833,0,0,0,0,0,0,0,0,0,0,8935,47234,0,0,0,0,0,0,0,0,0,0
2016,870,184,0,0,0,0,0,0,0,0,0,2341,32052,118,2072,0,0,0,0,0,0,0,0
2016,927,0,0,3,3,0,0,0,0,0,0,2455,68663,0,0,0,0,0,0,0,0,0,0
2016,961,0,0,0,0,1177,11996,0,0,0,0,6537,83017,0,0,95,1717,0,0,0,0,0,0
2016,962,0,0,0,0,0,0,0,0,0,0,3557,40529,0,0,0,0,0,0,0,0,0,0
2016,1079,83,22,0,0,0,0,0,0,0,0,1685,41263,0,0,0,0,0,0,0,0,0,0
2016,1101,0,0,0,0,0,0,0,0,0,0,713,15185,4,4,0,0,0,0,0,0,0,0
2016,666,1358,2618,0,0,0,0,0,0,0,0,11301,567845,0,0,0,0,856,9797,16,2117,96,24748
2016,392,0,0,0,0,0,0,0,0,0,0,1952,35751,492,2478,427,3747,0,0,0,0,0,0
2016,790,0,395,607,607,779,19947,0,0,0,0,2901,201444,318,3375,0,0,0,0,0,0,0,0
2016,650,0,488,0,0,0,0,0,0,0,0,2621,68998,0,0,0,0,0,0,0,0,0,0
2016,876,0,530,0,0,0,0,0,0,0,0,10081,99942,0,0,0,0,0,0,0,0,0,0
2016,944,0,0,0,0,0,0,0,0,0,0,0,0,0,0,0,0,0,0,0,0,0,0
2016,952,0,132,0,0,0,0,0,0,0,0,0,0,0,0,0,0,0,0,0,0,0,0
2016,54,0,0,0,0,0,0,0,0,0,0,0,0,0,0,0,0,0,0,0,0,0,0
2016,367,0,17,0,0,0,0,0,0,0,0,0,0,0,0,0,0,0,0,0,0,0,0
2016,538,0,488,0,0,0,0,0,0,0,0,3341,36752,0,0,387,2115,0,0,0,0,0,0
2016,557,0,0,11,11,0,0,0,0,0,0,4471,32534,0,0,611,5682,0,0,0,0,0,0
2016,653,0,308,0,0,0,0,0,0,0,0,5078,33130,0,0,0,0,0,0,0,0,0,0
2016,647,0,0,0,0,0,0,0,0,0,0,2860,23360,0,0,108,2023,0,0,0,0,0,0
2016,978,1413,1472,0,0,853,16587,0,0,1131,1680,6539,55099,0,0,239,1346,1243,13868,0,0,220,5939
2016,996,0,41,0,0,0,0,0,0,0,0,2912,22718,0,0,294,2502,0,0,0,0,0,0
2016,729,3887,6512,553,728,1592,33101,0,0,72,175,3938,54669,479,2791,177,6505,179,17180,0,0,27,6801
2016,182,200,0,0,0,0,0,0,0,0,0,0,0,0,0,0,0,0,0,0,0,0,0
2016,633,52,144,0,0,212,232,0,0,0,0,361,7877,9,352,0,0,0,0,0,0,0,0
2016,685,0,11,0,0,0,0,0,0,0,0,2648,12597,0,0,160,1760,0,0,0,0,0,0
2016,683,0,0,0,0,0,0,0,0,0,0,1890,18365,0,0,0,0,15,2097,0,0,0,0
2016,945,0,0,0,0,0,0,0,0,0,0,1947,13851,0,0,0,0,0,0,0,0,0,0
2016,953,0,0,0,0,0,0,0,0,0,0,0,0,0,0,0,0,0,0,0,0,0,0
2016,1022,0,0,0,0,0,0,0,0,0,0,1191,10881,0,0,0,0,0,0,0,0,0,0
2016,1049,0,0,0,0,0,0,0,0,0,0,1630,9658,0,0,0,0,0,0,0,0,0,0
2016,794,4266,3488,472,718,0,0,0,0,0,0,5821,133867,375,5670,1776,41728,1484,12895,1046,164222,878,197550
2016,415,0,0,0,0,2451,41019,0,0,199,517,0,0,0,0,0,0,0,0,0,0,0,0
2016,592,0,0,0,0,0,0,0,0,0,0,1946,39898,0,0,0,0,134,15596,0,0,0,0
2016,497,157,13969,0,0,0,0,0,0,0,0,2212,41689,0,0,0,0,150,26371,0,0,0,0
2016,458,382,108,0,0,0,0,0,0,0,0,380,5526,4,74,0,0,0,0,0,0,0,0
2016,726,0,4,0,0,0,0,0,0,0,0,3194,171385,0,0,293,16865,78,2164,0,0,0,0
2016,272,0,0,0,0,0,0,0,0,0,0,1571,34425,91,1663,0,0,160,18072,0,0,0,0
2016,805,3876,2006,434,678,1175,23691,0,0,88,252,1846,109085,2,92,78,7287,1,6908,1,166,51,12167
2016,5,0,0,0,0,0,0,0,0,0,0,0,0,0,0,0,0,0,0,0,0,0,0
2016,234,0,0,0,0,0,0,0,0,0,0,1437,21348,83,1281,0,0,139,14222,0,0,0,0
2016,64,0,0,0,0,0,0,0,0,0,0,0,0,0,0,0,0,0,0,0,0,0,0
2016,842,0,19,0,0,0,0,0,0,0,0,875,56100,0,0,0,0,40,5060,0,0,0,0
2016,843,0,0,0,0,0,0,0,0,0,0,660,15452,0,0,0,0,11,1152,0,0,0,0
2016,803,0,1287,0,0,0,0,0,0,0,0,4246,36065,0,0,283,1784,90,6395,0,0,28,3647
2016,211,0,0,0,0,0,0,0,0,0,0,1325,18389,141,1735,0,0,0,0,0,0,0,0
2016,773,1713,2996,0,0,0,0,0,0,0,0,5422,86482,183,2398,0,0,95,933,0,0,51,4021
2016,424,0,0,0,0,0,0,0,0,0,0,0,0,0,0,0,0,0,0,0,0,0,0
2016,298,188,431,0,0,0,0,0,0,0,0,1800,40783,0,0,0,0,152,25848,0,0,0,0
2016,594,0,0,0,0,0,0,0,0,0,0,0,0,0,0,0,0,0,0,0,0,0,0
2016,237,0,0,0,0,0,0,0,0,0,0,883,15629,65,782,0,0,0,0,0,0,0,0
2016,16,0,0,0,0,0,0,0,0,0,0,155,7791,2,7,45,1687,0,0,0,0,0,0
2016,768,0,0,0,0,0,0,0,0,0,0,304,10375,5,21,0,0,0,0,0,0,0,0
2016,617,0,0,0,0,0,0,0,0,0,0,3621,47115,151,1175,0,0,129,10032,0,0,14,4490
2016,297,0,0,0,0,0,0,0,0,0,0,653,51642,0,0,0,0,0,0,0,0,0,0
2016,105,0,0,0,0,0,0,0,0,0,0,160,5324,0,0,108,3027,0,0,0,0,0,0
2016,544,0,203,0,0,0,0,0,0,0,0,2179,33486,120,1242,130,1461,0,0,0,0,0,0
2016,804,0,0,0,0,0,0,0,0,0,0,5000,75001,345,2419,1557,4673,125,8519,0,0,0,0
2016,104,0,0,0,0,0,0,0,0,0,0,0,0,0,0,199,727,0,0,0,0,0,0
2016,20,0,0,0,0,0,0,0,0,0,0,50,1333,0,0,48,1181,0,0,0,0,0,0
2016,550,0,0,0,0,0,0,0,0,0,0,2396,31697,11,23,0,0,0,0,0,0,0,0
2016,112,0,0,0,0,0,0,0,0,0,0,0,0,0,0,0,0,0,0,0,0,0,0
2016,818,0,0,0,0,0,0,0,0,0,0,425,3872,0,0,0,0,0,0,0,0,0,0
2016,882,0,0,0,0,0,0,0,0,0,0,669,8645,65,956,0,0,0,0,0,0,0,0
2016,914,0,0,0,0,0,0,0,0,0,0,476,17261,21,99,0,0,0,0,0,0,0,0
2016,928,0,0,0,0,1430,32270,0,0,0,0,0,0,0,0,0,0,0,0,0,0,0,0
2016,964,0,0,0,0,0,0,0,0,66,493,602,10314,0,0,0,0,0,0,0,0,0,0
2016,1026,0,0,0,0,0,0,0,0,0,0,364,41895,51,461,61,3206,0,0,0,0,0,0
2016,1068,0,0,0,0,0,0,0,0,0,0,0,0,0,0,346,2289,0,0,0,0,0,0
2016,1108,0,0,0,0,0,0,0,0,0,0,0,0,0,0,0,0,47,2671,0,0,0,0
2016,421,0,0,0,0,0,0,0,0,0,0,1237,33267,7,234,260,4392,0,0,0,0,0,0
2016,827,0,0,0,0,0,0,0,0,0,0,0,0,0,0,71,605,0,0,0,0,0,0
2016,933,0,615,0,0,0,0,0,0,0,0,4179,96191,0,0,0,0,0,0,0,0,0,0
2016,1030,10,0,13,42,0,0,0,0,0,0,55,14496,56,7680,38,4800,0,0,0,0,0,0
2016,1003,0,86,0,0,0,0,0,0,0,0,1863,11467,0,0,0,0,0,0,0,0,0,0
2016,1050,0,30,0,0,0,0,0,0,0,0,566,3184,0,0,0,0,0,0,0,0,0,0
2016,1043,64,0,0,0,0,0,0,0,0,0,470,9865,25,189,0,0,0,0,0,0,0,0
2016,1128,0,200,0,0,0,0,0,0,0,0,831,4721,0,0,0,0,0,0,0,0,0,0
2016,934,0,0,0,0,0,0,0,0,0,0,12139,122988,0,0,586,5120,48,6666,0,0,0,0
2016,629,1928,1773,0,0,0,0,0,0,0,0,2883,43414,199,3072,259,4392,315,4083,0,0,0,0
2016,21,0,0,0,0,0,0,0,0,0,0,0,0,0,0,0,0,0,0,0,0,0,0
2016,615,0,19,0,0,0,0,0,0,0,0,0,0,0,0,0,0,0,0,0,0,0,0
2016,626,0,0,0,0,0,0,0,0,0,0,1815,12066,0,0,0,0,0,0,0,0,0,0
2016,417,0,0,0,0,0,0,0,0,0,0,1081,25746,0,0,0,0,0,0,0,0,0,0
2016,597,0,0,0,0,0,0,0,0,0,0,1081,37601,32,607,0,0,0,0,0,0,0,0
2016,539,0,0,0,0,1582,29531,0,0,0,0,3434,86173,124,1628,0,0,0,0,0,0,0,0
2016,343,0,0,0,0,0,0,0,0,0,0,1884,30569,0,0,0,0,0,0,0,0,0,0
2016,135,0,0,0,0,0,0,0,0,0,0,94,6039,0,0,0,0,0,0,0,0,0,0
2016,158,0,0,0,0,0,0,0,0,0,0,600,19752,0,0,1836,87852,0,0,0,0,0,0
2016,775,0,1143,0,0,0,0,0,0,0,0,1122,23034,34,1099,126,2251,0,0,0,0,0,0
2016,177,0,0,0,0,505,5976,0,0,0,0,433,10399,0,0,0,0,258,20488,0,0,0,0
2016,578,0,0,0,0,0,0,0,0,0,0,550,7544,0,0,0,0,0,0,0,0,0,0
2016,416,0,0,0,0,0,0,0,0,0,0,3280,22993,543,1097,543,23868,0,0,0,0,0,0
2016,561,0,0,0,0,0,0,0,0,0,0,2303,47188,85,1068,34,604,65,5864,0,0,0,0
2016,62,0,0,0,0,0,0,0,0,0,0,0,0,0,0,0,0,0,0,0,0,0,0
2016,828,0,0,0,0,0,0,0,0,0,0,175,16428,0,0,97,5248,0,0,0,0,0,0
2016,860,0,0,0,0,0,0,0,0,0,0,3419,54945,199,5198,0,0,0,0,0,0,0,0
2016,935,0,0,0,0,0,0,0,0,0,0,0,0,0,0,0,0,0,0,0,0,0,0
2016,404,0,0,0,0,0,0,0,0,0,0,2583,56072,12,385,11,105,0,0,0,0,0,0
2016,270,118,300,0,0,246,4674,0,0,0,0,3255,70899,0,0,0,0,0,0,0,0,0,0
2016,676,0,0,0,0,0,0,0,0,0,0,2757,22000,0,0,294,1765,0,0,0,0,0,0
2016,709,0,324,0,0,0,0,0,0,0,0,2957,22554,0,0,613,6894,0,0,0,0,0,0
2016,754,2408,664,728,1176,3568,36061,0,0,915,1407,22186,269635,1476,7543,2436,50911,3444,32004,12,178,378,10949
2016,997,0,28,0,0,0,0,0,0,0,0,633,10979,0,0,0,0,0,0,0,0,0,0
2016,1069,0,0,0,0,0,0,0,0,0,0,0,0,0,0,0,0,0,0,0,0,0,0
2016,1118,112,69,31,32,0,0,0,0,0,0,2523,59595,0,0,0,0,0,0,0,0,0,0
2016,734,1048,1291,0,0,0,0,0,0,0,0,2988,66370,209,3749,323,9692,110,10508,1,253,40,7155
2016,299,0,0,0,0,0,0,0,0,0,0,1357,21155,0,0,0,0,0,0,0,0,0,0
2016,645,0,0,0,0,0,0,0,0,0,0,1025,10890,0,0,0,0,0,0,0,0,0,0
2016,17,0,0,0,0,0,0,0,0,0,0,0,0,0,0,108,1910,0,0,0,0,0,0
2016,1046,0,0,0,0,0,0,0,0,0,0,55,3658,31,2195,99,11495,0,0,0,0,0,0
2016,420,0,0,0,0,0,0,0,0,0,0,924,13611,0,0,0,0,0,0,0,0,0,0
2016,802,0,0,0,0,0,0,0,0,0,0,7696,173657,485,10043,0,0,0,0,0,0,0,0
2016,266,2225,0,0,0,0,0,0,0,0,0,1713,38051,0,0,0,0,121,11157,0,0,0,0
2016,137,0,0,0,0,0,0,0,0,0,0,979,16204,0,0,0,0,0,0,0,0,0,0
2016,769,0,0,0,0,806,18834,0,0,360,1603,88,469,0,0,0,0,0,0,0,0,0,0
2016,776,0,159,0,0,0,0,0,0,0,0,33853,110112,0,0,0,0,0,0,0,0,0,0
2016,640,0,67,0,0,0,0,0,0,0,0,2118,47629,0,0,0,0,0,0,0,0,0,0
2016,315,0,0,0,0,0,0,0,0,0,0,317,15717,165,5606,173,5792,0,0,0,0,0,0
2016,40,0,0,0,0,0,0,0,0,0,0,0,0,0,0,263,993,0,0,0,0,0,0
2016,508,0,0,0,0,0,0,0,0,0,0,3384,76634,0,0,0,0,0,0,0,0,0,0
2016,46,0,0,0,0,0,0,0,0,0,0,0,0,0,0,252,955,0,0,0,0,0,0
2016,590,0,145,0,0,0,0,0,0,0,0,5638,49039,0,0,0,0,52,6013,0,0,0,0
2016,777,0,368,0,0,0,0,0,0,0,0,1104,83492,0,0,0,0,0,0,0,0,0,0
2016,897,1167,3583,0,0,1092,18374,0,0,0,0,185658,220137,2132,2363,467,485,284,20112,0,0,23,137
2016,965,0,0,0,0,0,0,0,0,0,0,0,0,0,0,67,1798,0,0,0,0,0,0
2016,461,0,0,0,0,0,0,0,0,0,0,321,8763,0,0,0,0,0,0,0,0,0,0
2016,376,0,0,0,0,0,0,0,0,0,0,602,14896,0,0,0,0,0,0,0,0,0,0
2016,621,0,0,0,0,0,0,0,0,0,0,2484,16897,0,0,0,0,0,0,0,0,0,0
2016,793,1906,2197,0,0,1107,16556,0,0,81,90,2678,49628,379,3653,447,8747,165,12026,0,0,37,9127
2016,1102,87,57,0,0,0,0,0,0,0,0,2345,33486,0,0,0,0,0,0,0,0,0,0
2016,712,0,634,0,0,0,0,0,0,0,0,2226,91553,0,0,149,4426,56,6742,0,0,6,1525
2016,32,0,0,0,0,0,0,0,0,0,0,0,0,0,0,100,5435,0,0,0,0,0,0
2016,361,0,0,0,0,0,0,0,0,0,0,0,0,0,0,0,0,0,0,0,0,0,0
2016,486,0,0,0,0,0,0,0,0,0,0,2071,21945,0,0,0,0,0,0,0,0,0,0
2016,595,0,375,0,0,0,0,0,0,0,0,3399,101297,189,1367,0,0,95,8681,0,0,0,0
2016,433,0,0,0,0,0,0,0,0,0,0,707,11401,0,0,0,0,161,1879,0,0,0,0
2016,1058,0,0,0,0,0,0,0,0,0,0,371,7035,0,0,0,0,0,0,0,0,0,0
2016,261,0,43,0,0,0,0,0,0,0,0,0,0,0,0,0,0,0,0,0,0,0,0
2016,730,0,0,0,0,0,0,0,0,0,0,5851,57009,0,0,121,1116,0,0,0,0,0,0
2016,577,0,0,0,0,0,0,0,0,0,0,4490,47854,0,0,0,0,0,0,0,0,0,0
2016,788,3190,0,0,0,874,14741,32,219,1,8,3076,61871,0,0,178,2959,196,8330,0,0,57,11790
2016,865,0,0,0,0,0,0,0,0,0,0,1587,12529,0,0,0,0,0,0,0,0,0,0
2016,979,0,0,0,0,0,0,0,0,0,0,679,5731,0,0,0,0,0,0,0,0,0,0
2016,998,0,0,0,0,0,0,0,0,0,0,166,2213,0,0,0,0,0,0,0,0,0,0
2016,1072,0,0,0,0,0,0,0,0,0,0,1379,10799,0,0,0,0,0,0,0,0,0,0
2016,221,0,0,51,71,0,0,0,0,0,0,1090,15470,0,0,0,0,0,0,0,0,0,0
2016,506,0,0,0,0,0,0,0,0,0,0,2283,41208,0,0,0,0,0,0,0,0,0,0
2016,727,0,686,0,0,0,0,0,0,0,0,9022,207548,656,1373,352,3388,38,6061,0,0,7,2562
2016,355,0,0,0,0,0,0,0,0,0,0,2652,41419,0,0,25,318,0,0,0,0,0,0
2016,487,0,0,0,0,0,0,0,0,0,0,4064,48971,4,36,0,0,0,0,0,0,0,0
2016,938,4380,2248,1029,1029,801,17291,0,0,0,0,13010,297608,2304,6028,363,8097,64,10020,0,0,41,13610
2016,886,0,0,0,0,0,0,0,0,0,0,1057,22340,40,880,0,0,0,0,0,0,0,0
2016,835,0,0,0,0,0,0,0,0,0,0,731,9149,74,364,0,0,0,0,0,0,0,0
2016,999,0,0,0,0,0,0,0,0,0,0,71,992,0,0,30,305,0,0,0,0,0,0
2016,798,2434,1025,0,0,35,717,0,0,649,13698,352,665,0,0,0,0,71,6253,0,0,37,11960
2016,504,0,0,0,0,0,0,0,0,0,0,8481,165756,844,10211,0,0,0,0,0,0,0,0
2016,247,0,0,0,0,0,0,0,0,0,0,1038,11383,15,52,0,0,0,0,0,0,0,0
2016,216,0,0,0,0,0,0,0,0,0,0,0,0,0,0,0,0,0,0,0,0,0,0
2016,654,0,0,0,0,0,0,0,0,0,0,0,0,0,0,0,0,0,0,0,0,0,0
2016,65,0,0,0,0,0,0,0,0,0,0,0,0,0,0,0,0,0,0,0,0,0,0
2016,472,0,49,0,0,0,0,0,0,0,0,1263,22732,55,592,0,0,0,0,0,0,0,0
2016,427,0,0,0,0,0,0,0,0,0,0,0,0,0,0,94,3054,0,0,0,0,0,0
2016,491,0,0,0,0,0,0,0,0,0,0,1945,31939,43,1324,20,2058,20,2058,0,0,0,0
2016,551,0,33,0,0,0,0,0,0,0,0,697,11214,28,298,0,0,0,0,0,0,0,0
2016,106,0,0,0,0,0,0,0,0,0,0,214,10777,0,0,190,5362,0,0,0,0,0,0
2016,819,0,0,0,0,0,0,0,0,0,0,141,5410,0,0,127,5218,0,0,0,0,0,0
2016,836,0,0,0,0,0,0,0,0,0,0,15,445,0,0,15,200,0,0,0,0,0,0
2016,915,0,0,0,0,0,0,0,0,0,0,432,18640,55,306,260,12500,0,0,0,0,0,0
2016,942,0,0,0,0,0,0,0,0,0,0,0,0,0,0,187,3820,0,0,0,0,0,0
2016,748,1370,1947,75,75,873,15354,0,0,54,287,72715,173832,2018,6640,0,0,45,6841,1,224,39,7207
2016,198,0,0,0,0,0,0,0,0,0,0,0,0,0,0,0,0,0,0,0,0,0,0
2016,871,0,0,0,0,0,0,0,0,0,0,1299,19035,153,2644,116,1896,37,5273,0,0,3,960
2016,948,169,0,0,0,0,0,0,0,0,0,662,13257,0,0,0,0,0,0,0,0,0,0
2016,1051,0,0,0,0,0,0,0,0,0,0,0,0,0,0,0,0,0,0,0,0,0,0
2016,1083,0,0,0,0,0,0,0,0,0,0,0,0,0,0,0,0,0,0,0,0,0,0
2016,1096,0,0,0,0,0,0,0,0,0,0,0,0,0,0,0,0,0,0,0,0,0,0
2016,679,1116,1052,0,0,68,647,0,0,0,0,10097,147310,0,0,416,4264,912,8628,0,0,216,1462
2016,176,0,0,0,0,0,0,0,0,0,0,727,19433,0,0,0,0,0,0,0,0,0,0
2016,537,0,0,0,0,0,0,0,0,0,0,354,10815,0,0,0,0,0,0,0,0,0,0
2016,608,0,162,0,0,0,0,0,0,0,0,380,35763,0,0,0,0,48,5751,0,0,0,0
2016,596,0,0,0,0,0,0,0,0,0,0,1123,54316,0,0,0,0,0,0,0,0,0,0
2016,749,3077,2719,371,371,1129,16165,0,0,152,366,7346,223724,0,0,816,7371,50,7842,0,0,33,12107
2016,758,2727,1480,172,215,1766,34105,0,0,145,287,7000,127402,990,7779,868,13359,640,8307,0,0,0,0
2016,1104,3060,7209,0,0,1110,14747,0,0,0,0,7782,145196,172,2426,343,6092,64,1873,0,0,38,13031
2016,436,0,0,0,0,0,0,0,0,0,0,2380,68319,15,186,184,2511,0,0,0,0,0,0
2016,567,0,489,0,0,0,0,0,0,0,0,1597,22180,0,0,226,263,0,0,0,0,0,0
2016,677,1297,3744,0,0,1100,19776,0,0,0,0,8311,41328,123,721,0,0,76,12285,3,689,21,6887
2016,670,0,981,0,0,0,0,0,0,0,0,3445,13372,1101,4742,210,4265,0,0,0,0,0,0
2016,588,0,64,0,0,0,0,0,0,0,0,4729,114580,94,1619,161,3532,0,0,0,0,0,0
2016,753,5368,3656,249,444,1534,28018,0,0,0,0,23190,187924,2897,9347,3106,19157,78,12626,4,796,11,3958
2016,887,0,0,0,0,0,0,0,0,0,0,2043,60305,0,0,24613,50687,0,0,0,0,0,0
2016,245,102,0,0,0,0,0,0,0,0,0,1724,34786,0,0,0,0,0,0,0,0,0,0
2016,603,305,0,0,0,0,0,0,0,0,0,6387,268155,313,4464,0,0,0,0,0,0,0,0
2016,426,0,0,0,0,0,0,0,0,0,0,2407,27345,2,200,89,8900,0,0,0,0,0,0
2016,232,0,4,0,0,0,0,0,0,0,0,0,0,8,63,0,0,0,0,0,0,0,0
2016,288,0,0,0,0,278,5329,0,0,0,0,2475,78121,280,11059,238,13674,0,0,0,0,0,0
2016,246,0,0,19,20,0,0,0,0,0,0,0,0,0,0,0,0,148,11018,0,0,0,0
2016,284,257,81,0,0,559,10074,0,0,0,0,5654,113080,0,0,0,0,460,5686,0,0,0,0
2016,18,0,0,0,0,0,0,0,0,0,0,0,0,0,0,178,2006,0,0,0,0,0,0
2016,356,0,0,0,0,0,0,0,0,0,0,0,0,0,0,411,4217,0,0,0,0,0,0
2016,401,0,0,0,0,0,0,0,0,0,0,783,35929,154,4379,317,15351,0,0,0,0,0,0
2016,733,2295,8919,493,726,1411,28767,0,0,91,421,11905,116090,896,7969,385,2925,2214,26420,33,614,392,8121
2016,243,0,0,0,0,0,0,0,0,0,0,194,651,0,0,0,0,0,0,0,0,0,0
2016,380,0,0,0,0,0,0,0,0,0,0,729,23154,381,8681,303,2948,0,0,0,0,0,0
2016,716,87,15,0,0,0,0,0,0,0,0,605,4894,0,0,0,0,730,9736,0,0,0,0
2016,534,1107,30,0,0,0,0,0,0,0,0,1199,14394,0,0,0,0,0,0,0,0,0,0
2016,185,208,3,460,530,0,0,0,0,0,0,0,0,0,0,0,0,0,0,0,0,0,0
2016,258,139,18,238,319,147,1100,0,0,0,0,1043,9783,0,0,0,0,0,0,0,0,0,0
2016,505,0,0,0,0,0,0,0,0,0,0,2362,52697,0,0,0,0,178,17649,0,0,0,0
2016,268,255,242,0,0,0,0,0,0,0,0,0,0,0,0,0,0,1879,9512,0,0,0,0
2016,602,206,238,0,0,205,6679,0,0,0,0,981,14056,46,575,25,712,9,25,0,0,0,0
2016,254,616,661,670,1206,254,5080,0,0,0,0,0,0,0,0,0,0,0,0,0,0,0,0
2016,705,429,1553,0,0,0,0,0,0,0,0,964,5043,243,1512,0,0,0,0,0,0,0,0
2016,133,0,0,0,0,0,0,0,0,0,0,0,0,0,0,0,0,0,0,0,0,0,0
2016,33,0,0,0,0,0,0,0,0,0,0,0,0,0,0,155,2251,0,0,0,0,0,0
2016,143,0,0,0,0,0,0,0,0,0,0,25,40,0,0,0,0,0,0,0,0,0,0
2016,36,0,0,0,0,0,0,0,0,0,0,0,0,0,0,0,0,0,0,0,0,0,0
2016,756,503,652,73,158,410,9779,0,0,46,154,3811,62398,110,1442,135,2462,83,8082,0,0,0,0
2016,662,770,2300,0,0,0,0,0,0,0,0,8064,56390,339,1574,1229,6664,751,9823,11,228,227,6922
2016,192,0,0,0,0,0,0,0,0,0,0,584,17244,131,2025,184,5403,0,0,0,0,0,0
2016,382,0,0,0,0,0,0,0,0,0,0,0,0,0,0,0,0,0,0,0,0,0,0
2016,322,0,0,0,0,0,0,0,0,0,0,129,171120,0,0,103,153006,0,0,0,0,0,0
2016,478,0,0,0,0,0,0,0,0,0,0,3090,37444,0,0,887,11005,0,0,0,0,0,0
2016,352,0,0,0,0,0,0,0,0,0,0,719,19291,144,3870,203,5259,0,0,0,0,0,0
2016,628,918,500,0,0,0,0,0,0,0,0,2606,56110,0,0,0,0,121,18134,5,1672,18,6255
2016,291,0,0,0,0,0,0,0,0,0,0,33,3486,0,0,54,3560,0,0,0,0,0,0
2016,495,0,0,0,0,0,0,0,0,0,0,752,57257,7,599,415,17361,0,0,0,0,0,0
2016,845,0,1451,0,0,0,0,0,0,0,0,3537,84735,0,0,309,1515,0,0,0,0,0,0
2016,498,0,263,0,0,0,0,0,0,0,0,1307,11111,0,0,0,0,0,0,0,0,0,0
2016,314,0,0,0,0,0,0,0,0,0,0,636,18732,111,1925,230,4220,0,0,0,0,0,0
2016,720,0,0,0,0,0,0,0,0,0,0,4859,72889,0,0,0,0,0,0,0,0,0,0
2016,721,399,1713,0,0,0,0,0,0,0,0,8806,122853,1754,9299,268,4583,78,7326,0,0,16,5524
2016,485,0,0,0,0,0,0,0,0,0,0,0,0,0,0,0,0,0,0,0,0,0,0
2016,273,517,1108,0,0,0,0,0,0,0,0,766,4329,0,0,0,0,0,0,0,0,0,0
2016,846,1187,4062,114,156,0,0,0,0,0,0,5733,72847,0,0,312,4587,62,9645,0,0,22,8017
2016,847,0,0,0,0,0,0,0,0,0,0,3751,85564,0,0,0,0,0,0,0,0,0,0
2016,848,1131,178,150,182,0,0,0,0,0,0,2895,27277,0,0,114,623,18,81,0,0,0,0
2016,916,0,0,0,0,489,8722,0,0,0,0,473,574,0,0,0,0,0,0,0,0,0,0
2016,930,104,69,0,0,0,0,0,0,0,0,6200,39412,0,0,0,0,0,0,0,0,0,0
2016,954,0,4143,0,0,912,28175,0,0,0,0,5190,83732,366,4418,623,5531,0,0,0,0,0,0
2016,943,0,0,0,0,0,0,0,0,0,0,2534,48148,0,0,0,0,0,0,0,0,0,0
2016,949,2460,5150,0,0,1289,23439,0,0,109,373,16468,116874,1706,11730,3012,31261,1161,11771,0,0,826,23557
2016,980,380,860,153,191,0,0,0,0,0,0,0,0,0,0,0,0,0,0,0,0,0,0
2016,981,0,0,0,0,0,0,0,0,0,0,815,16866,211,9388,187,8090,0,0,0,0,0,0
2016,1024,669,541,0,0,1078,15244,0,0,0,0,4880,80528,52,619,0,0,0,0,0,0,0,0
2016,1017,0,0,0,0,0,0,0,0,0,0,94,800,0,0,0,0,0,0,0,0,0,0
2016,1000,161,589,0,0,831,17469,0,0,225,3829,2471,79091,0,0,0,0,13,116,0,0,0,0
2016,1018,295,241,0,0,0,0,0,0,0,0,3782,51889,225,2385,212,3015,64,6216,0,0,0,0
2016,1001,269,53,0,0,0,0,0,0,0,0,0,0,0,0,0,0,0,0,0,0,0,0
2016,1007,0,0,0,0,0,0,0,0,0,0,5661,115775,0,0,174,2194,76,10979,0,0,31,10355
2016,1008,0,0,0,0,0,0,0,0,0,0,4399,33340,0,0,256,1919,62,9088,1,233,25,8709
2016,1009,0,785,0,0,0,0,0,0,0,0,2228,42251,0,0,347,3949,86,11419,0,0,8,2500
2016,1010,0,395,0,0,0,0,0,0,0,0,1543,21839,0,0,163,2590,49,7248,0,0,5,2221
2016,1011,0,51,0,0,0,0,0,0,0,0,1497,32963,0,0,139,2047,38,5821,0,0,0,0
2016,1012,0,0,0,0,0,0,0,0,0,0,2582,43124,0,0,165,2604,92,9470,0,0,12,4799
2016,1013,2875,7764,123,138,1252,20937,0,0,0,0,7675,60175,0,0,0,0,81,16784,0,0,24,8606
2016,1041,0,0,0,0,0,0,0,0,0,0,49,1324,0,0,105,2370,0,0,0,0,0,0
2016,1073,811,480,0,0,0,0,0,0,0,0,3940,41414,349,7335,160,916,94,11708,0,0,17,3630
2016,1087,700,2094,0,0,605,17521,0,0,0,0,7087,81791,578,3756,672,6110,61,9411,1,113,7,1480
2016,1109,292,1215,0,0,0,0,0,0,0,0,3834,44939,427,4694,474,6024,50,8117,0,0,2,683
2016,1110,48,47,0,0,357,5200,0,0,0,0,3273,41934,0,0,0,0,0,0,0,0,0,0
2016,1112,0,0,0,0,0,0,0,0,0,0,3292,52284,0,0,0,0,0,0,0,0,0,0
2016,789,0,0,0,0,0,0,0,0,0,0,73,7344,0,0,0,0,0,0,0,0,0,0
2016,326,0,0,0,0,0,0,0,0,0,0,463,39840,0,0,463,29783,0,0,0,0,0,0
2016,442,356,248,0,0,0,0,0,0,0,0,1320,14674,1,5,0,0,0,0,0,0,0,0
2016,294,344,276,113,171,0,0,0,0,0,0,1301,14687,0,0,0,0,0,0,0,0,0,0
2016,378,0,0,0,0,0,0,0,0,0,0,3557,38109,0,0,0,0,0,0,0,0,0,0
2016,402,59,0,0,0,0,0,0,0,0,0,245,2994,401,16331,0,0,0,0,0,0,0,0
2016,29,0,0,0,0,0,0,0,0,0,0,0,0,0,0,200,1440,0,0,0,0,0,0
2016,450,0,0,0,0,0,0,0,0,0,0,320,4800,0,0,0,0,0,0,0,0,0,0
2016,656,0,0,0,0,0,0,0,0,0,0,678,12132,0,0,118,2006,0,0,0,0,0,0
2016,333,281,317,0,0,0,0,0,0,0,0,913,16432,0,0,0,0,193,1151,0,0,0,0
2016,668,0,183,0,0,0,0,0,0,0,0,1453,16605,0,0,0,0,20,2925,0,0,0,0
2016,684,0,0,0,0,0,0,0,0,0,0,1357,21066,0,0,0,0,0,0,0,0,0,0
2016,422,67,61,13,31,0,0,0,0,0,0,671,7689,0,0,0,0,115,1262,0,0,0,0
2016,763,2182,1419,508,848,1386,27694,0,0,0,0,12751,259412,0,0,1183,24207,1585,15365,8195,79438,2139,20740
2016,741,2914,585,0,0,2533,20297,0,0,0,0,3464,74683,161,3542,199,4378,0,0,0,0,0,0
2016,553,1071,1810,0,0,0,0,0,0,0,0,1269,26637,0,0,0,0,141,6217,0,0,0,0
2016,357,0,0,0,0,0,0,0,0,0,0,215,1451,0,0,0,0,0,0,0,0,0,0
2016,899,0,0,0,0,0,0,0,0,0,0,0,0,0,0,0,0,0,0,0,0,0,0
2016,900,0,0,0,0,0,0,0,0,0,0,131,1463,0,0,0,0,0,0,0,0,0,0
2016,932,0,0,0,0,0,0,0,0,0,0,0,0,0,0,0,0,0,0,0,0,0,0
2016,950,0,0,0,0,0,0,0,0,0,0,1525,38136,47,1416,0,0,0,0,0,0,0,0
2016,966,124,0,0,0,0,0,0,0,0,0,0,0,0,0,0,0,0,0,0,0,0,0
2016,967,0,0,0,0,0,0,0,0,0,0,104,1091,0,0,0,0,0,0,0,0,0,0
2016,982,705,243,0,0,143,2730,0,0,10,18,2240,33219,24,138,0,0,0,0,0,0,0,0
2016,1014,0,291,0,0,0,0,0,0,0,0,0,0,0,0,0,0,0,0,0,0,0,0
2016,1080,272,310,201,271,0,0,0,0,0,0,0,0,0,0,0,0,0,0,0,0,0,0
2016,1074,0,0,0,0,0,0,0,0,0,0,4500,31281,0,0,0,0,0,0,0,0,0,0
2016,1084,0,0,0,0,0,0,0,0,0,0,5828,32886,425,3848,0,0,0,0,0,0,0,0
2016,1113,0,0,0,0,0,0,0,0,0,0,39,75,0,0,0,0,0,0,0,0,0,0
2016,722,6274,5394,0,0,1105,20690,0,0,149,537,9961,162134,620,12818,584,13011,84,9161,0,0,73,26604
2016,660,0,1547,0,0,0,0,0,0,0,0,1332,26960,0,0,0,0,69,7611,0,0,0,0
2016,75,0,0,0,0,0,0,0,0,0,0,0,0,0,0,579,6810,0,0,0,0,0,0
2016,249,45,40,0,0,0,0,0,0,0,0,196,3518,0,0,0,0,0,0,0,0,0,0
2016,275,0,0,0,0,0,0,0,0,0,0,2420,38390,0,0,0,0,0,0,0,0,0,0
2016,227,255,180,0,0,0,0,0,0,0,0,0,0,0,0,0,0,0,0,0,0,0,0
2016,150,0,0,0,0,0,0,0,0,0,0,276,904,3,20,0,0,0,0,0,0,0,0
2016,47,0,0,0,0,0,0,0,0,0,0,0,0,0,0,0,0,0,0,0,0,0,0
2016,172,0,0,0,0,0,0,0,0,0,0,791,13314,0,0,0,0,0,0,0,0,0,0
2016,581,0,500,0,0,0,0,0,0,0,0,1437,29735,0,0,0,0,0,0,0,0,0,0
2016,120,0,0,0,0,0,0,0,0,0,0,2680,39590,144,5536,0,0,0,0,0,0,0,0
2016,445,0,0,0,0,0,0,0,0,0,0,112,3002,0,0,0,0,0,0,0,0,0,0
2016,471,0,0,0,0,0,0,0,0,0,0,4686,68785,0,0,0,0,0,0,0,0,0,0
2016,53,0,0,0,0,0,0,0,0,0,0,223,3345,0,0,0,0,0,0,0,0,0,0
2016,199,0,0,63,63,0,0,0,0,0,0,2126,63125,268,10359,0,0,0,0,0,0,0,0
2016,575,0,0,0,0,0,0,0,0,0,0,1047,13219,0,0,0,0,0,0,0,0,0,0
2016,528,0,338,0,0,0,0,0,0,0,0,4878,40400,0,0,0,0,0,0,0,0,0,0
2016,631,0,0,0,0,0,0,0,0,0,0,4001,25975,0,0,0,0,40,5644,,,2,744
2016,699,0,1866,0,0,0,0,0,0,0,0,14478,48670,0,0,0,0,0,0,0,0,0,0
2016,823,0,0,0,0,0,0,0,0,0,0,1795,36220,0,0,0,0,0,0,0,0,0,0
2016,849,0,0,0,0,0,0,0,0,0,0,4514,20177,0,0,0,0,0,0,0,0,0,0
2016,869,0,0,0,0,0,0,0,0,0,0,1086,15221,0,0,0,0,0,0,0,0,0,0
2016,955,0,0,0,0,0,0,0,0,0,0,0,0,0,0,50,11710,0,0,0,0,0,0
2016,983,0,0,0,0,0,0,0,0,0,0,131,2818,0,0,146,36318,0,0,0,0,0,0
2016,1002,0,0,0,0,0,0,0,0,0,0,47,1217,0,0,0,0,0,0,0,0,0,0
2016,1015,2245,5188,0,0,1042,17967,0,0,1611,1611,9328,87096,0,0,0,0,47,4999,0,0,32,10770
2016,51,0,0,0,0,0,0,0,0,0,0,0,0,0,0,0,0,0,0,0,0,0,0
2016,441,0,0,0,0,0,0,0,0,0,0,2327,41891,173,3112,232,4179,0,0,0,0,0,0
2016,327,0,0,0,0,0,0,0,0,0,0,0,0,0,0,0,0,0,0,0,0,0,0
2016,690,502,2029,82,135,465,7492,0,0,109,394,1275,17390,77,634,5,63,112,6017,0,0,0,0
2016,262,0,17,0,0,0,0,0,0,0,0,1617,32498,0,0,0,0,0,0,0,0,0,0
2016,403,0,0,0,0,0,0,0,0,0,0,62,186,0,0,0,0,0,0,0,0,0,0
2016,312,0,0,0,0,0,0,0,0,0,0,0,0,0,0,0,0,0,0,0,0,0,0
2016,589,0,0,0,0,0,0,0,0,0,0,4157,89929,0,0,0,0,0,0,0,0,0,0
2016,665,0,743,0,0,0,0,0,0,0,0,5056,91005,0,0,0,0,75,6552,0,0,0,0
2016,334,0,0,0,0,0,0,0,0,0,0,11,513,0,0,21,5229,0,0,0,0,0,0
2016,1075,1522,3222,427,578,1469,28725,0,0,1802,3127,8152,241070,268,3026,0,0,282,34080,16,1761,40,4541
2016,751,997,956,0,0,832,19803,0,0,0,0,1895,38612,0,0,203,5974,81,10470,0,0,0,0
2016,186,55,0,0,0,0,0,0,0,0,0,62,884,0,0,0,0,0,0,0,0,0,0
2016,646,0,54,0,0,0,0,0,0,0,0,562,14014,0,0,0,0,0,0,0,0,0,0
2016,536,0,0,0,0,0,0,0,0,0,0,798,18442,0,0,0,0,24,3566,0,0,0,0
2016,242,0,0,0,0,0,0,0,0,0,0,450,5550,0,0,0,0,0,0,0,0,0,0
2016,490,0,0,0,0,0,0,0,0,0,0,776,5999,353,3886,49,2088,0,0,0,0,0,0
2016,500,188,15,0,0,209,2931,0,0,0,0,1511,28487,108,840,0,0,0,0,0,0,0,0
2016,206,0,0,0,0,0,0,0,0,0,0,2045,40083,25,275,0,0,0,0,0,0,0,0
2016,58,0,0,0,0,0,0,0,0,0,0,0,0,0,0,0,0,0,0,0,0,0,0
2016,572,0,297,0,0,0,0,0,0,0,0,3161,111909,0,0,0,0,65,9299,0,0,0,0
2016,180,0,0,0,0,0,0,0,0,0,0,938,5927,0,0,0,0,0,0,0,0,0,0
2016,549,0,0,0,0,0,0,0,0,0,0,643,96129,0,0,0,0,29,2554,0,0,0,0
2016,582,0,0,0,0,0,0,0,0,0,0,2377,20273,0,0,14,261,40,3253,0,0,0,0
2016,743,1441,859,0,0,0,0,0,0,0,0,12043,495834,376,8323,543,17783,53,8416,0,0,0,0
2016,795,0,0,0,0,0,0,0,0,0,0,790,7255,0,0,0,0,96,11857,0,0,0,0
2016,269,0,0,0,0,0,0,0,0,0,0,854,8540,105,1050,0,0,0,0,0,0,0,0
2016,634,0,37,0,0,845,15660,0,0,0,0,534,19747,0,0,0,0,34,1246,0,0,0,0
2016,1,0,0,0,0,0,0,0,0,0,0,3827,16309,0,0,0,0,0,0,0,0,0,0
2016,717,0,238,0,0,0,0,0,0,0,0,934,37230,0,0,0,0,32,4959,0,0,0,0
2016,373,0,0,0,0,0,0,0,0,0,0,486,8753,0,0,0,0,0,0,0,0,0,0
2016,535,0,489,0,0,0,0,0,0,0,0,2188,67862,0,0,0,0,46,4882,0,0,0,0
2016,824,4682,5161,872,872,1514,31481,0,0,369,1280,13857,304239,555,13495,853,25373,81,13187,3,864,127,46447
2016,888,0,104,0,0,0,0,0,0,0,0,117,696,0,0,0,0,32,4299,0,0,0,0
2016,902,0,0,0,0,0,0,0,0,0,0,129,2357,0,0,0,0,0,0,0,0,0,0
2016,968,0,0,0,0,0,0,0,0,0,0,0,0,0,0,0,0,0,0,0,0,0,0
2016,346,0,0,0,0,0,0,0,0,0,0,125,6760,0,0,380,66429,0,0,0,0,0,0
2016,27,0,0,0,0,0,0,0,0,0,0,0,0,0,0,0,0,0,0,0,0,0,0
2016,165,0,0,0,0,0,0,0,0,0,0,658,11197,19,228,0,0,0,0,0,0,0,0
2016,956,0,1306,0,0,0,0,0,0,624,6233,6681,108113,0,0,0,0,66,9626,1,156,14,9294
2016,413,0,0,0,0,0,0,0,0,0,0,0,0,0,0,0,0,0,0,0,0,0,0
2016,149,0,0,0,0,0,0,0,0,0,0,1240,36070,0,0,0,0,0,0,0,0,0,0
2016,612,433,67,0,0,0,0,0,0,0,0,2821,57374,0,0,0,0,0,0,0,0,0,0
2016,559,0,7,0,0,0,0,0,0,0,0,921,16874,0,0,0,0,0,0,0,0,0,0
2016,7,0,0,0,0,0,0,0,0,0,0,113,2275,0,0,0,0,0,0,0,0,0,0
2016,283,115,283,49,54,353,6652,0,0,0,0,2514,53200,0,0,0,0,0,0,0,0,0,0
2016,37,0,0,0,0,0,0,0,0,0,0,0,0,0,0,0,0,0,0,0,0,0,0
2016,153,144,13,0,0,0,0,0,0,0,0,2428,40797,0,0,0,0,0,0,0,0,0,0
2016,547,0,0,0,0,0,0,0,0,0,0,1933,52895,0,0,87,2364,118,601,0,0,0,0
2016,397,0,0,0,0,0,0,0,0,0,0,437,6475,150,1595,348,5882,0,0,0,0,0,0
2016,556,0,0,0,0,0,0,0,0,0,0,978,94676,0,0,48,2181,69,5276,0,0,0,0
2016,42,0,0,0,0,0,0,0,0,0,0,0,0,0,0,0,0,0,0,0,0,0,0
2016,31,0,0,0,0,0,0,0,0,0,0,233,23836,4,420,0,0,0,0,0,0,0,0
2016,740,2217,3388,236,375,0,0,0,0,0,0,14183,103149,1729,6127,2198,9822,1177,13007,,,525,15290
2016,217,0,0,0,0,0,0,0,0,0,0,1831,24132,0,0,0,0,12,44,0,0,0,0
2016,863,0,0,0,0,0,0,0,0,0,0,1500,19210,0,0,0,0,0,0,0,0,0,0
2016,889,3387,3737,201,281,1746,30040,0,0,312,700,5589,50792,188,2153,357,4418,102,7687,4,782,96,33687
2016,984,0,0,0,0,0,0,0,0,0,0,1698,37798,0,0,0,0,28,226,0,0,0,0
2016,1106,0,0,0,0,0,0,0,0,0,0,345,15654,0,0,0,0,0,0,0,0,0,0
2016,34,0,0,0,0,0,0,0,0,0,0,174,8844,0,0,129,4357,0,0,0,0,0,0
2016,791,0,0,0,0,0,0,0,0,0,0,4330,92936,0,0,0,0,0,0,0,0,0,0
2016,181,0,0,0,0,0,0,0,0,0,0,92,3335,500,15720,44,2030,0,0,0,0,0,0
2016,430,0,0,0,0,0,0,0,0,0,0,2261,12425,0,0,0,0,0,0,0,0,0,0
2016,715,28,880,417,452,417,8017,0,0,0,0,4245,76147,348,5005,174,5013,112,12131,0,0,14,2149
2016,521,0,0,0,0,0,0,0,0,0,0,23559,424068,0,0,0,0,0,0,0,0,0,0
2016,524,199,60,70,78,0,0,0,0,0,0,11196,188438,1,5,0,0,10,972,0,0,0,0
2016,432,0,0,0,0,0,0,0,0,0,0,1500,29530,0,0,0,0,0,0,0,0,0,0
2016,19,0,0,0,0,0,0,0,0,0,0,0,0,0,0,0,0,0,0,0,0,0,0
2016,25,0,0,0,0,0,0,0,0,0,0,0,0,0,0,0,0,0,0,0,0,0,0
2016,26,0,0,0,0,0,0,0,0,0,0,35,328,0,0,33,10031,0,0,0,0,0,0
2016,890,399,1187,0,0,0,0,0,0,0,0,0,0,0,0,0,0,90,11901,0,0,30,1582
2016,904,0,0,0,0,0,0,0,0,0,0,0,0,0,0,0,0,0,0,0,0,0,0
2016,957,3032,4957,0,0,1928,41490,0,0,68,738,11974,215529,1123,12355,917,16505,608,15622,0,0,32,2807
2016,939,3746,2818,0,0,953,18377,0,0,78,335,14289,219189,1368,6705,6244,6244,151,17791,2,213,21,6445
2016,236,0,0,0,0,0,0,0,0,0,0,2108,44268,0,0,0,0,0,0,0,0,0,0
2016,735,1755,4000,94,98,2317,17282,0,0,0,0,95004,305227,486,5349,10062,14824,400,5639,0,0,0,0
2016,146,0,0,0,0,0,0,0,0,0,0,942,7693,0,0,0,0,0,0,0,0,0,0
2016,363,190,174,0,0,0,0,0,0,0,0,2053,57824,0,0,0,0,0,0,0,0,0,0
2016,187,100,26,0,0,0,0,0,0,0,0,4132,36328,38,196,0,0,77,12423,0,0,0,0
2016,265,0,0,0,0,0,0,0,0,0,0,0,0,0,0,0,0,0,0,0,0,0,0
2016,295,0,26,0,0,0,0,0,0,0,0,191,2864,0,0,0,0,0,0,0,0,0,0
2016,496,637,259,0,0,0,0,0,0,0,0,2617,40973,0,0,0,0,438,13980,0,0,0,0
2016,77,0,0,0,0,0,0,0,0,0,0,327,6071,0,0,0,0,0,0,0,0,0,0
2016,391,0,0,51,76,0,0,0,0,0,0,45,951,0,0,0,0,0,0,0,0,0,0
2016,240,0,0,0,0,0,0,0,0,0,0,0,0,0,0,0,0,996,7313,0,0,0,0
2016,448,0,0,0,0,0,0,0,0,0,0,1200,22800,53,719,0,0,17,1306,0,0,0,0
2016,151,0,0,0,0,0,0,0,0,0,0,104,5500,0,0,0,0,0,0,0,0,0,0
2016,425,0,0,0,0,0,0,0,0,0,0,1659,11384,0,0,0,0,92,1078,0,0,0,0
2016,300,0,0,0,0,0,0,0,0,0,0,2512,21527,0,0,0,0,0,0,0,0,0,0
2016,339,1394,1088,0,0,0,0,0,0,0,0,825,5465,0,0,0,0,7,22,0,0,0,0
2016,874,0,0,0,0,0,0,0,0,0,0,1534,23053,0,0,0,0,772,9509,0,0,0,0
2016,905,1811,601,147,224,673,17396,0,0,0,0,3107,97689,385,3231,88,1613,418,7581,0,0,45,5747
2016,736,1729,6544,144,165,1281,23780,0,0,292,810,6041,108740,947,10412,259,4665,95,8308,0,0,8,1752
2016,459,0,0,0,0,0,0,0,0,0,0,1611,56130,0,0,0,0,0,0,0,0,0,0
2016,320,0,0,0,0,0,0,0,0,0,0,3464,42093,0,0,0,0,0,0,0,0,0,0
2016,45,0,0,0,0,0,0,0,0,0,0,6,288,2,57,0,0,0,0,0,0,0,0
2016,618,0,0,0,0,0,0,0,0,0,0,990,137047,0,0,130,7462,0,0,0,0,0,0
2016,463,0,198,0,0,0,0,0,0,0,0,1283,33980,0,0,0,0,0,0,0,0,0,0
2016,891,0,0,0,0,0,0,0,0,0,0,0,0,0,0,0,0,0,0,0,0,0,0
2016,958,0,915,0,0,0,0,0,0,0,0,6106,128362,0,0,496,3946,466,6079,2,29,126,3411
2016,244,0,0,0,0,0,0,0,0,0,0,203,4357,19,228,0,0,0,0,0,0,0,0
2016,28,0,0,0,0,0,0,0,0,0,0,41,695,0,0,54,3898,0,0,0,0,0,0
2016,444,0,0,0,0,0,0,0,0,0,0,6627,38470,0,0,0,0,0,0,0,0,0,0
2016,479,0,0,0,0,0,0,0,0,0,0,92,2931,146,3568,0,0,0,0,0,0,0,0
2016,285,212,0,0,0,0,0,0,0,0,0,1382,15801,0,0,0,0,148,14517,0,0,0,0
2016,253,400,117,0,0,0,0,0,0,0,0,0,0,0,0,0,0,0,0,0,0,0,0
2016,481,51,51,0,0,0,0,0,0,0,0,3169,33374,0,0,0,0,7,39,0,0,0,0
2016,540,369,0,0,0,515,13905,0,0,0,0,1320,19800,793,2379,0,0,0,0,0,0,0,0
2016,332,0,0,0,0,0,0,0,0,0,0,0,0,0,0,0,0,0,0,0,0,0,0
2016,41,0,0,0,0,0,0,0,0,0,0,0,0,0,0,0,0,0,0,0,0,0,0
2016,510,0,59,0,0,0,0,0,0,0,0,0,0,0,0,0,0,0,0,0,0,0,0
2016,305,0,0,0,0,0,0,0,0,0,0,0,0,0,0,0,0,0,0,0,0,0,0
2016,708,0,0,0,0,0,0,0,0,0,0,1517,376216,0,0,0,0,0,0,0,0,0,0
2016,755,3127,1519,626,715,2163,31872,0,0,106,276,11727,194070,471,3705,510,14966,86,13459,1,156,64,23424
2016,750,3176,3027,0,0,1385,24911,0,0,0,0,3314,109970,22,2200,85,2282,1989,20014,0,0,0,0
2016,696,1316,140,405,672,0,0,0,0,0,0,2763,53735,0,0,61,5730,0,0,0,0,0,0
2016,936,0,0,0,0,0,0,0,0,0,0,182,396,0,0,185,381,0,0,0,0,0,0
2016,986,0,0,0,0,0,0,0,0,0,0,0,0,0,0,0,0,0,0,0,0,0,0
2016,987,0,0,0,0,0,0,0,0,0,0,3113,41827,0,0,0,0,0,0,0,0,0,0
2016,1021,0,0,0,0,0,0,0,0,0,0,127,9972,0,0,71,4840,0,0,0,0,0,0
2016,1085,0,0,0,0,0,0,0,0,0,0,0,0,0,0,0,0,0,0,0,0,0,0
2016,658,0,467,0,0,0,0,0,0,0,0,1064,19149,0,0,0,0,527,6094,22,920,43,1788
2016,353,0,0,0,0,0,0,0,0,0,0,601,7230,47,436,388,3396,0,0,0,0,0,0
2016,323,0,0,0,0,0,0,0,0,0,0,0,0,0,0,50,4677,0,0,0,0,0,0
2016,620,0,23,0,0,0,0,0,0,0,0,2734,53373,0,0,0,0,0,0,0,0,0,0
2016,384,0,0,0,0,0,0,0,0,0,0,2410,49736,159,1404,1663,18298,0,0,0,0,0,0
2016,554,0,341,0,0,0,0,0,0,0,0,4020,67177,0,0,216,3078,0,0,0,0,0,0
2016,209,0,0,0,0,0,0,0,0,0,0,0,0,0,0,0,0,0,0,0,0,0,0
2016,707,4207,2399,378,897,0,0,0,0,0,0,15115,306327,1821,10440,735,13031,1313,13539,0,0,0,0
2016,395,0,3,0,0,0,0,0,0,0,0,1239,20885,0,0,0,0,0,0,0,0,0,0
2016,969,0,0,0,0,0,0,0,0,0,0,2996,74319,0,0,0,0,0,0,0,0,0,0
2016,1052,0,0,0,0,0,0,0,0,0,0,0,0,0,0,67,1848,0,0,0,0,0,0
2016,739,2182,5591,965,1106,2574,24519,0,0,406,603,30918,477584,384,6569,3101,19372,942,7682,1,324,62,20078
2016,613,861,3682,337,609,0,0,0,0,0,0,4231,90149,0,0,0,0,1080,9381,10,1554,97,23121
2016,593,0,609,0,0,0,0,0,0,0,0,38285,350604,0,0,0,0,0,0,0,0,0,0
2016,704,11724,3008,0,0,1161,23586,0,0,0,0,1161,171131,261,2206,157,2253,946,7917,1,260,65,14625
2016,493,0,0,0,0,0,0,0,0,0,0,1607,13310,0,0,0,0,0,0,0,0,0,0
2016,686,1662,1776,0,0,1258,20163,0,0,0,0,3062,117543,230,3477,205,4173,1025,7793,28,93,426,1181
2016,257,145,171,0,0,0,0,0,0,0,0,0,0,0,0,0,0,89,8215,0,0,0,0
2016,494,0,0,0,0,0,0,0,0,0,0,0,0,0,0,0,0,0,0,0,0,0,0
2016,681,0,2771,0,0,991,25877,0,0,654,679,1029,9817,0,0,0,0,6,55,0,0,0,0
2016,286,27,0,172,172,2027,10135,0,0,0,0,24,2177,0,0,0,0,99,15545,0,0,0,0
2016,255,173,44,0,0,0,0,0,0,0,0,4963,34816,56,658,0,0,0,0,0,0,0,0
2016,79,0,0,0,0,0,0,0,0,0,0,0,0,0,0,0,0,0,0,0,0,0,0
2016,81,0,0,0,0,0,0,0,0,0,0,0,0,0,0,0,0,0,0,0,0,0,0
2016,688,0,962,0,0,0,0,0,0,0,0,9969,315827,0,0,0,0,45,7494,0,0,13,5446
2016,531,0,1673,0,0,0,0,0,0,0,0,7340,99868,0,0,0,0,60,8090,18,6570,30,5400
2016,514,0,0,0,0,0,0,0,0,0,0,1639,87263,0,0,0,0,0,0,0,0,0,0
2016,499,0,363,0,0,0,0,0,0,0,0,464,11654,30,402,47,796,0,0,0,0,0,0
2016,532,0,508,0,0,0,0,0,0,0,0,5982,105552,0,0,0,0,0,0,0,0,0,0
2016,190,0,0,0,0,0,0,0,0,0,0,1747,15922,366,2828,533,4761,0,0,0,0,0,0
2016,598,0,182,0,0,0,0,0,0,0,0,4530,143009,0,0,0,0,0,0,0,0,0,0
2016,260,582,16133,0,0,0,0,0,0,0,0,0,0,0,0,0,0,9,29,0,0,0,0
2016,838,0,0,0,0,0,0,0,0,0,0,171,1623,0,0,0,0,0,0,0,0,0,0
2016,839,0,0,0,0,0,0,0,0,0,0,91,2327,57,1459,80,2040,0,0,0,0,0,0
2016,851,0,0,0,0,0,0,0,0,0,0,0,0,0,0,0,0,0,0,0,0,0,0
2016,852,1617,2208,203,723,1565,23220,0,0,246,561,20804,440632,862,3925,0,0,183,28513,0,0,24,35040
2016,988,0,0,0,0,0,0,0,0,0,0,282,34758,69,3430,147,8752,0,0,0,0,0,0
2016,1056,586,1204,116,163,0,0,0,0,0,0,1308,16771,484,5153,0,0,231,25930,0,0,0,0
2016,1044,0,0,0,0,0,0,0,0,0,0,0,0,0,0,0,0,0,0,0,0,0,0
2016,1114,0,66,0,0,0,0,0,0,0,0,5354,26106,0,0,0,0,0,0,0,0,0,0
2016,644,0,2441,0,0,0,0,0,0,0,0,17779,278444,45,1361,46,6911,58,6827,0,0,0,0
2016,752,7819,3283,0,0,1434,31111,0,0,216,498,12151,527992,0,0,955,19410,39,6127,0,0,7,2453
2016,238,0,0,0,0,0,0,0,0,0,0,0,0,0,0,0,0,0,0,0,0,0,0
2016,325,0,0,0,0,0,0,0,0,0,0,156,6702,202,7621,165,9227,0,0,0,0,0,0
2016,622,0,207,0,0,0,0,0,0,0,0,7547,57021,0,0,0,0,0,0,0,0,0,0
2016,879,0,0,0,0,0,0,0,0,0,0,1166,14038,0,0,10,117,0,0,0,0,0,0
2016,906,368,240,0,0,474,10133,0,0,0,0,0,0,0,0,0,0,0,0,0,0,0,0
2016,370,0,91,0,0,0,0,0,0,0,0,2877,17977,0,0,0,0,0,0,0,0,0,0
2016,418,0,0,71,220,0,0,0,0,0,0,305,22115,0,0,0,0,0,0,0,0,0,0
2016,574,0,0,0,0,0,0,0,0,0,0,2261,36105,0,0,0,0,0,0,0,0,0,0
2016,399,0,0,0,0,0,0,0,0,0,0,0,0,0,0,0,0,0,0,0,0,0,0
2016,195,0,0,0,0,0,0,0,0,0,0,0,0,0,0,0,0,0,0,0,0,0,0
2016,783,553,2686,0,0,1365,25812,0,0,6,43,22092,347016,377,3984,155,4548,161,9730,0,0,52,1060
2016,263,0,0,0,0,0,0,0,0,0,0,1050,19773,0,0,0,0,0,0,0,0,0,0
2016,194,0,0,0,0,0,0,0,0,0,0,0,0,0,0,0,0,0,0,0,0,0,0
2016,214,0,0,0,0,0,0,0,0,0,0,0,0,0,0,0,0,0,0,0,0,0,0
2016,785,1678,4926,0,0,1342,34961,0,0,100,437,5598,86563,727,5213,189,2752,434,16189,0,0,91,2065
2016,780,0,567,0,0,0,0,0,0,0,0,1948,79382,0,0,0,0,0,0,0,0,0,0
2016,782,787,1767,420,482,0,0,0,0,0,0,26378,80082,0,0,28,347,209,13975,0,0,64,536
2016,369,0,0,0,0,0,0,0,0,0,0,10806,214608,313,3438,375,6749,0,0,0,0,0,0
2016,713,0,0,0,0,0,0,0,0,0,0,7526,154491,13,1378,26,276,0,0,0,0,0,0
2016,941,0,0,0,0,0,0,0,0,0,0,0,0,0,0,0,0,0,0,0,0,0,0
2016,1091,0,0,0,0,0,0,0,0,0,0,0,0,0,0,0,0,0,0,0,0,0,0
2016,1045,23,0,0,0,81,1103,0,0,0,0,1166,16395,0,0,0,0,0,0,0,0,0,0
2016,1086,0,0,0,0,1182,10651,0,0,0,0,0,0,0,0,0,0,0,0,0,0,0,0
2016,937,0,1310,0,0,401,8469,0,0,0,0,1635,79244,402,3150,120,2151,107,16113,0,0,13,4013
2016,1004,0,0,0,0,0,0,0,0,0,0,754,8377,118,2751,0,0,0,0,0,0,0,0
2016,737,1628,1646,822,824,889,28283,0,0,46,129,5309,182154,297,3849,214,11882,78,12210,0,0,36,8100
2016,765,3279,1522,0,0,1229,20096,0,0,277,3479,17080,122230,1586,8072,3386,21208,83,13000,0,0,27,8555
2016,329,0,617,0,0,0,0,0,0,0,0,859,15457,0,0,15,1500,0,0,0,0,0,0
2016,87,0,0,0,0,0,0,0,0,0,0,92,2760,0,0,152,6250,0,0,0,0,0,0
2016,527,0,83,0,0,0,0,0,0,0,0,1894,48843,0,0,2422,4316,0,0,0,0,0,0
2016,562,18,0,74,76,0,0,0,0,0,0,2578,66128,0,0,865,8620,0,0,0,0,0,0
2016,251,23,235,0,0,0,0,0,0,0,0,1589,25293,0,0,0,0,0,0,0,0,0,0
2016,129,0,0,0,0,0,0,0,0,0,0,113,7792,0,0,0,0,0,0,0,0,0,0
2016,154,0,0,0,0,0,0,0,0,0,0,1336,14415,0,0,210,2432,218,22150,0,0,0,0
2016,516,189,0,0,0,0,0,0,0,0,0,0,0,0,0,0,0,0,0,0,0,0,0
2016,184,0,0,0,0,0,0,0,0,0,0,5736,36099,0,0,0,0,0,0,0,0,0,0
2016,652,0,0,0,0,0,0,0,0,0,0,3302,60519,0,0,0,0,16,1739,0,0,0,0
2016,637,0,141,0,0,0,0,0,0,0,0,866,53185,0,0,0,0,237,2950,0,0,0,0
2016,88,0,0,0,0,0,0,0,0,0,0,0,0,0,0,0,0,0,0,0,0,0,0
2016,907,0,0,0,0,0,0,0,0,0,0,0,0,0,0,0,0,0,0,0,0,0,0
2016,970,0,0,0,0,0,0,0,0,0,0,0,0,0,0,0,0,0,0,0,0,0,0
2016,1019,0,0,0,0,0,0,0,0,0,0,973,7093,0,0,0,0,0,0,0,0,0,0
2016,1016,0,0,0,0,0,0,0,0,0,0,361,7340,0,0,0,0,0,0,0,0,0,0
2016,1047,0,0,0,0,0,0,0,0,0,0,449,8080,0,0,0,0,0,0,0,0,0,0
2016,635,0,330,0,0,0,0,0,0,0,0,3403,57350,0,0,0,0,67,9873,0,0,0,0
