año,NCODI,partoVaginal,cesareas,rNacVivos,vivos_menor2500,exitusMaternal
2016,113,0,0,0,0,0
2016,619,127,33,160,0,0
2016,163,0,0,0,0,0
2016,131,0,0,0,0,0
2016,375,0,0,0,0,0
2016,1090,2244,292,2609,239,0
2016,764,1635,455,2065,220,0
2016,14,283,198,481,0,0
2016,657,253,140,395,14,0
2016,362,13,12,25,0,0
2016,989,278,49,329,31,0
2016,990,350,114,468,17,0
2016,680,1855,424,2345,293,0
2016,411,223,237,466,20,0
2016,241,138,277,417,23,0
2016,558,716,271,1002,68,0
2016,167,3,2,5,0,0
2016,248,0,0,0,0,0
2016,224,103,54,157,4,0
2016,591,1014,294,1349,179,0
2016,586,1060,329,1416,124,0
2016,453,0,0,0,0,0
2016,145,0,0,0,0,0
2016,511,771,280,1059,83,0
2016,530,988,309,1303,90,0
2016,6,223,287,521,50,0
2016,161,0,0,0,0,0
2016,623,805,237,1069,93,0
2016,875,0,0,0,0,0
2016,946,105,111,216,12,0
2016,1023,894,226,1138,72,0
2016,1054,734,262,993,45,0
2016,1057,0,0,0,0,0
2016,1031,0,0,0,0,0
2016,1032,1256,292,1568,117,0
2016,1064,100,116,216,13,0
2016,226,303,185,488,48,0
2016,687,853,206,1073,50,0
2016,745,2361,693,3107,290,0
2016,109,391,179,574,6,0
2016,808,2220,462,2666,152,1
2016,971,0,0,0,0,0
2016,128,0,0,0,0,0
2016,919,651,229,900,47,0
2016,725,1859,572,2449,194,0
2016,3,0,0,0,0,0
2016,306,0,0,0,0,0
2016,15,0,0,0,0,0
2016,264,246,157,403,12,0
2016,867,0,0,0,0,0
2016,910,414,200,613,31,1
2016,1053,635,345,994,62,0
2016,1055,1098,312,1431,118,0
2016,1081,0,0,0,0,0
2016,1099,0,0,0,0,0
2016,529,0,0,0,0,0
2016,345,0,0,0,0,0
2016,515,0,0,0,0,0
2016,174,0,0,0,0,0
2016,523,0,0,0,0,0
2016,697,692,331,1021,57,0
2016,239,0,0,0,0,0
2016,287,347,156,514,18,0
2016,377,0,0,0,0,0
2016,692,1078,189,1291,70,0
2016,335,0,0,0,0,0
2016,435,149,75,223,6,0
2016,423,40,41,81,0,0
2016,351,0,0,0,0,0
2016,810,27,10,37,0,0
2016,830,885,135,1020,0,0
2016,892,1631,324,1986,137,0
2016,921,473,348,821,24,0
2016,991,61,16,76,0,0
2016,992,699,173,878,25,0
2016,993,433,149,592,25,0
2016,1070,1349,500,1913,299,0
2016,1095,0,0,0,0,0
2016,1094,0,0,0,0,0
2016,473,2275,845,3235,449,0
2016,663,1018,331,1360,113,0
2016,552,0,0,0,0,0
2016,772,0,0,0,0,0
2016,568,0,0,0,0,0
2016,398,0,0,0,0,0
2016,394,0,0,0,0,0
2016,614,0,0,0,0,0
2016,235,0,0,0,0,0
2016,616,0,0,0,0,0
2016,267,973,669,1642,142,0
2016,565,0,0,0,0,0
2016,220,160,138,298,8,0
2016,278,825,555,1410,90,0
2016,107,0,0,0,0,0
2016,711,1280,381,1698,127,0
2016,204,0,0,0,0,0
2016,579,0,0,0,0,0
2016,348,0,0,0,0,0
2016,766,0,0,0,0,0
2016,761,0,0,0,0,0
2016,728,0,0,0,0,0
2016,280,996,731,1773,113,0
2016,222,0,0,0,0,0
2016,276,2039,1071,3180,101,0
2016,11,158,82,240,0,0
2016,302,44,37,81,0,0
2016,682,0,0,0,0,0
2016,279,1903,883,2905,260,0
2016,282,1220,833,2125,156,0
2016,281,559,480,1072,86,0
2016,183,0,0,0,0,0
2016,610,0,0,0,0,0
2016,116,0,0,0,0,0
2016,115,0,0,0,0,0
2016,114,0,0,0,0,0
2016,119,0,0,0,0,0
2016,770,1046,419,1478,124,0
2016,583,0,0,0,0,0
2016,136,0,0,0,0,0
2016,469,104,53,157,0,0
2016,642,633,205,846,38,0
2016,674,2498,790,3374,352,0
2016,193,0,0,0,0,0
2016,526,1151,415,1606,127,0
2016,698,0,0,0,0,0
2016,630,1191,286,1486,72,0
2016,124,0,0,0,0,0
2016,364,0,0,0,0,0
2016,439,330,217,551,15,0
2016,570,1018,242,1260,86,0
2016,123,0,0,0,0,0
2016,310,0,0,0,0,0
2016,571,531,123,659,27,0
2016,296,0,0,0,0,0
2016,566,533,162,701,0,0
2016,784,1915,441,2404,219,0
2016,102,0,0,0,0,0
2016,379,0,0,0,0,0
2016,639,1232,288,1534,58,0
2016,457,0,0,0,0,0
2016,609,1449,821,2305,165,0
2016,101,0,0,0,0,0
2016,454,595,137,739,26,0
2016,318,0,0,0,0,0
2016,600,650,163,809,15,0
2016,545,1093,184,1299,90,0
2016,100,0,0,0,0,0
2016,702,851,229,1098,95,0
2016,778,983,285,1280,65,0
2016,341,0,0,0,0,0
2016,99,0,0,0,0,0
2016,767,0,0,0,0,0
2016,359,0,0,0,0,0
2016,98,0,0,0,0,0
2016,132,0,0,0,0,0
2016,97,0,0,0,0,0
2016,103,0,0,0,0,0
2016,110,0,0,0,0,0
2016,94,0,0,0,0,0
2016,91,0,0,0,0,0
2016,664,908,257,1180,71,0
2016,918,2040,834,2994,581,0
2016,92,0,0,0,0,0
2016,95,0,0,0,0,0
2016,301,0,0,0,0,0
2016,492,436,100,535,19,0
2016,811,521,253,789,78,0
2016,812,0,0,0,0,0
2016,832,0,0,0,0,0
2016,841,0,0,0,0,0
2016,856,0,0,0,0,0
2016,859,0,0,0,0,0
2016,861,0,0,0,0,0
2016,880,0,0,0,0,0
2016,883,0,0,0,0,0
2016,884,0,0,0,0,0
2016,877,0,0,0,0,0
2016,911,0,0,0,0,0
2016,913,0,0,0,0,0
2016,922,565,308,873,19,0
2016,923,0,0,0,0,0
2016,924,0,0,0,0,0
2016,947,0,0,0,0,0
2016,951,0,0,0,0,0
2016,1103,0,0,0,0,0
2016,972,0,0,0,0,0
2016,973,0,0,0,0,0
2016,974,0,0,0,0,0
2016,975,0,0,0,0,0
2016,960,0,0,0,0,0
2016,1028,0,0,0,0,0
2016,976,0,0,0,0,0
2016,977,0,0,0,0,0
2016,1020,0,0,0,0,0
2016,994,734,139,884,47,0
2016,995,0,0,0,0,0
2016,1060,0,0,0,0,0
2016,1005,0,0,0,0,0
2016,1061,0,0,0,0,0
2016,1006,0,0,0,0,0
2016,1088,0,0,0,0,0
2016,1089,0,0,0,0,0
2016,1076,0,0,0,0,0
2016,1078,0,0,0,0,0
2016,1033,0,0,0,0,0
2016,1037,0,0,0,0,0
2016,1039,0,0,0,0,0
2016,1067,0,0,0,0,0
2016,1065,0,0,0,0,0
2016,1066,215,191,423,17,0
2016,1100,0,0,0,0,0
2016,1105,0,0,0,0,0
2016,1107,0,0,0,0,0
2016,1111,0,0,0,0,0
2016,1121,0,0,0,0,0
2016,207,36,39,74,0,0
2016,431,0,0,0,0,0
2016,387,259,95,360,18,0
2016,179,0,0,0,0,0
2016,606,199,86,286,14,0
2016,925,1513,305,1863,184,0
2016,541,206,82,293,12,0
2016,797,255,89,349,0,0
2016,627,414,294,718,47,0
2016,173,0,0,0,0,0
2016,636,983,424,1450,159,1
2016,205,0,0,0,0,0
2016,814,0,0,0,0,0
2016,881,0,13,13,0,0
2016,771,1348,388,1793,203,0
2016,533,24,25,49,1,0
2016,447,177,95,276,8,0
2016,815,0,0,0,0,0
2016,801,2052,639,2808,218,0
2016,800,0,0,0,0,0
2016,389,381,228,615,18,0
2016,695,1515,474,2003,141,0
2016,816,114,160,274,6,0
2016,833,213,194,407,11,0
2016,870,207,112,319,18,0
2016,927,69,23,94,0,0
2016,961,1724,519,2243,133,1
2016,962,0,0,0,0,0
2016,1079,58,39,95,2,0
2016,1101,225,127,353,13,0
2016,666,1206,479,1740,229,0
2016,392,0,0,0,0,0
2016,790,0,0,0,0,0
2016,650,421,151,582,36,0
2016,876,1360,227,1607,63,0
2016,944,0,0,0,0,0
2016,952,578,382,960,25,0
2016,54,0,0,0,0,0
2016,367,0,0,0,0,0
2016,538,745,248,953,78,0
2016,557,292,77,377,23,0
2016,653,243,223,472,29,0
2016,647,320,161,494,14,0
2016,978,1264,450,1754,147,1
2016,996,326,150,482,30,0
2016,729,2821,728,3643,390,0
2016,182,741,396,1145,48,0
2016,633,68,35,103,7,0
2016,685,867,292,1175,75,0
2016,683,368,122,494,20,0
2016,945,390,93,490,20,0
2016,953,0,0,0,0,0
2016,1022,0,0,0,0,0
2016,1049,0,0,0,0,0
2016,794,1952,566,2539,187,0
2016,415,0,0,0,0,0
2016,592,243,142,385,0,0
2016,497,0,0,0,0,0
2016,458,711,408,1133,49,0
2016,726,820,257,1096,81,0
2016,272,0,0,0,0,0
2016,805,1984,541,2615,266,0
2016,5,0,0,0,0,0
2016,234,269,131,407,11,0
2016,64,0,0,0,0,0
2016,842,272,87,359,1,0
2016,843,172,66,238,10,0
2016,803,693,140,848,62,0
2016,211,0,0,0,0,0
2016,773,986,286,1335,221,0
2016,424,451,149,634,56,0
2016,298,516,274,796,30,0
2016,594,0,0,0,0,0
2016,237,0,0,0,0,0
2016,16,0,0,0,0,0
2016,768,67,18,88,4,0
2016,617,690,161,868,52,0
2016,297,224,85,309,9,0
2016,105,0,0,0,0,0
2016,544,327,69,398,24,0
2016,804,808,153,976,56,0
2016,104,0,0,0,0,0
2016,20,0,0,0,0,0
2016,550,0,0,0,0,0
2016,112,0,0,0,0,0
2016,818,0,0,0,0,0
2016,882,0,0,0,0,0
2016,914,0,0,0,0,0
2016,928,0,0,0,0,0
2016,964,1016,169,1180,50,0
2016,1026,0,0,0,0,0
2016,1068,0,0,0,0,0
2016,1108,160,28,189,12,0
2016,404,0,0,0,0,0
2016,270,274,174,458,21,0
2016,676,412,105,523,42,0
2016,709,803,269,1086,59,0
2016,754,4726,1238,6095,527,0
2016,997,236,64,300,13,0
2016,1069,0,0,0,0,0
2016,1118,113,88,195,6,0
2016,734,1234,334,1603,73,0
2016,299,0,0,0,0,0
2016,645,0,0,0,0,0
2016,17,0,0,0,0,0
2016,1046,0,0,0,0,0
2016,420,0,0,0,0,0
2016,802,0,0,0,0,0
2016,266,451,183,634,15,0
2016,137,0,0,0,0,0
2016,769,0,0,0,0,0
2016,776,0,0,0,0,0
2016,640,430,73,497,10,0
2016,315,0,0,0,0,0
2016,40,0,0,0,0,0
2016,508,0,0,0,0,0
2016,46,0,0,0,0,0
2016,590,704,79,791,23,0
2016,777,562,79,640,19,0
2016,897,3170,501,3800,380,0
2016,965,0,0,0,0,0
2016,461,0,0,0,0,0
2016,376,52,13,64,3,0
2016,621,293,112,408,32,0
2016,793,2637,905,3581,266,0
2016,1102,215,185,411,24,0
2016,712,538,120,666,36,0
2016,32,0,0,0,0,0
2016,361,0,0,0,0,0
2016,486,2,1,3,0,0
2016,595,498,99,604,38,0
2016,433,70,22,91,2,0
2016,1058,0,0,0,0,0
2016,261,65,34,99,0,0
2016,730,804,217,1029,57,0
2016,577,931,239,1180,58,0
2016,788,1686,499,2220,197,0
2016,865,428,109,537,24,0
2016,979,0,0,0,0,0
2016,998,0,0,0,0,0
2016,1072,0,0,0,0,0
2016,221,0,0,0,0,0
2016,506,85,36,121,3,0
2016,727,491,162,661,16,0
2016,355,0,0,0,0,0
2016,487,0,0,0,0,0
2016,938,1587,392,2027,172,0
2016,886,0,0,0,0,0
2016,835,55,38,93,0,0
2016,999,0,0,0,0,0
2016,798,2068,480,2579,161,0
2016,504,0,0,0,0,0
2016,247,189,134,323,0,0
2016,216,127,115,248,8,0
2016,654,35,20,56,2,0
2016,65,0,0,0,0,0
2016,472,120,23,145,10,0
2016,427,0,0,0,0,0
2016,491,50,30,81,4,0
2016,551,71,23,94,2,0
2016,106,0,0,0,0,0
2016,819,0,0,0,0,0
2016,836,0,0,0,0,0
2016,915,0,0,0,0,0
2016,942,0,0,0,0,0
2016,748,1608,402,2044,166,0
2016,198,0,0,0,0,0
2016,871,405,114,518,12,0
2016,948,72,58,130,0,0
2016,1051,0,0,0,0,0
2016,1083,0,0,0,0,0
2016,1096,0,0,0,0,0
2016,679,986,345,1359,135,0
2016,176,0,0,0,0,0
2016,537,0,0,0,0,0
2016,608,282,92,382,29,0
2016,596,144,60,204,7,0
2016,749,0,0,0,0,0
2016,758,3329,922,4265,230,0
2016,1104,1450,467,1945,197,0
2016,436,0,0,0,0,0
2016,567,0,0,0,0,0
2016,677,0,0,0,0,0
2016,670,0,0,0,0,0
2016,588,0,0,0,0,0
2016,753,4463,874,5490,585,0
2016,887,0,0,0,0,0
2016,245,1089,430,1527,150,0
2016,603,314,259,582,27,0
2016,426,0,0,0,0,0
2016,232,1370,652,2071,141,0
2016,288,0,0,0,0,0
2016,246,511,398,947,0,0
2016,284,239,244,491,28,0
2016,18,0,0,0,0,0
2016,356,0,0,0,0,0
2016,401,0,0,0,0,0
2016,733,1538,434,2016,150,0
2016,243,0,0,0,0,0
2016,380,0,0,0,0,0
2016,716,0,0,0,0,0
2016,534,0,0,0,0,0
2016,185,0,0,0,0,0
2016,258,0,0,0,0,0
2016,505,0,0,0,0,0
2016,268,0,0,0,0,0
2016,602,499,393,923,80,0
2016,254,590,426,1033,75,0
2016,705,702,350,1052,45,0
2016,133,1360,691,2064,64,0
2016,33,0,0,0,0,0
2016,143,0,0,0,0,0
2016,36,0,0,0,0,0
2016,756,406,131,536,15,0
2016,662,1433,342,1653,89,0
2016,192,0,0,0,0,0
2016,382,0,0,0,0,0
2016,322,0,0,0,0,0
2016,478,0,0,0,0,0
2016,352,0,0,0,0,0
2016,628,944,336,1311,138,0
2016,291,0,0,0,0,0
2016,495,0,0,0,0,0
2016,845,675,192,877,71,0
2016,498,205,79,284,26,0
2016,314,0,0,0,0,0
2016,720,0,0,0,0,0
2016,721,1413,375,1817,165,1
2016,485,0,0,0,0,0
2016,273,38,17,55,0,0
2016,846,1259,238,1526,103,0
2016,847,0,0,0,0,0
2016,848,1348,752,2149,101,0
2016,916,0,0,0,0,0
2016,930,518,188,711,40,0
2016,954,1532,306,1883,95,0
2016,943,0,0,0,0,0
2016,949,4162,1509,5915,769,0
2016,980,1155,419,1611,81,0
2016,981,0,0,0,0,0
2016,1024,1034,412,1446,79,0
2016,1017,0,0,0,0,0
2016,1000,0,0,0,0,0
2016,1018,1042,178,1232,82,0
2016,1001,451,424,894,52,0
2016,1007,1772,456,2228,144,0
2016,1008,730,186,930,54,0
2016,1009,1709,443,2180,153,0
2016,1010,813,209,1040,61,0
2016,1011,548,116,673,54,0
2016,1012,1312,343,1684,118,0
2016,1013,2394,604,3089,232,0
2016,1041,0,0,0,0,0
2016,1073,1986,434,2455,113,0
2016,1087,1824,244,2116,89,0
2016,1109,503,118,627,31,0
2016,1110,889,336,1230,17,0
2016,1112,0,0,0,0,0
2016,789,0,0,0,0,0
2016,326,0,0,0,0,0
2016,442,794,542,1332,95,4
2016,294,254,182,454,36,0
2016,378,296,227,529,23,0
2016,402,0,0,0,0,0
2016,29,0,0,0,0,0
2016,450,0,0,0,0,0
2016,656,574,198,770,40,0
2016,333,317,179,504,19,0
2016,668,447,166,586,28,0
2016,684,769,220,990,54,0
2016,422,0,0,0,0,0
2016,763,2994,1180,4317,528,0
2016,741,1335,401,1735,67,0
2016,553,2155,569,2770,245,0
2016,357,0,0,0,0,0
2016,899,0,0,0,0,0
2016,900,0,0,0,0,0
2016,932,0,0,0,0,0
2016,950,0,0,0,0,0
2016,966,173,102,292,8,0
2016,967,0,0,0,0,0
2016,982,0,0,0,0,0
2016,1014,0,0,0,0,0
2016,1080,957,308,1329,122,0
2016,1074,0,0,0,0,0
2016,1084,0,0,0,0,0
2016,1113,24,26,50,0,0
2016,722,5660,1567,7358,611,0
2016,660,0,0,0,0,0
2016,75,0,0,0,0,0
2016,249,441,338,798,31,0
2016,275,0,0,0,0,0
2016,227,474,353,835,27,0
2016,150,0,0,0,0,0
2016,47,0,0,0,0,0
2016,172,0,0,0,0,0
2016,581,404,143,552,21,0
2016,120,0,0,0,0,0
2016,445,0,0,0,0,0
2016,471,0,0,0,0,0
2016,53,0,0,0,0,0
2016,199,0,0,0,0,0
2016,575,876,292,1167,31,0
2016,528,386,123,509,24,0
2016,631,1205,417,1633,124,0
2016,699,0,0,0,0,0
2016,823,0,0,0,0,0
2016,849,0,0,0,0,0
2016,869,0,0,0,0,0
2016,955,0,0,0,0,0
2016,983,0,0,0,0,0
2016,1002,0,0,0,0,0
2016,1015,2087,675,2818,177,0
2016,51,0,0,0,0,0
2016,441,0,0,0,0,0
2016,327,0,0,0,0,0
2016,690,226,68,303,26,0
2016,262,129,43,173,8,0
2016,403,0,0,0,0,0
2016,312,0,0,0,0,0
2016,589,349,76,426,18,0
2016,665,725,143,882,0,0
2016,334,0,0,0,0,0
2016,1075,3358,611,4067,348,0
2016,751,1048,416,1484,113,0
2016,186,0,0,0,0,0
2016,646,127,24,151,8,0
2016,536,84,27,84,0,0
2016,242,0,9,9,0,0
2016,490,0,0,0,0,0
2016,500,176,87,263,0,0
2016,206,0,0,0,0,0
2016,58,0,0,0,0,0
2016,572,740,137,890,60,0
2016,180,0,0,0,0,0
2016,549,85,36,121,7,0
2016,582,194,62,258,15,0
2016,743,1347,343,1724,160,1
2016,795,0,0,0,0,0
2016,269,0,0,0,0,0
2016,634,0,0,0,0,0
2016,1,30,17,47,0,0
2016,717,253,112,369,24,0
2016,373,0,0,0,0,0
2016,535,282,69,353,21,0
2016,824,1763,403,2218,235,0
2016,888,155,39,194,7,0
2016,902,0,0,0,0,0
2016,968,0,0,0,0,0
2016,346,0,0,0,0,0
2016,27,0,0,0,0,0
2016,165,0,0,0,0,0
2016,956,723,239,975,64,0
2016,413,0,0,0,0,0
2016,149,0,0,0,0,0
2016,612,861,704,1614,73,1
2016,559,0,0,0,0,0
2016,7,0,0,0,0,0
2016,283,0,0,0,0,0
2016,37,0,0,0,0,0
2016,153,0,0,0,0,0
2016,547,951,297,1274,107,0
2016,397,0,0,0,0,0
2016,556,788,223,1024,8,0
2016,42,0,0,0,0,0
2016,31,0,0,0,0,0
2016,740,3975,550,4630,500,0
2016,217,0,0,0,0,0
2016,863,15,6,21,0,0
2016,889,0,0,0,0,0
2016,984,0,0,0,0,0
2016,1106,0,0,0,0,0
2016,34,0,0,0,0,0
2016,791,101,80,101,4,0
2016,181,0,0,0,0,0
2016,430,0,0,0,0,0
2016,715,134,46,181,6,0
2016,521,0,0,0,0,0
2016,524,71,59,131,0,0
2016,432,0,0,0,0,0
2016,19,103,68,137,0,0
2016,25,0,0,0,0,0
2016,26,0,0,0,0,0
2016,890,1141,320,1498,119,0
2016,904,409,114,526,16,0
2016,957,2930,802,3809,315,0
2016,939,1539,424,2004,172,0
2016,236,171,151,322,0,0
2016,735,2284,603,2934,316,0
2016,146,0,0,0,0,0
2016,363,0,0,0,0,0
2016,187,0,0,0,0,0
2016,265,0,0,0,0,0
2016,295,0,0,0,0,0
2016,496,669,108,782,24,0
2016,77,0,0,0,0,0
2016,391,0,0,0,0,0
2016,240,101,31,132,1,0
2016,448,75,17,92,1,0
2016,151,0,0,0,0,0
2016,425,33,22,55,0,0
2016,300,0,0,0,0,0
2016,339,246,85,333,4,0
2016,874,316,131,454,23,0
2016,905,2041,576,2669,246,0
2016,736,2482,719,3264,195,1
2016,459,0,0,0,0,0
2016,320,0,0,0,0,0
2016,45,0,0,0,0,0
2016,618,364,89,452,20,0
2016,463,0,0,0,0,0
2016,891,244,233,475,16,0
2016,958,681,247,943,79,0
2016,244,0,0,0,0,0
2016,28,0,0,0,0,0
2016,444,0,0,0,0,0
2016,479,0,0,0,0,0
2016,285,55,32,87,4,0
2016,253,1065,482,1641,159,0
2016,481,147,120,266,16,0
2016,540,336,133,442,27,0
2016,332,0,0,0,0,0
2016,41,0,0,0,0,0
2016,510,0,0,0,0,0
2016,305,0,0,0,0,0
2016,708,779,250,1029,46,0
2016,755,4600,1416,6128,562,0
2016,750,2271,678,3004,264,
2016,696,2161,611,2818,228,0
2016,421,0,0,0,0,0
2016,827,0,0,0,0,0
2016,933,0,0,0,0,0
2016,1030,538,391,929,70,1
2016,1003,0,0,0,0,0
2016,1050,0,0,0,0,0
2016,1043,1795,740,2585,57,0
2016,1128,245,84,331,9,0
2016,934,482,94,583,45,0
2016,629,1088,284,1423,194,0
2016,21,0,0,0,0,0
2016,615,690,189,872,30,0
2016,626,147,159,310,8,0
2016,417,0,0,0,0,0
2016,597,93,50,143,2,0
2016,539,1233,274,1507,115,0
2016,343,57,113,170,4,0
2016,135,0,0,0,0,0
2016,158,0,0,0,0,0
2016,775,800,227,1043,60,0
2016,177,0,0,0,0,0
2016,578,64,39,103,2,0
2016,416,0,0,0,0,0
2016,561,301,99,403,19,0
2016,62,0,0,0,0,0
2016,828,0,0,0,0,0
2016,860,19,19,38,0,0
2016,935,0,0,0,0,0
2016,936,0,0,0,0,0
2016,986,0,0,0,0,0
2016,987,487,122,605,19,0
2016,1021,0,0,0,0,0
2016,1085,0,0,0,0,0
2016,658,441,111,553,13,0
2016,353,0,0,0,0,0
2016,323,0,0,0,0,0
2016,620,368,85,462,32,0
2016,384,0,0,0,0,0
2016,554,825,241,1079,73,0
2016,209,0,0,0,0,0
2016,707,2659,641,3374,264,0
2016,395,0,0,0,0,0
2016,969,0,0,0,0,0
2016,1052,0,0,0,0,0
2016,739,3742,1335,5107,622,0
2016,613,814,294,1117,82,1
2016,593,0,0,0,0,0
2016,704,1047,299,1404,128,0
2016,493,0,0,0,0,0
2016,686,1039,368,1414,88,0
2016,257,1056,968,2073,137,0
2016,494,0,0,0,0,0
2016,681,0,0,0,0,0
2016,286,98,44,142,8,0
2016,255,261,105,371,26,0
2016,79,0,0,0,0,0
2016,81,0,0,0,0,0
2016,688,784,311,1110,73,0
2016,531,648,187,843,56,0
2016,514,100,73,174,10,0
2016,499,0,0,0,0,0
2016,532,488,154,650,36,0
2016,190,0,0,0,0,0
2016,598,236,60,304,21,0
2016,260,1914,1790,3696,306,0
2016,838,0,0,0,0,0
2016,839,0,0,0,0,0
2016,851,0,0,0,0,0
2016,852,1298,340,1657,96,0
2016,988,0,0,0,0,0
2016,1056,1292,259,1569,77,0
2016,1044,0,0,0,0,0
2016,1114,0,0,0,0,0
2016,644,1544,475,2069,167,0
2016,752,928,306,1255,114,0
2016,238,0,0,0,0,0
2016,325,0,0,0,0,0
2016,622,163,130,295,20,0
2016,879,0,0,0,0,0
2016,906,285,282,567,25,0
2016,370,0,0,0,0,0
2016,418,0,0,0,0,0
2016,574,0,0,0,0,0
2016,399,0,0,0,0,0
2016,195,0,0,0,0,0
2016,783,2112,288,2447,192,0
2016,263,0,0,0,0,0
2016,194,0,0,0,0,0
2016,214,0,0,0,0,0
2016,785,4459,667,5277,496,1
2016,780,0,0,0,0,0
2016,782,0,0,0,0,0
2016,369,0,0,0,0,0
2016,713,0,0,0,0,0
2016,941,0,0,0,0,0
2016,1091,0,0,0,0,0
2016,1045,289,94,388,19,0
2016,1086,1047,323,1272,0,0
2016,937,652,209,861,0,0
2016,1004,0,4,4,0,0
2016,737,1632,458,2137,169,1
2016,765,3326,583,4041,423,0
2016,329,0,0,0,0,0
2016,87,0,0,0,0,0
2016,527,0,0,0,0,0
2016,562,0,0,0,0,0
2016,251,62,49,111,4,0
2016,129,0,0,0,0,0
2016,154,0,0,0,0,0
2016,516,474,383,836,0,0
2016,184,0,0,0,0,0
2016,652,0,0,0,0,0
2016,637,208,44,256,11,0
2016,88,0,0,0,0,0
2016,907,0,0,0,0,0
2016,970,0,0,0,0,0
2016,1019,0,0,0,0,0
2016,1016,614,331,954,45,0
2016,1047,1185,294,1489,45,0
2016,635,2119,882,3026,144,1
