año,NCODI,biopsias_hosp,biopsias_CEP,necropsias_hosp,angio_hosp,angio_CEP,densiometrias_hosp,densiometrias_CEP,gamma_hosp,gamma_CEP,mamo_hosp,mamo_CEP,pet_hosp,pet_CEP,resonancia_hosp,resonancia_CEP,rx_hosp,rx_CEP,spect_hosp,spect_CEP,tac_hosp,tac_CEP,Colonosopia,Broncoscopia,ERCP
2016,113,0,0,0,0,0,0,0,0,0,0,0,0,0,0,0,0,0,0,0,0,0,0,0,0
2016,619,0,0,0,0,0,0,0,0,0,1074,0,0,0,5009,0,10760,0,0,0,1516,0,2334,3,2
2016,163,422,0,0,0,0,657,0,0,0,924,0,0,0,5549,0,6732,0,0,0,1546,0,275,0,0
2016,131,0,0,0,0,0,0,0,0,0,0,0,0,0,0,0,0,0,0,0,0,0,0,0,0
2016,375,0,0,0,0,0,0,0,0,0,0,0,0,0,0,0,2620,0,0,0,0,0,0,0,0
2016,1090,27583,0,270,30,0,0,0,3021,0,3792,0,0,0,0,0,197568,0,0,0,24380,0,1007,66,34
2016,764,21751,0,20,216,0,2704,0,0,0,4007,0,0,0,5773,0,192397,0,0,0,24044,0,2211,708,377
2016,14,0,0,0,0,0,0,0,0,0,0,0,0,0,0,0,0,0,0,0,0,0,254,0,0
2016,657,6643,0,3,0,0,0,0,0,0,1183,0,0,0,0,0,42250,0,0,0,5130,0,1389,58,0
2016,362,3119,0,0,0,0,0,0,1055,0,23472,0,0,0,8646,0,10007,0,0,0,4039,0,2252,0,0
2016,989,0,0,0,0,0,0,0,0,0,1236,0,0,0,0,0,34043,0,0,0,4596,0,1076,53,0
2016,990,0,0,0,0,0,0,0,0,0,1209,0,0,0,0,0,47281,0,0,0,4381,0,1109,245,0
2016,680,26626,0,19,2776,0,5951,0,0,0,6454,0,0,0,9553,0,156525,23448,0,0,25335,0,4024,979,261
2016,411,6715,0,0,563,0,5680,0,0,0,4118,0,0,0,8456,0,44717,0,0,0,5093,0,1162,14,14
2016,241,2656,0,2,0,0,0,0,0,0,196,0,0,0,5532,0,18668,0,0,0,2628,0,0,0,0
2016,558,10247,0,5,0,0,2354,0,0,0,2207,0,0,0,9422,0,52078,8601,0,0,9804,0,2024,165,119
2016,167,0,0,0,0,0,146,0,0,0,0,0,0,0,0,0,744,0,0,0,0,0,33,0,0
2016,248,0,0,0,278,0,639,0,1320,0,2637,0,1092,0,24325,0,28959,0,0,0,9629,0,711,57,0
2016,224,1163,0,0,0,0,624,0,0,0,1119,0,0,0,1871,0,10132,0,0,0,1754,0,740,0,0
2016,591,14747,0,27,0,0,2690,0,0,0,5395,0,0,0,14254,0,116770,0,0,0,14853,0,2492,318,123
2016,586,22857,0,10,0,0,3789,0,0,0,6743,0,0,0,0,0,149283,0,0,0,21532,0,2618,242,110
2016,453,0,0,0,0,0,0,0,0,0,0,0,0,0,0,0,17218,0,0,0,3414,0,582,8,0
2016,145,0,0,0,0,0,0,0,0,0,0,0,0,0,0,0,0,0,0,0,0,0,0,0,0
2016,511,14048,0,7,0,0,0,0,0,0,4320,0,0,0,0,0,68850,40343,0,0,13307,0,3653,2420,76
2016,530,18074,0,14,0,0,0,0,0,0,2120,0,0,0,0,0,67505,30780,0,0,13757,0,6405,316,102
2016,6,402,0,0,121,0,2080,0,978,0,3553,0,490,0,5794,0,28840,0,0,0,4585,0,0,0,0
2016,161,0,0,0,0,0,0,0,0,0,0,0,0,0,0,0,0,0,0,0,0,0,0,0,0
2016,623,19156,0,3,0,0,0,4428,0,0,9349,0,0,0,6450,0,115985,15809,10466,0,19243,0,2608,1632,102
2016,875,3196,0,0,48,0,1264,0,184,0,2571,0,241,0,4576,0,31132,0,38,0,5569,0,796,47,6
2016,946,4541,0,0,159,0,1321,0,255,0,2207,0,0,0,6877,0,29582,0,0,0,4932,0,677,28,17
2016,1023,13448,0,12,453,0,6405,0,0,0,4115,0,0,0,5936,0,142347,0,0,0,18264,0,3611,307,105
2016,1054,12328,0,15,1472,0,4915,0,0,0,5665,0,0,0,9795,0,87624,0,0,0,13001,0,2402,103,50
2016,1057,0,0,0,0,0,0,0,0,0,0,0,0,0,0,0,1102,0,0,0,212,0,0,0,0
2016,1031,0,0,0,0,0,0,0,0,0,0,0,0,0,0,0,0,0,0,0,0,0,0,0,0
2016,1032,12069,0,12,322,0,4928,0,0,0,3775,0,4420,0,4450,0,131075,0,1711,0,14147,0,3036,530,155
2016,1064,5479,0,0,126,0,1148,0,0,0,2784,0,0,0,8270,0,22746,0,0,0,3985,0,1380,14,23
2016,226,259,0,0,0,0,1594,0,399,0,2092,0,0,0,7760,0,9226,0,0,0,2688,0,2220,0,0
2016,687,14193,0,0,0,0,0,0,0,0,4181,0,0,0,6812,0,97779,0,0,0,7798,0,1846,166,0
2016,745,11590,0,11,1030,0,4160,0,3104,0,9390,16275,0,0,5315,0,152324,72959,1602,0,16462,4251,4381,557,299
2016,109,5423,0,0,0,0,1294,0,0,0,1005,0,0,0,4970,0,30763,0,0,0,4340,0,1376,8,7
2016,808,15418,0,12,0,0,0,0,0,0,10247,0,0,0,7080,0,139543,0,0,0,13210,0,3225,168,151
2016,971,2687,0,0,0,0,0,0,0,0,634,0,0,0,0,0,44726,0,0,0,2374,0,824,0,0
2016,128,0,0,0,0,0,498,0,0,0,1121,0,0,0,0,0,20063,0,0,0,0,0,165,0,0
2016,919,9519,0,14,0,0,1026,0,0,0,8687,0,0,0,6664,0,89454,15716,0,0,15655,0,2936,137,66
2016,725,23632,0,18,345,0,3640,0,0,0,4578,0,3878,0,15024,0,172495,0,8133,0,24396,0,3006,616,322
2016,3,0,0,0,0,0,0,0,0,0,0,0,0,0,0,0,0,0,0,0,0,0,0,0,0
2016,306,0,0,0,0,0,0,0,0,0,0,0,0,0,0,0,0,0,0,0,0,0,0,0,0
2016,15,152,0,0,0,0,56,0,0,0,232,0,0,0,0,0,2734,0,0,0,0,0,56,0,0
2016,264,0,0,0,0,0,0,0,0,0,1371,0,0,0,4986,0,20530,0,0,0,5463,0,617,22,0
2016,867,250,0,0,0,0,404,0,0,0,880,0,0,0,0,0,8765,0,0,0,0,0,180,0,0
2016,910,0,0,0,0,0,0,0,0,0,3351,0,0,0,2765,0,66679,0,0,0,7880,0,1134,104,2
2016,1053,12819,0,1,0,0,0,0,0,0,5781,0,0,0,6073,0,76054,6072,0,0,12361,0,3455,163,0
2016,1055,12151,0,6,0,0,2198,0,0,0,6067,0,0,0,4065,0,125640,0,0,0,16388,0,2048,255,0
2016,1081,0,0,0,0,0,0,0,0,0,0,0,0,0,0,0,0,0,0,0,0,0,0,0,0
2016,1099,0,0,0,0,0,57,0,0,0,53,0,0,0,312,0,4001,0,0,0,464,0,0,0,0
2016,529,0,0,0,0,0,0,0,0,0,0,0,0,0,0,0,958,0,0,0,0,0,0,0,0
2016,345,0,0,0,0,0,0,0,0,0,0,0,0,0,0,0,0,0,0,0,0,0,0,0,0
2016,515,0,0,0,0,0,0,0,0,0,0,0,0,0,3575,0,21962,0,0,0,764,0,0,0,0
2016,174,0,0,0,0,0,0,0,0,0,0,0,0,0,0,0,0,0,0,0,0,0,650,0,0
2016,523,0,0,0,0,0,0,0,0,0,0,0,0,0,0,0,14550,0,0,0,0,0,0,0,0
2016,697,0,0,0,74,0,3747,0,739,0,8468,0,569,0,12982,0,85397,0,174,0,8922,0,1538,44,8
2016,239,7582,0,0,0,0,1165,0,0,0,3265,0,0,0,9204,0,31523,0,0,0,8547,0,1202,60,0
2016,287,5121,0,0,60,0,2809,0,838,0,4350,0,0,0,9745,0,63265,0,99,0,6734,0,2809,57,37
2016,377,0,0,0,0,0,0,0,0,0,0,0,0,0,0,0,4680,0,0,0,0,0,0,0,0
2016,692,10981,0,15,0,0,831,0,0,0,5456,0,0,0,3523,0,86954,0,0,0,8672,0,1646,192,0
2016,335,0,0,0,0,0,0,0,0,0,0,0,0,0,0,0,0,0,0,0,0,0,0,0,0
2016,435,2401,0,4,43,0,659,0,0,0,2230,0,0,0,6509,0,34225,0,0,0,4817,0,356,13,0
2016,423,0,0,0,0,0,217,0,0,0,525,0,0,0,1829,0,11324,0,0,0,1926,0,0,0,0
2016,351,0,0,0,0,0,259,0,0,0,818,0,0,0,1582,0,25036,0,0,0,1198,0,104,8,0
2016,810,0,0,0,0,0,81,0,0,0,806,0,0,0,0,0,10548,0,0,0,1463,0,0,0,0
2016,830,9402,0,1,0,0,0,0,0,0,3221,0,0,0,0,0,68257,0,0,0,8505,0,1705,0,47
2016,892,19706,0,85,64,0,1259,0,0,0,4914,0,0,0,6220,0,105331,0,0,0,16905,0,1544,414,134
2016,921,2764,0,0,762,0,3060,0,1084,0,6551,0,0,0,13038,0,50450,0,939,0,10568,0,1919,35,41
2016,991,0,0,0,0,0,0,0,0,0,326,0,0,0,0,0,6444,0,0,0,0,0,0,0,0
2016,992,7455,0,17,0,0,0,0,0,0,1450,0,0,0,6999,0,59508,0,0,0,7249,0,1761,98,32
2016,993,6235,0,4,0,0,985,0,0,0,1109,0,0,0,4588,0,42180,7461,0,0,5984,0,1161,58,0
2016,1070,26468,0,128,956,0,1724,0,6047,0,7457,0,2296,0,19101,0,172684,0,889,0,31290,0,2962,945,200
2016,1095,128,0,0,0,0,61,0,0,0,351,0,0,0,1310,0,9794,0,0,0,2128,0,125,11,0
2016,1094,0,0,0,0,0,0,0,0,0,138,0,0,0,3684,0,1957,0,0,0,1104,0,284,0,0
2016,473,0,0,0,0,0,0,0,0,0,0,0,0,0,0,0,14202,0,0,0,0,0,,,
2016,663,22919,0,0,1977,0,2555,0,1998,0,16939,0,486,0,13017,0,94684,8857,592,0,30130,0,6408,644,23
2016,552,0,0,0,846,0,917,0,0,0,7760,0,0,0,0,0,30254,0,0,0,3977,0,,,
2016,772,42018,0,359,3588,0,4271,0,6965,0,8357,0,2901,0,23082,0,252226,0,1949,0,41459,0,6389,1087,477
2016,568,0,0,0,0,0,0,0,0,0,0,0,0,0,7138,0,17885,0,0,0,3777,0,,,
2016,398,230,0,0,0,0,0,0,0,0,0,0,0,0,8269,0,10267,0,0,0,4110,0,9,,
2016,394,0,0,0,0,0,0,0,0,0,0,0,0,0,1159,0,7188,0,0,0,0,0,,,
2016,614,0,0,0,0,0,0,0,0,0,0,0,0,0,0,0,0,0,0,0,0,0,,,
2016,235,0,0,0,0,0,0,0,0,0,0,0,0,0,0,0,4046,0,0,0,0,0,,,
2016,616,4011,0,0,0,0,0,0,0,0,0,0,0,0,0,0,0,0,0,0,0,0,1057,,
2016,267,1691,0,0,0,0,0,0,0,0,0,0,0,0,0,0,1544,0,0,0,0,0,855,3,97
2016,565,2458,0,0,0,0,238,0,0,0,338,0,0,0,2180,0,12775,0,0,0,4553,0,1126,2,
2016,220,0,0,0,204,0,256,0,0,0,634,0,0,0,0,0,12951,0,0,0,1986,0,759,6,19
2016,278,0,0,0,0,0,0,0,0,0,0,0,0,0,0,0,0,0,0,0,0,0,3404,9,22
2016,107,0,0,0,0,0,0,0,0,0,0,0,0,0,0,0,0,0,0,0,0,0,,,
2016,711,23462,0,63,1041,0,3754,0,0,0,19889,0,3730,0,11811,0,108571,0,5177,0,32397,0,7564,1109,373
2016,204,0,0,0,0,0,0,0,0,0,97,0,0,0,0,0,560,0,0,0,0,0,,,
2016,579,0,0,0,0,0,0,0,0,0,0,0,0,0,0,0,17081,0,0,0,269,0,223,9,0
2016,348,14,0,0,0,0,0,0,0,0,0,0,0,0,0,0,2398,0,0,0,0,0,,,
2016,766,3527,0,0,218,0,0,0,367,0,0,0,0,0,533,0,22418,0,0,0,3908,0,,,
2016,761,0,0,0,0,0,0,0,0,0,0,0,0,0,0,0,0,0,0,0,0,0,,,
2016,728,13292,0,8,0,0,0,0,1953,0,5425,0,0,0,8162,0,94730,0,0,0,13509,0,3361,207,0
2016,280,0,0,0,0,0,2752,0,0,0,8735,0,0,0,21361,0,124263,0,0,0,12445,0,3432,88,65
2016,222,0,0,0,0,0,0,0,0,0,0,0,0,0,0,0,10333,0,0,0,0,0,440,8,3
2016,276,15057,0,8,0,0,3541,0,4292,0,8143,0,1980,0,16542,0,122766,0,0,0,28627,0,1759,109,24
2016,11,0,0,0,0,0,0,0,0,0,0,0,0,0,0,0,13838,0,0,0,0,0,4755,72,172
2016,302,0,0,0,0,0,0,0,0,0,2892,0,0,0,0,0,0,0,0,0,0,0,584,0,0
2016,682,4280,0,1,0,0,410,0,0,0,290,0,128,0,3859,0,22886,0,82,0,5494,0,1294,65,14
2016,279,12933,0,18,0,0,0,0,0,0,0,0,0,0,23134,0,88980,0,0,0,22814,0,4106,64,17
2016,282,8619,0,0,133,0,2157,0,0,0,8257,0,1499,0,24819,0,81726,0,2816,0,18104,0,11139,213,185
2016,281,5652,0,6,781,0,0,0,0,0,0,0,0,0,1634,0,41047,0,0,0,7113,0,398,314,96
2016,183,0,0,0,0,0,590,0,0,0,448,0,0,0,1464,0,7051,0,0,0,409,0,89,0,0
2016,610,0,0,0,970,0,0,0,0,0,0,0,0,0,0,0,3651,0,0,0,0,0,,,
2016,116,0,0,0,0,0,0,0,0,0,0,0,0,0,0,0,0,0,0,0,0,0,,,
2016,115,0,0,0,0,0,0,0,0,0,0,0,0,0,0,0,258,0,0,0,0,0,,,
2016,114,0,0,0,0,0,0,0,0,0,0,0,0,0,0,0,0,0,0,0,0,0,,,
2016,119,0,0,0,0,0,2,0,0,0,409,0,0,0,0,0,661,0,0,0,0,0,,,
2016,770,28302,0,54,2750,0,4790,0,0,0,14189,0,0,0,16550,0,108312,0,6044,0,25893,0,4222,994,240
2016,583,0,0,0,0,0,1262,0,0,0,5309,0,0,0,3680,0,67053,0,0,0,7573,0,2007,75,0
2016,136,0,0,0,0,0,0,0,0,0,0,0,0,0,0,0,108,0,0,0,0,0,,,
2016,469,3120,0,0,0,0,0,0,0,0,2477,0,0,0,0,0,25975,0,0,0,3011,0,538,42,0
2016,642,10006,0,0,0,0,0,0,0,0,7572,0,0,0,0,0,71310,0,0,0,10908,0,2241,177,0
2016,674,6373,0,81,295,0,876,0,0,0,4421,0,0,0,5943,0,50287,1962,0,0,4393,0,131,25,0
2016,193,0,0,0,0,0,0,0,0,0,0,0,0,0,0,0,137,0,0,0,0,0,,,
2016,526,18237,0,26,0,0,0,0,0,0,13750,0,0,0,7977,0,116437,0,0,0,13544,0,4100,311,36
2016,698,32643,0,80,978,0,7420,0,12484,0,5391,0,0,0,0,0,152610,0,0,0,37949,0,4603,2986,788
2016,630,5072,0,4,0,0,0,0,0,0,5409,0,0,0,6957,0,13252,0,0,0,7087,0,2302,0,0
2016,124,0,0,0,0,0,0,0,0,0,0,0,0,0,0,0,0,0,0,0,0,0,,,
2016,364,0,0,0,0,0,0,0,0,0,0,0,0,0,0,0,0,0,0,0,0,0,,,
2016,439,0,0,0,0,0,0,0,0,0,963,0,0,0,0,0,32662,0,0,0,2483,0,,,
2016,570,19548,0,21,0,0,0,0,0,0,3593,0,0,0,5481,0,130529,0,0,0,16701,0,3640,424,189
2016,123,0,0,0,0,0,0,0,0,0,0,0,0,0,0,0,0,0,0,0,0,0,,,
2016,310,0,0,0,0,0,0,0,0,0,0,0,0,0,0,0,0,0,0,0,0,0,,,
2016,571,0,0,0,148,0,0,0,0,0,7221,0,0,0,0,0,58872,0,0,0,6845,0,3324,41,0
2016,296,0,0,0,0,0,0,0,0,0,593,0,0,0,0,0,6172,0,0,0,0,0,,,
2016,566,0,0,0,0,0,0,0,0,0,8935,0,0,0,6754,0,56011,0,0,0,10280,0,3205,157,88
2016,784,19656,0,124,0,0,0,0,10649,0,25816,0,1617,0,22742,0,150538,0,0,0,32487,0,8331,518,685
2016,102,0,0,0,0,0,0,0,0,0,0,0,0,0,0,0,857,0,0,0,0,0,,,
2016,379,0,0,0,0,0,0,0,0,0,0,0,0,0,0,0,0,0,0,0,0,0,,,
2016,639,19112,0,0,0,0,451,0,0,0,6001,0,0,0,4019,0,70967,0,0,0,8883,0,3553,281,0
2016,457,1774,0,0,0,0,0,0,0,0,2865,0,0,0,0,0,26540,0,0,0,3176,0,702,0,0
2016,609,17119,0,16,1142,0,2246,0,0,0,6888,0,0,0,14969,0,74457,0,1492,0,14480,0,3401,370,70
2016,101,0,0,0,0,0,0,0,0,0,0,0,0,0,0,0,0,0,0,0,0,0,,,
2016,454,611,0,12,0,0,0,0,0,0,2480,0,0,0,6084,0,45622,0,0,0,9478,0,1836,61,44
2016,318,0,0,0,0,0,0,0,0,0,0,0,0,0,0,0,0,0,0,0,0,0,,,
2016,600,6612,0,8,0,0,1259,0,0,0,4892,0,0,0,0,0,58530,0,0,0,7829,0,2662,238,0
2016,545,10822,0,33,901,0,436,0,0,0,9042,0,0,0,4640,0,70788,0,0,0,9422,0,3795,241,121
2016,100,0,0,0,0,0,0,0,0,0,0,0,0,0,0,0,0,0,0,0,0,0,,,
2016,702,17008,0,59,0,0,0,0,0,0,14444,0,0,0,10580,0,92284,82232,0,0,20995,0,4270,418,294
2016,778,9560,0,22,0,0,0,0,0,0,10945,0,0,0,4720,0,50381,0,0,0,11337,0,2589,215,79
2016,341,0,0,0,0,0,0,0,0,0,978,0,0,0,0,0,12527,0,0,0,0,0,82,0,0
2016,99,0,0,0,0,0,0,0,0,0,0,0,0,0,0,0,0,0,0,0,0,0,,,
2016,767,0,0,0,0,0,0,0,0,0,2079,0,0,0,3899,0,61133,0,0,0,6428,0,4340,138,0
2016,359,0,0,0,0,0,1541,0,0,0,5270,0,0,0,0,0,22749,0,0,0,0,0,,,
2016,98,0,0,0,0,0,0,0,0,0,0,0,0,0,0,0,0,0,0,0,0,0,,,
2016,132,0,0,0,0,0,0,0,0,0,0,0,0,0,0,0,0,0,0,0,0,0,,,
2016,97,0,0,0,0,0,0,0,0,0,0,0,0,0,0,0,0,0,0,0,0,0,,,
2016,103,0,0,0,0,0,0,0,0,0,0,0,0,0,0,0,0,0,0,0,0,0,,,
2016,110,0,0,0,0,0,0,0,0,0,0,0,0,0,0,0,0,0,0,0,0,0,,,
2016,94,0,0,0,0,0,0,0,0,0,0,0,0,0,0,0,0,0,0,0,0,0,,,
2016,91,0,0,0,0,0,0,0,0,0,0,0,0,0,0,0,0,0,0,0,0,0,,,
2016,664,14034,0,43,130,0,0,0,0,0,2884,0,0,0,8124,0,91172,0,0,0,16026,0,4687,269,122
2016,918,39962,0,326,2743,0,6416,0,9557,0,19579,0,5048,0,43790,0,208468,0,5005,0,84523,0,9137,2325,394
2016,92,0,0,0,0,0,0,0,0,0,0,0,0,0,0,0,0,0,0,0,0,0,,,
2016,95,0,0,0,0,0,0,0,0,0,0,0,0,0,0,0,0,0,0,0,0,0,,,
2016,301,0,0,0,0,0,0,0,0,0,0,0,0,0,0,0,9479,398,0,0,0,0,240,0,0
2016,492,0,0,0,0,0,0,0,0,0,8227,0,0,0,0,0,46378,0,0,0,8574,0,2224,70,0
2016,811,0,0,0,0,0,0,0,0,0,0,3350,0,0,0,2359,1,0,0,0,0,801,1333,44,8
2016,812,0,0,0,0,0,0,0,0,0,0,0,0,0,0,0,0,0,0,0,0,0,,,
2016,832,0,0,0,0,0,0,0,0,0,0,0,0,0,0,0,0,0,0,0,0,0,,,
2016,841,0,0,0,0,0,0,0,0,0,0,0,0,0,0,0,0,0,0,0,0,0,,,
2016,856,0,0,0,0,0,0,0,0,0,0,0,0,0,0,0,0,0,0,0,0,0,,,
2016,859,0,0,0,0,0,0,0,0,0,0,0,0,0,0,0,0,0,0,0,0,0,,,
2016,861,0,0,0,0,0,0,0,0,0,0,0,0,0,0,0,0,0,0,0,0,0,,,
2016,880,0,0,0,0,0,0,0,0,0,0,0,0,0,0,0,0,0,0,0,0,0,,,
2016,883,0,0,0,0,0,0,0,0,0,0,0,0,0,0,0,0,0,0,0,0,0,,,
2016,884,0,0,0,0,0,0,0,0,0,0,0,0,0,0,0,0,0,0,0,0,0,,,
2016,877,0,0,0,0,0,0,0,0,0,0,0,0,0,0,0,0,0,0,0,0,0,,,
2016,911,0,0,0,0,0,0,0,0,0,0,0,0,0,0,0,0,0,0,0,0,0,,,
2016,913,0,0,0,0,0,0,0,0,0,0,0,0,0,0,0,0,0,0,0,0,0,,,
2016,922,11658,0,0,0,0,1527,0,0,0,3975,0,0,0,14176,0,28789,0,0,0,8840,0,2872,74,32
2016,923,0,0,0,0,0,0,0,0,0,0,0,0,0,0,0,0,0,0,0,0,0,,,
2016,924,0,0,0,0,0,0,0,0,0,0,0,0,0,0,0,0,0,0,0,0,0,,,
2016,947,0,0,0,0,0,0,0,0,0,0,0,0,0,0,0,0,0,0,0,0,0,,,
2016,951,0,0,0,0,0,0,0,0,0,0,0,0,0,0,0,0,0,0,0,0,0,,,
2016,1103,0,0,0,0,0,0,0,0,0,0,0,0,0,0,0,0,0,0,0,0,0,,,
2016,972,0,0,0,0,0,0,0,0,0,0,0,0,0,0,0,0,0,0,0,0,0,,,
2016,973,2099,0,0,0,0,0,0,0,0,631,0,0,0,13512,0,20607,0,0,0,3747,0,1912,0,0
2016,974,0,0,0,0,0,0,0,0,0,0,0,0,0,0,0,0,0,0,0,0,0,,,
2016,975,0,0,0,0,0,0,0,0,0,0,0,0,0,0,0,0,0,0,0,0,0,,,
2016,960,0,0,0,0,0,0,0,0,0,0,0,0,0,0,0,0,0,0,0,0,0,,,
2016,1028,0,0,0,0,0,0,0,0,0,0,0,0,0,0,0,0,0,0,0,0,0,,,
2016,976,0,0,0,0,0,0,0,0,0,0,0,0,0,0,0,0,0,0,0,0,0,,,
2016,977,0,0,0,0,0,0,0,0,0,0,0,0,0,0,0,0,0,0,0,0,0,,,
2016,1020,0,0,0,0,0,0,0,0,0,0,0,0,0,0,0,0,0,0,0,0,0,,,
2016,994,0,0,0,0,0,0,0,0,0,5876,0,0,0,4426,0,55639,0,0,0,8173,0,2368,99,0
2016,995,0,0,0,0,0,0,0,0,0,0,0,0,0,0,0,0,0,0,0,0,0,,,
2016,1060,0,0,0,0,0,0,0,0,0,0,0,0,0,0,0,0,0,0,0,0,0,,,
2016,1005,0,0,0,0,0,0,0,0,0,0,0,0,0,0,0,0,0,0,0,0,0,,,
2016,1061,0,0,0,0,0,0,0,0,0,0,0,0,0,0,0,0,0,0,0,0,0,,,
2016,1006,0,0,0,0,0,0,0,0,0,0,0,0,0,0,0,0,0,0,0,0,0,,,
2016,1088,0,0,0,0,0,0,0,0,0,0,0,0,0,0,0,0,0,0,0,0,0,301,0,0
2016,1089,3121,0,0,0,0,1324,0,0,0,1687,0,0,0,5229,0,19704,0,0,0,2548,0,865,4,0
2016,1076,0,0,0,0,0,0,0,0,0,0,0,0,0,0,0,0,0,0,0,0,0,,,
2016,1078,0,0,0,0,0,0,0,0,0,0,0,0,0,0,0,0,0,0,0,0,0,,,
2016,1033,11683,0,12,0,0,0,0,0,0,0,0,0,0,8216,0,13650,0,0,0,21043,0,4523,457,183
2016,1037,0,0,0,0,0,0,0,0,0,0,0,0,0,0,0,0,0,0,0,0,0,,,
2016,1039,0,0,0,0,0,0,0,0,0,0,0,0,0,0,0,0,0,0,0,0,0,,,
2016,1067,0,0,0,0,0,0,0,0,0,0,0,0,0,0,0,0,0,0,0,0,0,,,
2016,1065,0,0,0,0,0,0,0,0,0,0,0,0,0,0,0,755,0,0,0,0,0,,,
2016,1066,0,0,0,0,0,1384,0,0,0,1782,1979,0,0,8804,1162,12536,5332,0,0,5505,0,7668,98,40
2016,1100,0,0,0,0,0,0,0,0,0,0,0,0,0,0,0,0,0,0,0,0,0,,,
2016,1105,0,0,0,0,0,0,0,0,0,0,0,0,0,0,0,0,0,0,0,0,0,,,
2016,1107,0,0,0,0,0,0,0,0,0,0,0,0,0,0,0,0,0,0,0,0,0,,,
2016,1111,0,0,0,0,0,0,0,0,0,0,0,0,0,0,0,0,0,0,0,0,0,,,
2016,1121,0,0,0,0,0,0,0,0,0,0,0,0,0,0,0,0,0,0,0,0,0,,,
2016,207,868,0,0,0,0,0,0,0,0,0,0,0,0,86,0,12593,0,0,0,52,0,674,23,0
2016,431,2,0,0,0,0,0,0,0,0,0,0,0,0,0,0,2151,0,0,0,0,0,0,0,0
2016,387,7644,0,6,0,0,0,0,0,0,3913,0,0,0,0,0,35721,0,0,0,5609,0,1016,0,0
2016,179,0,0,0,0,0,0,0,0,0,0,0,0,0,0,0,315,0,0,0,0,0,0,0,0
2016,606,3929,0,7,0,0,0,0,0,0,3152,1264,0,0,0,0,28872,2930,0,0,4663,0,1021,0,0
2016,925,20115,0,21,2912,0,1805,0,5862,0,4638,0,0,0,9450,0,155700,0,0,0,19071,0,5412,562,371
2016,541,2796,0,0,0,0,0,0,0,0,1677,0,0,0,0,0,25118,0,0,0,3962,0,810,0,0
2016,797,1663,0,0,0,0,0,0,0,0,1876,0,0,0,0,0,31904,0,0,0,4935,0,475,0,0
2016,627,9077,0,0,0,0,0,0,0,0,2002,0,0,0,3226,0,55304,17147,0,0,9126,0,1815,170,0
2016,173,0,0,0,0,0,0,0,0,0,0,0,0,0,0,0,0,0,0,0,0,0,0,0,0
2016,636,10887,0,14,0,0,0,0,3689,0,8999,0,0,0,6490,0,111866,0,1654,0,14602,0,2000,794,262
2016,205,1008,0,0,0,0,0,0,0,0,115,0,0,0,0,0,6720,0,0,0,0,0,212,0,0
2016,814,0,0,0,0,0,0,0,0,0,280,0,0,0,0,0,1895,0,0,0,0,0,104,0,0
2016,881,0,0,0,0,0,0,0,0,0,1312,0,0,0,0,0,17150,0,0,0,0,0,0,0,0
2016,771,17174,0,15,599,0,0,1789,7657,0,4857,966,707,0,8258,0,186026,47005,1941,0,17553,6076,2536,568,434
2016,533,2453,0,0,0,0,370,0,0,0,415,0,0,0,0,0,4073,0,0,0,0,0,380,0,0
2016,447,5112,0,1,0,0,0,0,0,0,66,0,0,0,3328,0,17670,0,0,0,1527,0,277,12,32
2016,815,601,0,0,17,0,233,0,0,0,602,0,0,0,13336,0,3295,0,0,0,12646,0,219,0,0
2016,801,12573,1152,48,0,0,4294,0,0,0,3632,22061,0,0,4680,0,142870,101660,0,0,13840,0,6328,316,0
2016,800,4015,0,0,0,0,0,0,0,0,425,0,0,0,7518,0,10660,0,0,0,994,0,1702,5,0
2016,389,9070,0,4,0,0,0,0,0,0,1005,0,0,0,3841,0,78991,0,0,0,4447,0,1176,27,14
2016,695,8132,0,9,524,0,758,0,0,0,5797,0,0,0,15696,0,170255,56218,0,0,16570,0,3326,1514,272
2016,816,2654,0,5,0,0,0,0,0,0,2992,0,0,0,0,0,64547,0,0,0,4189,0,932,38,6
2016,833,3840,0,1,0,0,0,0,0,0,4281,0,0,0,0,0,80520,0,0,0,4966,0,1372,74,26
2016,870,2437,0,0,0,0,471,0,0,0,826,0,0,0,7044,0,20816,0,0,0,4692,0,807,40,34
2016,927,3891,0,0,0,0,0,0,0,0,729,0,0,0,6828,0,15672,0,0,0,0,0,2608,0,0
2016,961,13257,0,9,0,0,0,0,2511,0,2574,0,0,0,0,0,191770,36323,0,0,13340,0,2049,281,0
2016,962,0,0,0,0,0,0,0,0,0,124,0,0,0,909,0,3376,0,0,0,393,0,0,0,0
2016,1079,654,0,0,0,0,288,0,0,0,546,0,0,0,2308,0,11736,0,0,0,0,0,337,0,0
2016,1101,4739,0,1,0,0,0,0,0,0,910,0,0,0,1784,0,15749,0,0,0,2089,0,2970,49,5
2016,666,20369,0,68,1921,0,0,3423,0,0,5227,711,0,0,10792,0,100637,34413,0,0,18258,0,2208,384,250
2016,392,0,0,0,0,0,0,0,0,0,0,0,0,0,0,0,3469,0,0,0,0,0,0,0,0
2016,790,6241,0,0,0,0,3704,0,4234,0,3214,0,0,0,6788,0,22006,0,413,0,9612,0,1612,56,9
2016,650,6430,0,3,0,0,0,0,0,0,645,0,0,0,0,0,62048,0,0,0,8835,0,1044,47,0
2016,876,14130,0,41,0,0,0,0,0,0,1856,0,0,0,7506,0,49905,0,0,0,10896,0,2412,124,111
2016,944,0,0,0,0,0,0,0,0,0,0,0,0,0,2007,0,5520,0,0,0,427,0,0,0,0
2016,952,9032,0,0,0,0,918,0,0,0,3253,0,0,0,6684,0,63791,0,0,0,3468,0,1411,15,0
2016,54,0,0,0,0,0,0,0,0,0,0,0,0,0,0,0,0,0,0,0,0,0,0,0,0
2016,367,3384,0,0,0,0,1655,0,0,0,27035,0,0,0,11526,0,11951,0,0,0,3488,0,1615,5,0
2016,538,13141,0,6,0,0,0,0,0,0,2558,0,0,0,5555,0,102134,3778,0,0,10976,0,2334,173,372
2016,557,4321,0,0,0,0,0,0,0,0,1855,0,0,0,0,0,38964,0,0,0,4320,0,788,41,0
2016,653,6772,0,3,0,0,0,0,0,0,1870,0,0,0,6238,0,66862,4856,0,0,7335,175,1612,145,0
2016,647,4557,0,1,0,0,0,0,0,0,1441,0,0,0,0,0,49502,0,0,0,5528,0,162,33,0
2016,978,19270,0,18,393,0,4116,0,8279,0,2208,0,5302,0,4987,0,173402,11941,0,0,16022,354,3445,336,334
2016,996,0,0,0,0,0,0,0,0,0,732,0,0,0,7227,0,52871,0,0,0,3797,0,1067,66,27
2016,729,29856,0,47,2664,0,13794,0,5490,0,12121,20768,4379,0,22356,0,402205,34023,1624,0,46785,0,8077,1335,918
2016,182,5126,0,1,0,0,0,0,0,0,1196,0,0,0,5115,0,13015,0,0,0,3465,0,1098,0,0
2016,633,469,0,0,270,0,0,0,0,0,121,0,0,0,248,0,51694,0,0,0,147,0,628,10,35
2016,685,6034,0,0,0,0,0,0,0,0,16088,0,0,0,0,0,98364,0,0,0,9489,0,2497,124,0
2016,683,0,0,0,0,0,0,0,0,0,4310,0,0,0,0,0,71741,0,0,0,4553,0,585,67,0
2016,945,4245,0,0,0,0,0,0,0,0,5665,0,0,0,2602,0,48447,0,0,0,4100,0,1121,30,0
2016,953,0,0,0,283,0,0,0,0,0,0,0,0,0,0,0,0,0,0,0,0,0,0,0,0
2016,1022,947,0,0,0,0,0,0,0,0,1691,0,0,0,1124,0,32303,0,0,0,1638,0,266,0,0
2016,1049,788,0,0,0,0,0,0,0,0,2133,0,0,0,452,0,21202,0,0,0,1262,0,278,0,0
2016,794,46067,0,95,669,0,0,1499,0,0,7753,0,0,0,14186,0,179428,75986,0,0,46066,0,8861,1070,362
2016,415,122,0,0,0,0,0,0,0,0,1343,0,0,0,0,0,2141,0,7091,0,5367,0,41,0,0
2016,592,4359,0,0,65,0,567,0,0,0,2300,0,0,0,3375,0,37848,0,0,0,3731,0,0,0,0
2016,497,2827,0,0,39,0,237,0,0,0,1500,0,0,0,5147,0,24457,0,0,0,2623,0,1659,13,5
2016,458,10701,0,2,141,0,2760,0,1125,0,6932,0,1959,0,6644,0,40815,0,497,0,7534,0,2588,118,27
2016,726,20091,0,31,0,0,2687,0,0,0,3266,0,0,0,4170,0,109621,23571,0,0,21240,0,3822,286,142
2016,272,2140,0,0,0,0,0,0,0,0,1317,0,0,0,7306,0,28402,0,0,0,3700,0,268,5,0
2016,805,31335,0,121,1946,0,3252,0,3707,0,8347,0,1824,0,14619,0,215859,25853,1058,0,38258,0,6056,1439,547
2016,5,1668,0,0,0,0,910,0,0,0,601,0,0,0,3391,0,5714,0,0,0,468,0,556,0,0
2016,234,13148,0,0,0,0,0,0,0,0,2325,0,0,0,5915,0,12425,0,0,0,3138,0,981,22,6
2016,64,0,0,0,0,0,0,0,0,0,0,0,0,0,0,0,0,0,0,0,0,0,0,0,0
2016,842,0,0,0,0,0,0,0,0,0,440,0,0,0,2112,0,41709,0,0,0,7127,0,903,0,0
2016,843,0,0,0,0,0,0,0,0,0,392,0,0,0,0,0,25383,0,0,0,4174,0,892,0,0
2016,803,11839,0,4,0,0,0,0,0,0,3624,0,0,0,6731,0,80115,9999,2520,0,10614,259,4126,137,114
2016,211,2514,0,0,0,0,0,0,0,0,0,0,0,0,0,0,0,0,0,0,0,0,289,0,0
2016,773,16580,0,119,876,0,3427,0,6104,0,3915,0,0,0,14767,0,82019,0,0,0,29488,0,3239,526,373
2016,424,0,0,0,0,0,0,0,0,0,0,0,0,0,0,0,221312,0,0,0,0,0,1223,0,0
2016,298,13506,0,0,325,0,2130,0,5408,0,5763,0,0,0,20515,0,28096,0,445,0,7259,0,2594,59,100
2016,594,0,0,0,0,0,0,0,0,0,630,0,0,0,1627,0,6070,0,0,0,886,0,1275,0,0
2016,237,381,0,0,0,0,0,0,0,0,0,0,0,0,0,0,14705,0,0,0,0,0,49,0,0
2016,16,0,0,0,0,0,0,0,0,0,0,0,0,0,0,0,0,0,0,0,0,0,,,
2016,768,2298,0,3,0,0,0,0,0,0,1610,0,0,0,0,0,11130,0,0,0,0,0,360,0,0
2016,617,8617,0,17,0,0,0,0,0,0,6171,0,0,0,3281,0,59919,0,0,0,7589,0,2158,184,0
2016,297,22657,0,0,0,0,1040,0,0,0,4561,0,0,0,6946,0,20124,0,0,0,0,0,560,0,0
2016,105,0,0,0,0,0,0,0,0,0,0,0,0,0,0,0,0,0,0,0,0,0,,,
2016,544,2747,0,4,0,0,0,0,0,0,3210,0,0,0,0,0,30362,0,0,0,2238,0,970,0,0
2016,804,10338,0,15,0,0,1662,0,0,0,7202,0,0,0,5726,0,33024,0,0,0,6037,0,1764,138,0
2016,104,0,0,0,0,0,0,0,0,0,0,0,0,0,0,0,0,0,0,0,0,0,,,
2016,432,0,0,0,0,0,0,0,0,0,0,0,0,0,0,0,3365,0,0,0,0,0,81,0,0
2016,19,0,0,0,0,0,0,0,0,0,0,0,0,0,0,0,0,0,0,0,0,0,0,0,0
2016,25,0,0,0,0,0,0,0,0,0,0,0,0,0,0,0,0,0,0,0,0,0,0,0,0
2016,26,0,0,0,0,0,0,0,0,0,0,0,0,0,0,0,0,0,0,0,0,0,0,0,0
2016,890,23190,0,28,1187,0,0,0,0,0,4984,0,0,0,6450,0,98987,32358,0,0,20973,0,4492,419,212
2016,904,0,0,0,0,0,0,0,0,0,1368,0,0,0,1799,0,40410,0,0,0,5280,0,782,0,0
2016,957,30427,0,92,342,0,3105,0,0,0,9566,0,3719,0,23422,0,256205,8642,10520,0,46984,0,4366,1400,296
2016,939,28320,0,32,778,0,3838,0,8458,0,6362,62,4957,0,13543,0,172740,6055,2435,0,31403,0,7599,1069,481
2016,236,0,0,0,0,0,1146,0,747,0,2965,0,0,0,4211,0,0,0,68,0,4221,0,2059,6,0
2016,735,20341,0,22,4000,0,6661,0,6660,0,8804,1266,2865,0,9769,0,132860,80613,1965,0,22569,0,5733,996,403
2016,146,0,0,0,0,0,0,0,0,0,0,0,0,0,0,0,74,0,0,0,0,0,0,0,0
2016,363,2967,0,0,0,0,0,0,0,0,0,0,0,0,6110,0,13515,0,0,0,2423,0,2355,0,0
2016,187,836,0,0,0,0,0,0,0,0,1021,0,0,0,6712,0,20184,0,0,0,1282,0,570,8,27
2016,265,0,0,0,0,0,0,0,0,0,1832,0,0,0,978,0,12649,0,0,0,948,0,240,0,0
2016,295,712,0,0,0,0,1668,0,0,0,2586,0,0,0,6274,0,62965,0,0,0,2567,0,1240,22,0
2016,496,1312,0,0,637,0,483,0,0,0,1573,0,0,0,10949,0,53550,0,0,0,10262,0,728,23,1
2016,77,0,0,0,0,0,0,0,0,0,0,0,0,0,0,0,0,0,0,0,0,0,0,0,0
2016,391,341,0,0,0,0,0,0,0,0,0,0,0,0,0,0,2689,0,0,0,867,0,70,0,0
2016,240,511,0,0,0,0,378,0,0,0,1357,0,0,0,5645,0,29761,0,0,0,3488,0,787,1,0
2016,448,0,0,0,0,0,0,0,0,0,106,0,0,0,0,0,6300,0,0,0,827,0,478,0,223
2016,151,0,0,0,0,0,0,0,0,0,0,0,0,0,0,0,372,0,0,0,0,0,0,0,0
2016,425,0,0,0,0,0,0,0,0,0,106,0,0,0,0,0,3931,0,0,0,496,0,156,0,0
2016,300,0,0,0,0,0,0,0,0,0,1122,0,0,0,0,0,15743,0,0,0,1638,0,328,0,0
2016,339,2574,0,0,1394,0,670,0,1254,0,2092,0,0,0,10771,0,22897,0,51,0,3261,0,801,29,0
2016,874,5370,0,1,0,0,0,0,0,0,522,0,0,0,0,0,33772,12026,0,0,5390,0,1334,66,0
2016,905,38457,0,75,2891,0,5818,0,4312,0,3889,2802,0,0,18736,0,176382,126183,1102,0,57710,0,5544,634,484
2016,736,38007,0,190,2536,0,0,0,4807,0,7620,0,2690,0,16751,0,203198,0,22,0,38059,0,5737,1123,440
2016,20,0,0,0,0,0,0,0,0,0,0,0,0,0,0,0,0,0,0,0,0,0,,,
2016,550,0,0,0,0,0,0,0,0,0,6034,0,0,0,0,0,54343,0,0,0,0,0,1182,0,0
2016,112,0,0,0,0,0,0,0,0,0,0,0,0,0,0,0,0,0,0,0,0,0,,,
2016,818,0,0,0,0,0,0,0,0,0,0,0,0,0,0,0,0,0,0,0,0,0,,,
2016,882,0,0,0,0,0,0,0,0,0,0,0,0,0,0,0,0,0,0,0,0,0,,,
2016,914,0,0,0,0,0,0,0,0,0,0,0,0,0,0,0,0,0,0,0,0,0,,,
2016,928,0,0,0,0,0,0,0,0,0,0,0,0,0,0,0,0,0,0,0,0,0,,,
2016,964,5360,0,25,0,0,0,0,0,0,1685,0,0,0,4781,0,41023,0,0,0,7446,0,2141,0,0
2016,1026,0,0,0,0,0,0,0,0,0,0,0,0,0,0,0,0,0,0,0,0,0,,,
2016,1068,0,0,0,0,0,0,0,0,0,0,0,0,0,0,0,0,0,0,0,0,0,,,
2016,1108,0,0,0,0,0,0,0,0,0,1211,0,0,0,2291,0,20112,0,0,0,3440,0,180,0,0
2016,404,1385,0,0,0,0,0,0,0,0,0,0,0,0,189,0,3733,0,0,0,9,0,3138,0,0
2016,270,3027,0,0,0,0,0,0,299,0,5117,0,0,0,6382,0,34180,0,0,0,6077,0,2413,34,27
2016,676,3691,0,0,0,0,0,0,0,0,5569,0,0,0,2911,0,83062,0,0,0,5746,0,1035,54,82
2016,709,9415,0,0,0,0,0,0,0,0,8459,0,0,0,0,0,89947,0,0,0,7450,0,1759,100,0
2016,754,43270,0,74,1270,0,9978,0,6870,0,12784,0,4856,0,24831,0,478755,0,1289,0,65417,0,10447,1615,778
2016,997,0,0,0,0,0,0,0,0,0,2435,0,0,0,2215,0,47614,0,0,0,3097,0,707,0,0
2016,1069,1329,0,0,0,0,0,0,0,0,2354,0,0,0,0,0,28693,0,0,0,1988,0,393,0,0
2016,1118,0,0,0,0,0,2165,0,782,0,6136,0,0,0,8522,0,60488,0,0,0,6862,0,1522,0,0
2016,734,24178,0,10,636,0,0,0,0,0,3395,0,0,0,7927,0,125843,20520,0,0,18143,0,4830,851,228
2016,299,2327,0,0,0,0,600,0,0,0,1668,0,0,0,1764,0,17344,0,0,0,869,0,422,0,0
2016,645,2044,0,0,0,0,1038,0,0,0,1286,0,0,0,0,0,13108,0,0,0,0,0,275,0,0
2016,17,0,0,0,0,0,0,0,0,0,0,0,0,0,0,0,0,0,0,0,0,0,0,0,0
2016,1046,0,0,0,0,0,0,0,0,0,0,0,0,0,0,0,0,0,0,0,0,0,0,0,0
2016,420,0,0,0,0,0,0,0,0,0,0,0,0,0,1638,0,5689,0,0,0,0,0,0,0,0
2016,802,0,0,0,0,0,0,0,0,0,0,0,0,0,0,0,2934,0,0,0,0,0,0,0,0
2016,266,3586,4,0,0,0,206,0,0,0,770,0,0,0,8126,0,52886,315,0,0,5729,0,664,10,2
2016,137,1158,0,0,0,0,1841,0,0,0,1455,0,0,0,3838,0,6578,0,0,0,243,0,389,1,0
2016,769,8743,0,6,0,0,90,0,4532,0,51017,0,1796,0,3211,0,6234,0,2615,0,8110,0,24,1,0
2016,776,4251,0,2,0,0,0,0,0,0,0,0,0,0,0,0,32251,18756,0,0,6380,0,99,3,0
2016,640,3321,0,0,0,0,0,0,0,0,0,0,0,0,0,0,45846,0,0,0,4111,0,12,0,0
2016,315,0,0,0,0,0,0,0,0,0,0,0,0,0,0,0,0,0,0,0,0,0,0,0,0
2016,40,0,0,0,0,0,0,0,0,0,0,0,0,0,0,0,0,0,0,0,0,0,0,0,0
2016,508,3060,0,0,0,0,0,0,0,0,0,0,0,0,5179,0,20972,11200,0,0,5165,0,48,0,0
2016,46,0,0,0,0,0,0,0,0,0,0,0,0,0,0,0,0,0,0,0,0,0,0,0,0
2016,590,5934,0,2,0,0,0,0,0,0,0,0,0,0,0,0,38276,17827,0,0,5586,0,128,6,3
2016,777,5089,0,5,0,0,0,0,0,0,0,0,0,0,0,0,37675,15297,0,0,4350,0,103,23,0
2016,897,24919,0,43,1236,0,0,4326,0,0,7595,0,64,0,20900,0,131511,101377,0,0,34209,0,1043,180,133
2016,965,0,0,0,0,0,0,0,0,0,0,0,0,0,0,0,0,0,0,0,0,0,0,0,0
2016,461,58,0,0,0,0,0,0,0,0,0,0,0,0,0,0,4666,0,0,0,0,0,3,0,0
2016,376,5059,0,0,0,0,428,0,0,0,812,0,0,0,0,0,8971,0,0,0,3919,0,1732,0,0
2016,621,2960,0,6,0,0,0,0,0,0,4133,0,0,0,3544,0,54055,0,0,0,4145,0,544,67,0
2016,793,17397,0,28,985,0,0,3628,3474,0,21992,92,0,0,14359,0,307972,88565,2788,0,32032,0,4666,906,207
2016,1102,2814,0,0,0,0,202,0,0,0,1498,0,0,0,342,0,23609,0,0,0,2117,0,1042,8,0
2016,712,10713,0,11,0,0,0,0,0,0,1625,0,0,0,0,0,58545,0,0,0,7284,0,2244,78,233
2016,32,0,0,0,0,0,0,0,0,0,0,0,0,0,0,0,0,0,0,0,0,0,0,0,0
2016,361,0,0,0,0,0,0,0,0,0,8941,0,0,0,0,0,1983,0,0,0,1485,0,0,0,0
2016,486,0,0,0,0,0,0,0,1164,0,683,0,0,0,0,0,6003,0,0,0,1093,0,1432,0,0
2016,595,5483,0,4,0,0,0,0,0,0,2953,0,0,0,0,0,54837,7051,0,0,8982,0,1606,58,0
2016,433,0,0,0,0,0,0,0,0,0,50,0,0,0,0,0,16524,0,0,0,0,0,0,0,0
2016,1058,0,0,0,0,0,0,0,0,0,0,0,0,0,0,0,8919,0,0,0,0,0,272,0,0
2016,261,1980,0,0,0,0,0,0,0,0,0,0,0,0,0,0,6855,0,0,0,0,0,648,0,0
2016,730,9026,0,1,0,0,0,0,0,0,8629,0,0,0,0,0,132490,0,0,0,9495,0,1854,85,0
2016,577,5339,0,2,0,0,0,0,0,0,6331,0,0,0,0,0,134991,0,0,0,8179,0,2570,69,0
2016,788,16858,0,17,1418,0,951,0,4805,0,4792,0,0,0,14404,0,219106,0,0,0,27800,0,4603,93,258
2016,865,3151,0,0,0,0,0,0,0,0,5878,0,0,0,2059,0,56828,0,0,0,4805,0,1102,34,0
2016,979,570,0,0,0,0,0,0,0,0,1430,0,0,0,654,0,21425,0,0,0,1941,0,182,0,0
2016,998,317,0,0,0,0,0,0,0,0,559,0,0,0,155,0,10388,0,0,0,0,0,80,0,0
2016,1072,917,0,0,0,0,0,0,0,0,2265,0,0,0,607,0,28346,0,0,0,1455,0,330,0,0
2016,221,0,0,0,0,0,378,0,0,0,216,0,0,0,1147,0,4200,0,0,0,678,0,215,4,0
2016,506,0,0,0,0,0,669,0,258,0,290,0,0,0,3878,0,31003,0,0,0,2814,0,574,1,0
2016,727,13284,0,8,0,0,0,0,0,0,2291,0,0,0,5773,0,98747,0,0,0,16105,0,4228,278,0
2016,355,2241,0,0,0,0,0,0,0,0,832,0,0,0,1916,0,11622,0,0,0,1367,0,211,0,0
2016,487,267,0,0,0,0,3,0,0,0,34,0,0,0,1035,0,9099,0,0,0,1573,0,157,6,0
2016,938,22664,0,39,1396,0,4297,0,5853,0,4049,6637,0,0,11937,0,167418,70912,1807,0,23959,0,8441,601,297
2016,886,351,0,2,0,0,92,0,0,0,104,0,0,0,1236,0,6952,0,0,0,672,0,690,0,0
2016,835,767,0,0,0,0,418,0,0,0,0,0,0,0,1982,0,0,0,0,0,895,0,452,0,0
2016,999,0,0,0,0,0,0,0,0,0,0,0,0,0,0,0,101,0,0,0,0,0,0,0,0
2016,798,23090,0,76,659,0,0,0,0,0,6191,0,0,0,0,0,121775,0,0,0,31502,0,2606,643,347
2016,504,0,0,0,313,0,0,0,0,0,949,0,0,0,9179,0,36019,0,0,0,7714,0,2119,40,0
2016,247,1215,0,0,0,0,0,879,0,0,1336,2197,0,0,0,0,3504,5309,0,0,2813,0,612,0,0
2016,216,1946,0,0,0,0,1136,0,0,0,2058,0,0,0,4038,0,18646,0,0,0,2844,0,551,0,0
2016,654,0,0,0,0,0,0,0,0,0,1898,0,0,0,3885,0,9229,0,0,0,3178,0,1456,57,0
2016,65,0,0,0,0,0,0,0,0,0,0,0,0,0,0,0,0,0,0,0,0,0,,,
2016,472,0,0,0,0,0,0,0,0,0,1330,0,0,0,0,0,14947,0,0,0,1835,0,304,0,0
2016,427,0,0,0,0,0,0,0,0,0,0,0,0,0,0,0,4082,0,0,0,0,0,,,
2016,491,426,0,0,0,0,0,0,0,0,1412,0,0,0,0,0,13089,0,0,0,2353,0,273,0,0
2016,551,100,0,0,0,0,0,0,0,0,330,0,0,0,0,0,8702,0,0,0,854,0,216,0,0
2016,106,0,0,0,0,0,0,0,0,0,0,0,0,0,0,0,0,0,0,0,0,0,,,
2016,819,0,0,0,0,0,0,0,0,0,0,0,0,0,0,0,0,0,0,0,0,0,,,
2016,836,0,0,0,0,0,0,0,0,0,0,0,0,0,0,0,0,0,0,0,0,0,,,
2016,915,0,0,0,0,0,0,0,0,0,0,0,0,0,0,0,0,0,0,0,0,0,,,
2016,942,0,0,0,0,0,0,0,0,0,0,0,0,0,0,0,0,0,0,0,0,0,,,
2016,748,17951,2213,17,105,0,0,2481,0,0,7760,17960,0,1375,14782,3293,130352,49835,0,637,26618,3891,4674,499,237
2016,198,0,0,0,0,0,0,0,0,0,0,0,0,0,0,0,0,0,0,0,0,0,0,0,0
2016,871,3961,0,0,0,0,694,0,0,0,415,0,0,0,5579,0,32590,0,0,0,4917,0,1388,66,36
2016,948,0,0,0,0,0,98,0,0,0,0,0,0,0,3299,0,19251,0,0,0,1447,0,199,2,0
2016,1051,0,0,0,0,0,0,0,0,0,0,0,0,0,0,0,0,0,0,0,0,0,0,0,0
2016,1083,0,0,0,0,0,0,0,0,0,0,0,0,0,0,0,0,0,0,0,0,0,0,0,0
2016,1096,0,0,0,0,0,0,0,0,0,0,0,0,0,0,0,0,0,0,0,0,0,0,0,0
2016,679,19439,0,9,1586,0,2935,0,486,0,3766,0,0,0,15557,0,200936,0,22,0,27933,0,4361,359,537
2016,176,0,0,0,0,0,0,0,0,0,709,0,0,0,6796,0,12463,0,0,0,3160,0,600,0,0
2016,537,0,0,0,0,0,0,0,0,0,646,0,0,0,7762,0,9346,0,0,0,2698,0,750,0,0
2016,608,10044,0,1,0,0,0,0,0,0,1495,0,0,0,3559,0,63564,0,0,0,6122,0,1540,126,0
2016,596,2111,0,1,0,0,0,0,0,0,651,0,0,0,0,0,39785,0,0,0,4324,0,1607,26,0
2016,749,48860,0,10,1529,0,3353,0,9825,0,9736,1330,717,0,25942,0,200654,85174,0,0,56133,0,10358,1029,460
2016,758,34436,2008,162,804,0,8111,0,11099,0,8239,2900,3611,0,28459,0,203027,81527,2709,0,46354,0,10600,1219,437
2016,1104,30244,0,52,1487,0,11803,0,3582,0,4770,7345,5043,0,37546,0,169849,65788,994,0,43756,0,8844,1170,217
2016,436,0,0,0,0,0,0,0,0,0,0,4122,0,0,0,0,8982,40068,0,0,0,1571,0,0,0
2016,567,6969,0,0,0,0,10745,0,0,0,5735,0,0,0,0,0,9488,0,0,0,2427,0,1799,0,0
2016,677,14613,0,16,556,0,2698,0,0,0,3784,0,0,0,12805,0,105094,19198,3289,0,34372,0,5086,794,505
2016,670,3801,0,1,0,0,0,0,0,0,0,0,0,0,6361,0,32421,0,0,0,1523,0,53,91,0
2016,588,4263,0,0,0,0,0,0,981,0,968,0,0,0,0,0,17267,0,0,0,5237,0,589,0,0
2016,753,30374,0,40,977,0,5965,0,5732,0,6159,4066,2211,0,21946,0,207633,46496,1167,0,45643,0,8834,848,442
2016,887,0,0,0,0,0,0,0,0,0,0,0,0,0,0,0,856,0,0,0,0,0,0,0,0
2016,245,0,0,0,0,0,8492,0,0,0,25373,0,0,0,22076,0,59223,0,0,0,11066,0,896,38,16
2016,603,5193,0,0,0,0,0,0,0,0,1803,0,0,0,11482,0,78178,0,0,0,6926,0,1845,4,0
2016,426,0,0,0,0,0,0,0,0,0,14250,0,0,0,3168,0,4098,0,0,0,668,0,1083,0,0
2016,232,4235,0,0,0,0,1196,0,0,0,5694,0,0,0,5722,0,8129,0,0,0,1771,0,1235,0,0
2016,288,7964,0,0,0,0,0,0,0,0,12770,0,0,0,13287,0,63592,0,0,0,11217,0,10471,28,10
2016,246,3772,0,0,0,0,0,0,0,0,2301,0,0,0,3273,0,4302,0,0,0,2125,0,2379,0,1
2016,284,0,0,0,0,0,3126,0,0,0,15465,0,0,0,0,0,49376,0,0,0,5110,0,2879,33,0
2016,18,0,0,0,0,0,0,0,0,0,0,0,0,0,0,0,0,0,0,0,0,0,0,0,0
2016,356,0,0,0,0,0,0,0,0,0,0,0,0,0,0,0,0,0,0,0,0,0,0,0,0
2016,401,0,0,0,0,0,0,0,0,0,0,0,0,0,0,0,224,0,0,0,0,0,0,0,0
2016,733,38821,0,14,5106,0,4039,4650,2330,0,7079,9467,0,0,34430,11961,162371,77407,0,0,35236,8967,9805,1630,192
2016,243,0,0,0,0,0,0,0,0,0,229,0,0,0,7408,0,23085,0,0,0,1783,0,3051,0,0
2016,380,0,0,0,0,0,0,0,0,0,0,0,0,0,0,0,870,0,0,0,0,0,0,0,0
2016,716,10371,0,0,0,0,550,0,0,0,0,0,0,0,7772,0,30513,0,0,0,5965,0,1259,0,17
2016,534,4554,0,0,190,0,2328,0,6125,0,2300,0,0,0,15666,0,40848,0,0,0,6280,0,2204,13,0
2016,185,0,0,0,0,0,302,0,0,0,890,0,0,0,2002,0,7699,0,0,0,1038,0,1380,0,0
2016,258,6383,0,0,103,0,1415,0,0,0,2088,0,651,0,7954,0,22299,0,0,0,5427,0,2654,31,19
2016,505,333,0,0,0,0,762,0,0,0,2218,0,0,0,3330,0,10851,0,0,0,1307,0,1799,0,0
2016,268,8808,0,0,6,0,719,0,0,0,1519,0,0,0,9292,0,29643,0,0,0,5830,0,980,0,32
2016,602,5175,0,0,357,0,2015,0,0,0,5867,0,821,0,9489,0,39447,0,937,0,4236,0,681,56,11
2016,254,0,0,0,68,0,6742,0,2924,0,4928,0,733,0,14781,0,31048,0,0,0,7721,0,1138,61,11
2016,705,15459,0,0,450,0,0,0,0,0,4079,0,0,0,15074,0,49129,0,0,0,11219,0,3099,49,105
2016,133,4099,0,1,0,0,0,0,0,0,9090,0,0,0,0,0,1572,0,0,0,64,0,0,0,0
2016,33,0,0,0,0,0,0,0,0,0,0,0,0,0,0,0,0,0,0,0,0,0,0,0,0
2016,143,0,0,0,0,0,0,0,0,0,0,0,0,0,0,0,0,0,0,0,0,0,0,0,0
2016,36,0,0,0,0,0,0,0,0,0,0,0,0,0,0,0,0,0,0,0,0,0,0,0,0
2016,756,8964,0,7,178,0,2221,0,0,0,2568,0,0,0,7593,0,92309,0,748,0,11825,0,2350,209,122
2016,662,37274,0,9,249,0,2840,0,1663,0,3756,2511,0,0,8003,6662,114695,50150,0,0,18362,3510,6331,659,137
2016,192,0,0,0,0,0,0,0,0,0,0,0,0,0,0,0,4099,0,0,0,0,0,0,0,0
2016,382,0,0,0,0,0,0,0,0,0,0,0,0,0,0,0,1074,0,0,0,0,0,0,0,0
2016,322,0,0,0,0,0,0,0,0,0,0,0,0,0,0,0,1440,0,0,0,0,0,0,0,0
2016,478,0,0,0,0,0,0,0,0,0,0,0,0,0,7212,0,10438,0,0,0,1847,0,0,0,0
2016,352,0,0,0,0,0,0,0,0,0,0,0,0,0,0,0,3894,0,0,0,0,0,0,0,0
2016,628,18172,0,17,160,0,0,0,0,0,7128,0,0,0,6475,0,70339,42163,0,0,15627,0,4116,419,174
2016,291,0,0,0,0,0,0,0,0,0,0,0,0,0,0,0,0,0,0,0,0,0,0,0,0
2016,495,0,0,0,0,0,0,0,0,0,0,0,0,0,9205,0,47064,0,0,0,3688,0,0,0,0
2016,845,11694,0,15,0,0,0,0,0,0,5015,0,0,0,9122,0,101605,23905,0,0,10285,0,3763,279,192
2016,498,5767,0,0,0,0,0,0,0,0,2288,0,0,0,3056,0,49938,0,0,0,5546,0,1676,22,0
2016,314,0,0,0,0,0,0,0,0,0,0,0,0,0,0,0,4789,0,0,0,0,0,0,0,0
2016,720,4604,0,0,0,0,0,0,0,0,3676,0,0,0,15301,0,25198,0,0,0,5762,0,2250,108,41
2016,721,20041,0,35,828,0,0,0,0,0,5317,0,2882,0,14723,0,85470,26817,7656,0,16010,0,2280,417,67
2016,485,4,0,4,0,0,0,0,0,0,0,0,0,0,0,0,0,0,0,0,0,0,0,0,0
2016,273,10181,0,0,531,0,0,0,0,0,1999,0,0,0,9305,0,44381,0,0,0,10074,0,4729,80,70
2016,846,27970,0,109,214,0,1392,0,3754,0,6139,0,0,0,11301,0,116068,0,0,0,17492,0,4180,393,76
2016,847,0,0,0,0,0,0,0,2510,0,0,0,0,0,33205,0,73569,0,0,0,5790,0,1492,0,0
2016,848,15686,0,21,276,0,2137,0,0,0,7170,0,0,0,13987,0,60678,0,0,0,7737,0,3141,28,71
2016,916,6949,0,0,0,0,0,0,1100,0,2799,0,973,0,4548,0,5751,0,0,0,6565,0,1249,74,12
2016,930,0,0,0,184,0,1996,0,0,0,3238,0,0,0,15559,0,42559,0,0,0,5487,0,2991,60,72
2016,954,18016,0,36,77,0,0,0,2331,0,4945,0,1310,0,10258,0,87650,33030,217,0,17058,0,3988,319,102
2016,943,9473,0,0,0,0,0,0,0,0,5473,0,0,0,12304,0,69899,0,0,0,4578,0,2289,22,0
2016,949,52547,0,164,33,0,6802,0,9181,0,15095,0,2947,0,21971,0,215289,46217,1413,0,45079,0,8847,1423,422
2016,980,19909,0,0,283,0,3270,0,0,0,6947,0,530,0,16097,0,30651,0,2985,0,11457,0,0,0,0
2016,981,812,0,0,0,0,0,0,0,0,1455,0,0,0,6209,0,2834,0,0,0,911,0,180,83,0
2016,1024,29793,0,0,204,0,3003,0,3214,0,6807,0,2010,0,22999,0,56871,0,192,0,14513,0,4389,576,132
2016,1017,0,0,0,0,0,0,0,0,0,0,0,0,0,0,0,0,0,0,0,0,0,0,0,0
2016,1000,28937,0,0,506,0,2822,0,2638,0,7018,0,1796,0,19539,0,77209,0,448,0,15902,0,4681,279,113
2016,1018,14844,0,6,0,0,2467,0,0,0,2860,0,0,0,16075,0,98624,0,0,0,12693,0,6622,131,86
2016,1001,17016,0,0,68,0,1082,0,0,0,3135,0,0,0,6358,0,15349,0,0,0,2124,0,1506,0,0
2016,1007,14033,0,3,1577,0,4246,0,0,0,6196,0,0,0,13128,0,148388,0,0,0,16491,0,6130,277,114
2016,1008,16345,0,12,0,0,0,0,0,0,3604,0,0,0,6964,0,105487,0,0,0,10243,0,3894,341,111
2016,1009,28039,0,12,0,0,2741,0,0,0,3630,0,0,0,9902,0,105583,0,0,0,14670,0,5264,218,0
2016,1010,17584,0,5,0,0,0,0,0,0,2551,0,0,0,7380,0,76885,0,0,0,8129,0,2453,150,98
2016,1011,7764,0,6,15,0,0,0,0,0,1849,0,0,0,4943,0,66016,0,0,0,6197,0,1476,96,29
2016,1012,10575,0,2,0,0,0,0,0,0,3504,0,0,0,8005,0,77660,0,0,0,10098,0,2738,158,53
2016,1013,41650,0,88,2753,0,2965,0,0,0,13823,0,3274,0,23005,0,210550,0,6046,0,37302,0,6629,1488,0
2016,1041,0,0,0,0,0,0,0,0,0,0,0,0,0,0,0,0,0,0,0,0,0,0,0,0
2016,1073,18200,0,6,0,0,1434,0,0,0,9714,0,0,0,10964,0,75878,0,0,0,12032,0,3466,408,141
2016,1087,18633,0,14,2814,0,3104,0,0,0,3166,0,2353,0,23983,0,154675,0,635,0,20545,0,4902,866,96
2016,1109,9249,0,0,0,0,727,0,818,0,2585,0,0,0,12069,0,100415,0,0,0,11107,0,2522,183,106
2016,1110,36551,0,5,67,0,0,0,1038,0,3999,0,538,0,12869,0,30221,0,65,0,5243,0,2013,51,36
2016,1112,3246,0,0,0,0,1479,0,738,0,1770,0,0,0,2684,0,19459,0,0,0,304,0,1563,0,0
2016,789,0,0,0,0,0,0,0,0,0,0,0,0,0,0,0,0,0,0,0,0,0,0,0,0
2016,326,0,0,0,0,0,0,0,0,0,0,0,0,0,0,0,0,0,0,0,0,0,0,0,0
2016,442,1630,0,0,0,0,1984,0,2002,0,3072,0,0,0,8456,0,10358,0,0,0,3494,0,1490,7,30
2016,294,0,0,0,0,0,1626,0,0,0,2127,0,0,0,5393,0,33768,0,0,0,6329,0,1541,35,41
2016,378,155,0,0,0,0,0,0,0,0,0,0,0,0,0,0,3377,0,0,0,502,0,364,6,0
2016,402,0,0,0,0,0,0,0,0,0,916,0,0,0,1648,0,9471,0,0,0,772,0,5760,0,0
2016,29,0,0,0,0,0,0,0,0,0,0,0,0,0,0,0,0,0,0,0,0,0,0,0,0
2016,450,400,0,0,0,0,0,0,0,0,0,0,0,0,0,0,3125,0,0,0,0,0,56,0,0
2016,656,8576,0,8,0,0,0,0,0,0,8654,0,0,0,0,0,114884,0,0,0,7176,0,1804,19,0
2016,333,8613,0,0,780,0,867,0,0,0,1318,0,0,0,6441,0,38259,0,0,0,5713,0,1486,111,23
2016,668,5254,0,0,0,0,0,0,0,0,3596,0,0,0,0,0,70662,0,0,0,4941,0,1338,70,0
2016,684,4595,0,0,0,0,0,0,0,0,6145,0,0,0,0,0,142951,0,0,0,9580,0,1857,181,0
2016,422,21,0,0,29,0,0,0,0,0,441,0,0,0,2921,0,15185,0,0,0,2051,0,553,11,2
2016,763,21012,0,31,2572,0,4279,0,0,0,6375,0,31,0,24221,0,873534,78325,7715,0,49992,0,5831,501,633
2016,741,22021,0,18,790,0,5087,0,7529,0,5729,4601,0,0,10726,0,292554,122288,0,0,29399,532,4326,532,272
2016,553,16391,0,19,233,0,0,0,0,0,17746,0,0,0,18009,0,181187,18403,0,0,26239,0,3106,524,211
2016,357,198,0,0,0,0,0,0,0,0,23,0,0,0,0,0,2217,0,0,0,0,0,12,0,0
2016,899,0,0,0,0,0,0,0,0,0,0,0,0,0,0,0,0,0,0,0,0,0,0,0,0
2016,900,57,0,0,0,0,0,0,0,0,263,0,317,0,0,0,528,0,0,0,765,0,127,0,0
2016,932,0,0,0,0,0,0,0,0,0,0,0,0,0,0,0,0,0,0,0,0,0,134,0,0
2016,950,985,0,0,0,0,390,0,0,0,1272,0,0,0,1380,0,5916,0,0,0,600,0,274,3,0
2016,966,2332,0,0,124,0,336,0,0,0,1117,0,0,0,1863,0,10265,0,0,0,871,0,165,2,1
2016,967,0,0,0,0,0,0,0,0,0,0,0,0,0,0,0,0,0,0,0,0,0,0,0,0
2016,982,5376,0,0,15,0,730,0,0,0,3168,0,0,0,9127,0,48864,0,1483,0,9804,0,551,62,52
2016,1014,0,0,0,0,0,0,0,0,0,922,0,0,0,0,0,47795,0,0,0,4768,0,2030,85,0
2016,1080,8760,0,0,0,0,1806,0,0,0,4477,0,0,0,11278,0,39164,0,0,0,8208,0,2229,146,55
2016,1074,0,0,0,0,0,299,0,0,0,651,0,0,0,3133,0,10082,0,0,0,1127,0,320,0,0
2016,1084,1622,0,0,0,0,21,0,0,0,975,0,0,0,320,0,15203,0,0,0,91,0,609,0,0
2016,1113,39,0,0,0,0,0,0,0,0,0,0,0,0,0,0,50,0,0,0,0,0,0,0,0
2016,722,21261,0,49,630,0,4679,0,7343,0,4755,0,3496,0,9864,0,173341,25690,897,0,27072,0,5263,676,381
2016,660,21336,0,48,536,0,0,0,0,0,1983,0,0,0,4133,0,129964,0,0,0,19981,0,2723,579,60
2016,75,0,0,0,0,0,0,0,0,0,0,0,0,0,0,0,0,0,0,0,0,0,0,0,0
2016,249,3356,0,0,54,0,396,0,0,0,721,0,0,0,3353,0,28829,0,0,0,2545,0,857,0,0
2016,275,0,0,0,0,0,0,0,0,0,0,0,0,0,0,0,0,0,0,0,0,0,0,0,0
2016,227,0,0,0,0,0,4418,0,0,0,3974,0,0,0,8149,0,52669,0,0,0,5820,0,1543,16,2
2016,150,1306,0,0,0,0,0,0,0,0,911,0,0,0,0,0,2863,0,0,0,0,0,989,0,0
2016,47,0,0,0,0,0,0,0,0,0,0,0,0,0,0,0,0,0,0,0,0,0,0,0,0
2016,172,190,0,0,0,0,0,0,0,0,0,0,0,0,5009,0,8782,0,0,0,2332,0,128,0,0
2016,581,3654,0,0,0,0,0,0,0,0,877,0,0,0,0,0,62282,0,0,0,7085,0,942,24,0
2016,120,88,0,0,0,0,0,0,0,0,0,0,0,0,0,0,1153,0,0,0,0,0,0,0,0
2016,445,0,0,0,0,0,0,0,0,0,0,0,0,0,0,0,0,0,0,0,0,0,81,0,0
2016,471,0,0,0,0,0,0,0,0,0,0,0,0,0,0,0,21352,0,0,0,0,0,191,20,0
2016,53,0,0,0,0,0,0,0,0,0,0,0,0,0,0,0,0,0,0,0,0,0,0,0,0
2016,199,141,0,0,0,0,0,0,0,0,312,0,0,0,0,0,8352,0,0,0,0,0,274,0,0
2016,575,361,0,0,0,0,0,0,0,0,1153,0,0,0,423,0,73082,0,0,0,5939,0,1415,234,0
2016,528,5857,0,2,0,0,0,0,0,0,914,0,0,0,0,0,29456,7103,0,0,3392,0,1124,0,0
2016,631,12391,0,11,0,0,0,0,0,0,2762,0,0,0,0,0,118033,26013,0,0,8902,0,2632,166,0
2016,699,18703,0,0,0,0,0,0,0,0,4198,0,0,0,3165,0,83310,10568,0,0,16417,0,4893,474,153
2016,823,0,0,0,0,0,0,0,0,0,0,0,0,0,0,0,16724,0,0,0,0,0,0,0,0
2016,849,4523,0,0,0,0,0,0,0,0,3253,0,0,0,0,0,46344,0,0,0,4338,0,931,223,0
2016,869,923,0,0,0,0,133,0,0,0,275,0,0,0,0,0,82594,0,0,0,1927,0,1167,0,0
2016,955,0,0,0,0,0,0,0,0,0,0,0,0,0,0,0,0,0,0,0,0,0,0,0,0
2016,983,0,0,0,0,0,0,0,0,0,0,0,0,0,0,0,0,0,0,0,0,0,0,0,0
2016,1002,0,0,0,0,0,0,0,0,0,0,0,0,0,0,0,0,0,0,0,0,0,0,0,0
2016,1015,25981,0,39,662,0,0,0,1923,0,5631,0,2151,0,11945,0,193612,0,168,0,19106,0,4944,1078,363
2016,51,0,0,0,0,0,0,0,0,0,0,0,0,0,0,0,0,0,0,0,0,0,0,0,0
2016,441,1485,0,0,0,0,0,0,0,0,0,0,0,0,0,0,5506,0,0,0,0,0,0,0,0
2016,327,0,0,0,0,0,0,0,0,0,0,0,0,0,0,0,0,0,0,0,0,0,0,0,0
2016,690,11503,0,12,716,0,4327,0,0,0,5361,0,3199,0,9351,0,39697,0,2122,0,14910,0,2851,278,68
2016,262,3547,0,0,0,0,1746,0,0,0,1364,0,0,0,6310,0,12367,0,0,0,3898,0,1854,43,17
2016,403,0,0,0,0,0,0,0,0,0,0,0,0,0,0,0,744,0,0,0,0,0,0,0,0
2016,312,0,0,0,0,0,0,0,0,0,0,0,0,0,0,0,0,0,0,0,0,0,0,0,0
2016,589,0,0,0,0,0,0,0,0,0,328,0,0,0,0,0,45894,0,0,0,3683,0,1405,51,0
2016,665,6427,0,3,0,0,0,0,0,0,924,0,0,0,0,0,67756,0,0,0,8576,0,1252,77,0
2016,334,0,0,0,0,0,0,0,0,0,0,0,0,0,0,0,0,0,0,0,0,0,0,0,0
2016,1075,78141,0,159,1750,0,0,0,5402,0,10169,0,0,0,14840,0,369099,0,0,0,38714,0,4803,584,765
2016,751,28986,0,49,255,0,2401,0,4419,0,5313,0,0,0,8534,0,143136,15029,994,0,21811,0,5531,827,398
2016,186,539,0,0,0,0,66,0,0,0,847,0,0,0,8393,0,10237,0,0,0,1413,0,325,0,0
2016,646,2023,0,0,0,0,0,0,0,0,406,0,0,0,0,0,22776,0,0,0,2894,0,820,0,0
2016,536,0,0,0,0,0,0,0,0,0,522,0,0,0,0,0,30339,0,0,0,3141,0,993,0,0
2016,242,337,0,0,0,0,0,0,0,0,0,0,0,0,0,0,0,0,0,0,0,0,347,0,0
2016,490,0,0,0,0,0,0,0,0,0,15461,0,0,0,0,0,10329,0,0,0,0,0,1409,0,0
2016,500,4940,0,0,0,0,1842,0,473,0,3717,0,357,0,12935,0,25946,0,44,0,5601,0,1993,58,19
2016,206,1714,0,0,0,0,742,0,0,0,1242,0,0,0,10082,0,12535,0,0,0,1947,0,530,0,0
2016,58,0,0,0,0,0,0,0,0,0,0,0,0,0,0,0,0,0,0,0,0,0,0,0,0
2016,572,8895,0,17,0,0,0,0,0,0,3325,0,0,0,5987,0,115515,0,0,0,11964,0,2635,338,117
2016,180,645,0,0,0,0,1100,0,0,0,7793,0,0,0,0,0,2494,0,0,0,0,0,0,0,0
2016,549,2538,0,5,0,0,0,0,0,0,1932,0,0,0,0,0,29066,0,0,0,2064,0,636,14,0
2016,582,2198,0,9,0,0,0,0,0,0,3701,0,0,0,0,0,34302,0,0,0,3503,0,418,6,12
2016,743,15519,0,67,0,0,0,0,0,0,4728,0,0,0,6193,0,124362,38581,0,0,16489,0,5109,185,165
2016,795,6316,0,0,0,0,0,0,0,0,16130,0,0,0,0,0,7769,0,0,0,0,0,0,0,0
2016,269,426,0,0,0,0,0,0,0,0,0,0,0,0,3071,0,33581,0,0,0,0,0,936,0,0
2016,634,4416,0,2,0,0,0,0,0,0,3157,0,0,0,7124,0,46874,0,0,0,6225,0,1563,71,126
2016,1,0,0,0,0,0,708,0,0,0,2792,0,0,0,4086,0,24634,0,0,0,2456,0,675,327,145
2016,717,4402,0,7,0,0,0,0,0,0,1673,0,0,0,3248,0,56885,0,0,0,8266,0,1402,101,0
2016,373,0,0,0,0,0,0,0,0,0,4922,0,0,0,0,0,3347,0,0,0,0,0,0,0,0
2016,535,7408,0,1,0,0,0,0,0,0,5618,0,0,0,4231,0,51057,0,0,0,6682,0,1755,55,122
2016,824,28133,337,135,649,0,5802,0,5533,0,17113,0,1932,0,24201,0,244975,53011,779,0,44679,0,5306,947,363
2016,888,1729,0,3,0,0,0,0,0,0,3284,0,0,0,0,0,33283,0,0,0,3482,0,701,10,0
2016,902,0,0,0,0,0,0,0,0,0,0,0,0,0,0,0,113,0,0,0,0,0,0,0,0
2016,968,0,0,0,0,0,0,0,0,0,0,0,0,0,0,0,0,0,0,0,0,0,0,0,0
2016,346,0,0,0,0,0,0,0,0,0,0,0,0,0,0,0,0,0,0,0,0,0,0,0,0
2016,27,0,0,0,0,0,0,0,0,0,0,0,0,0,0,0,0,0,0,0,0,0,0,0,0
2016,165,537,0,0,0,0,0,0,0,0,89,0,0,0,0,0,5850,0,0,0,895,0,685,0,0
2016,956,12459,0,3,0,0,707,0,0,0,5996,0,0,0,4721,0,122714,0,0,0,12784,0,4212,282,568
2016,413,0,0,0,0,0,0,0,0,0,0,0,0,0,0,0,0,0,0,0,0,0,0,0,0
2016,149,0,0,0,0,0,0,0,0,0,675,0,0,0,0,0,1469,0,0,0,0,0,0,0,0
2016,612,960,0,0,0,0,1942,0,0,0,5149,0,0,0,8270,0,30000,0,0,0,3221,0,1231,607,56
2016,559,286,0,0,0,0,0,0,0,0,718,0,0,0,1805,0,5038,0,0,0,802,0,154,0,0
2016,7,0,0,0,0,0,0,0,0,0,255,0,0,0,0,0,1900,0,0,0,340,0,0,0,0
2016,283,4332,0,0,397,0,1565,0,5190,0,5331,0,2304,0,11933,0,42716,0,1137,0,9145,0,2091,8,33
2016,37,0,0,0,0,0,0,0,0,0,0,0,0,0,0,0,0,0,0,0,0,0,0,0,0
2016,153,3296,0,0,0,0,1624,0,0,0,3997,0,0,0,13381,0,65358,0,0,0,6777,0,1029,43,0
2016,547,10648,0,7,0,0,0,0,0,0,1373,0,0,0,0,0,78950,0,0,0,5761,0,2376,126,52
2016,397,0,0,0,0,0,0,0,0,0,0,0,0,0,0,0,736,0,0,0,0,0,0,0,0
2016,556,3931,0,2,0,0,0,0,0,0,806,0,0,0,0,0,46199,0,0,0,3806,0,1589,0,0
2016,42,0,0,0,0,0,0,0,0,0,0,0,0,0,0,0,0,0,0,0,0,0,0,0,0
2016,31,0,0,0,0,0,0,0,0,0,0,0,0,0,0,0,136,0,0,0,0,0,0,0,0
2016,740,21010,0,30,1262,0,1474,0,6498,0,5014,7570,0,0,3475,0,155685,57124,2217,0,20610,0,6495,663,191
2016,217,2355,0,0,0,0,232,0,0,0,1569,0,0,0,2850,0,23513,0,0,0,2129,0,725,31,0
2016,863,486,0,0,0,0,135,0,0,0,406,0,0,0,5079,0,9446,0,0,0,1457,0,353,0,0
2016,889,22585,0,36,2141,0,2532,0,3732,0,4652,0,2224,0,4247,0,103231,100448,694,0,24801,0,4411,727,268
2016,984,1749,0,0,0,0,373,0,0,0,1539,0,0,0,3786,0,30553,0,0,0,4277,0,704,410,0
2016,1106,0,0,0,0,0,0,0,0,0,356,0,0,0,1193,0,3694,0,0,0,643,0,197,0,0
2016,34,0,0,0,0,0,0,0,0,0,0,0,0,0,0,0,0,0,0,0,0,0,0,0,0
2016,791,2183,0,0,0,0,1640,0,0,0,1467,0,0,0,7778,0,62117,0,0,0,9727,0,2493,12,0
2016,181,0,0,0,0,0,0,0,0,0,0,0,0,0,0,0,65,0,0,0,0,0,0,0,0
2016,430,0,0,0,0,0,0,0,0,0,0,0,0,0,0,0,5074,0,0,0,0,0,0,0,0
2016,715,17797,0,0,145,0,0,0,3713,0,4401,0,0,0,19187,0,132231,0,546,0,30665,0,2951,419,91
2016,521,0,0,0,0,0,0,0,0,0,0,0,0,0,1556,0,9682,0,0,0,378,0,199,0,0
2016,524,0,0,0,72,0,0,0,420,0,2861,0,0,0,4493,0,10853,0,0,0,2787,0,581,83,11
2016,459,0,0,0,0,0,0,0,0,0,0,0,0,0,0,0,7062,0,0,0,0,0,0,0,0
2016,320,142,0,0,0,0,0,0,0,0,0,0,0,0,0,0,6089,0,0,0,0,0,0,0,0
2016,45,0,0,0,0,0,0,0,0,0,0,0,0,0,0,0,0,0,0,0,0,0,0,0,0
2016,618,3784,0,0,0,0,0,0,0,0,3765,0,0,0,0,0,54676,4282,0,0,4568,0,1108,91,0
2016,463,9389,0,8,0,0,0,0,0,0,3037,0,0,0,4463,0,76722,20230,0,0,9615,0,2595,534,107
2016,891,3672,0,2,0,0,0,0,0,0,0,0,0,0,143,0,18253,0,0,0,721,0,242,4,0
2016,958,8969,0,4,0,0,905,0,0,0,3169,0,0,0,6471,0,73725,0,0,0,17536,0,2726,180,89
2016,244,1383,0,0,0,0,552,0,0,0,1,0,0,0,41,0,3185,0,0,0,188,0,367,0,0
2016,28,0,0,0,0,0,0,0,0,0,0,0,0,0,0,0,0,0,0,0,0,0,0,0,0
2016,444,2657,0,0,0,0,0,0,0,0,423,0,0,0,0,0,7755,0,0,0,203,0,712,0,0
2016,479,11,0,0,0,0,0,0,0,0,0,0,0,0,0,0,945,0,0,0,0,0,0,0,0
2016,285,0,0,0,0,0,5461,0,0,0,4799,0,0,0,5430,0,28732,0,0,0,6903,0,6468,57,22
2016,253,12056,0,3,78,0,3771,0,0,0,10186,0,0,0,16788,0,72769,0,0,0,10715,0,3510,105,0
2016,481,2562,0,2,0,0,1129,0,0,0,1778,0,0,0,6188,0,21239,0,0,0,2389,0,605,8,8
2016,540,8815,0,0,89,0,0,0,1354,0,5575,0,260,0,7925,0,29504,0,0,0,6668,0,0,0,0
2016,332,0,0,0,0,0,0,0,0,0,0,0,0,0,0,0,0,0,0,0,0,0,0,0,0
2016,41,0,0,0,0,0,0,0,0,0,0,0,0,0,0,0,0,0,0,0,0,0,0,0,0
2016,510,0,0,0,0,0,256,0,0,0,1066,0,0,0,3255,0,27207,0,0,0,1476,0,695,5,6
2016,305,0,0,0,0,0,0,0,0,0,1579,0,0,0,0,0,14007,0,0,0,0,0,0,0,0
2016,708,4804,0,1,0,0,0,0,0,0,9368,0,0,0,0,0,124112,0,0,0,10484,0,1579,163,138
2016,755,33321,0,129,2994,0,9953,0,7522,0,10276,3130,5701,0,24913,0,379886,88695,4393,0,69133,0,6513,1432,571
2016,750,20858,117,46,0,0,4185,0,3704,0,8489,3462,0,0,7225,0,301663,52665,2000,0,45600,0,5428,1410,410
2016,696,23335,0,24,239,0,0,0,0,0,16665,0,0,0,5399,0,197805,84794,0,0,22916,0,4483,432,284
2016,421,0,0,0,0,0,0,0,0,0,0,0,0,0,3605,0,24978,0,0,0,1448,0,0,0,0
2016,827,0,0,0,0,0,0,0,0,0,0,0,0,0,0,0,0,0,0,0,0,0,0,0,0
2016,933,11159,0,0,0,0,0,0,0,0,5876,0,0,0,5397,0,153103,0,0,0,13976,0,4060,393,139
2016,1030,9650,0,3,0,0,1655,0,0,0,3625,0,0,0,5773,0,26115,0,0,0,3834,0,803,15,0
2016,1003,2481,0,0,0,0,0,0,0,0,3399,0,0,0,0,0,15715,0,0,0,1454,0,713,21,0
2016,1050,1055,0,0,0,0,0,0,0,0,1078,0,0,0,0,0,10533,0,0,0,638,0,182,6,0
2016,1043,5629,0,4,0,0,1205,0,0,0,7910,0,0,0,5103,0,28925,0,0,0,7078,0,947,5,7
2016,1128,2410,0,2,0,0,0,0,0,0,4245,0,0,0,0,0,19761,0,0,0,2015,0,697,19,0
2016,934,9030,0,5,0,0,2054,0,0,0,5915,0,0,0,4521,0,57103,0,0,0,7636,0,1623,103,68
2016,629,10645,0,42,332,0,3364,0,3763,0,8612,0,0,0,11362,0,101779,0,1176,0,17481,0,2791,243,167
2016,21,0,0,0,0,0,0,0,0,0,0,0,0,0,0,0,0,0,0,0,0,0,,,
2016,615,307,0,27,0,0,2246,0,0,0,4762,0,0,0,6639,0,0,0,0,0,8302,0,1239,112,0
2016,626,2055,0,0,0,0,570,0,0,0,834,0,0,0,0,0,11184,0,0,0,1108,0,673,3,0
2016,417,0,0,0,0,0,0,0,0,0,0,0,0,0,0,0,8702,0,0,0,0,0,693,0,0
2016,597,0,0,0,0,0,464,0,0,0,2489,0,0,0,0,0,14661,0,0,0,1892,0,311,0,0
2016,539,17458,0,0,0,0,2375,0,0,0,10469,0,723,0,0,0,54571,0,0,0,17415,0,2060,332,0
2016,343,0,0,0,0,0,0,0,0,0,1828,0,0,0,0,0,35874,0,0,0,1037,0,1000,0,0
2016,135,0,0,0,0,0,0,0,0,0,0,0,0,0,0,0,0,0,0,0,0,0,,,
2016,158,0,0,0,0,0,0,0,0,0,0,0,0,0,0,0,1499,0,0,0,0,0,,,
2016,775,16923,0,35,0,0,1173,0,0,0,6162,0,0,0,6143,0,60514,0,0,0,11877,0,3524,120,87
2016,177,0,0,0,0,0,0,0,0,0,0,0,0,0,0,0,2038,0,0,0,0,0,,,
2016,578,0,0,0,0,0,0,0,0,0,1197,0,0,0,0,0,23839,0,0,0,0,0,515,0,0
2016,416,738,0,0,0,0,442,0,0,0,1085,0,0,0,3271,0,17150,0,0,0,0,0,179,0,0
2016,561,4656,0,0,0,0,0,0,0,0,3420,0,0,0,0,0,39291,0,0,0,5041,0,1186,55,0
2016,62,0,0,0,0,0,0,0,0,0,0,0,0,0,0,0,0,0,0,0,0,0,,,
2016,828,0,0,0,0,0,0,0,0,0,0,0,0,0,0,0,0,0,0,0,0,0,,,
2016,860,0,0,0,0,0,0,0,0,0,3493,0,0,0,0,0,36844,0,0,0,1406,0,298,0,0
2016,935,0,0,0,0,0,0,0,0,0,0,0,0,0,0,0,0,0,0,0,0,0,,,
2016,936,0,0,0,0,0,0,0,0,0,0,0,0,0,0,0,0,0,0,0,0,0,,,
2016,986,0,0,0,0,0,0,0,0,0,0,0,0,0,0,0,0,0,0,0,0,0,,,
2016,987,194,0,13,0,0,0,0,0,0,4858,0,0,0,0,0,57767,0,0,0,7148,0,1391,103,0
2016,1021,0,0,0,0,0,0,0,0,0,0,0,0,0,0,0,0,0,0,0,0,0,,,
2016,1085,0,0,0,0,0,0,0,0,0,0,0,0,0,0,0,0,0,0,0,0,0,,,
2016,658,6742,0,3,0,0,0,0,0,0,1979,0,0,0,2566,0,52608,0,0,0,5744,0,1544,83,0
2016,353,0,0,0,0,0,0,0,0,0,25025,0,0,0,0,0,14267,0,0,0,0,0,0,0,0
2016,323,0,0,0,0,0,0,0,0,0,0,0,0,0,0,0,0,0,0,0,0,0,0,0,0
2016,620,3245,0,3,0,0,0,0,0,0,1152,0,0,0,0,0,37561,0,0,0,3565,0,1118,50,0
2016,384,0,0,0,0,0,0,0,0,0,0,0,0,0,5077,0,14181,0,0,0,0,0,0,36,0
2016,554,10320,0,4,0,0,2533,0,0,0,2566,0,0,0,6140,0,115695,0,0,0,14737,0,3228,314,163
2016,209,691,0,0,0,0,404,0,0,0,1002,0,0,0,2204,0,24442,0,0,0,1981,0,785,0,0
2016,707,35426,0,40,205,0,0,0,0,0,36195,0,0,0,11827,0,158591,59073,0,0,28491,249,6017,1046,266
2016,395,3,0,0,0,0,0,0,0,0,0,0,0,0,0,0,8318,0,0,0,0,0,0,0,0
2016,969,4105,0,0,0,0,563,0,0,0,1329,0,0,0,4230,0,25519,0,2126,0,3103,0,1228,0,0
2016,1052,0,0,0,0,0,0,0,0,0,0,0,0,0,0,0,0,0,0,0,0,0,0,0,0
2016,739,3567,0,72,5759,0,8415,0,3303,0,12230,0,4591,0,32657,0,226615,59786,913,0,43573,0,4285,1420,220
2016,613,22633,0,39,1778,0,0,7321,4491,0,5617,0,0,0,8470,0,111123,28095,0,0,22250,0,2965,448,115
2016,593,20833,0,4,0,0,0,3283,0,0,2807,0,0,0,16536,0,61509,33882,0,0,10908,0,3350,430,183
2016,704,36453,0,55,2043,0,0,0,4733,0,4308,0,0,0,36401,0,148949,28070,0,0,34868,0,4754,1631,317
2016,493,0,0,0,0,0,11309,0,0,0,0,0,0,0,0,0,11945,0,0,0,956,0,0,0,0
2016,686,28146,0,38,717,0,6102,0,864,0,5815,0,993,0,15713,0,190650,0,86,0,20348,0,3949,557,260
2016,257,8527,0,0,0,0,3483,0,0,0,6220,0,0,0,11642,0,76908,0,0,0,5228,0,1482,20,35
2016,494,0,0,0,0,0,0,0,0,0,68,0,0,0,0,0,2458,0,0,0,15,0,0,0,0
2016,681,28133,0,1,14,0,2582,0,2427,0,9039,0,411,0,4592,0,10341,0,0,0,27447,0,2227,85,0
2016,286,15805,0,0,0,0,1480,0,0,0,16395,0,0,0,7342,0,33917,0,0,0,4267,0,2588,64,23
2016,255,6273,0,0,0,0,2873,0,0,0,4488,0,0,0,16512,0,71607,0,0,0,8513,0,1534,186,17
2016,79,0,0,0,0,0,0,0,0,0,0,0,0,0,0,0,0,0,0,0,0,0,0,0,0
2016,81,0,0,0,0,0,0,0,0,0,0,0,0,0,0,0,0,0,0,0,0,0,0,0,0
2016,688,13361,0,8,0,0,4967,0,0,0,5903,0,0,0,0,0,108592,0,0,0,12584,0,2719,151,199
2016,531,16761,0,4,0,0,0,5810,0,0,3348,0,0,0,9758,0,64347,30486,0,0,8632,0,1595,2372,85
2016,514,0,0,0,0,0,0,0,0,0,1069,0,0,0,0,0,24561,0,0,0,2006,0,0,0,0
2016,499,0,0,0,0,0,0,0,0,0,0,0,0,0,13027,0,29901,0,0,0,5758,0,4,2,0
2016,532,10951,2964,7,0,0,1650,280,0,0,4325,114,0,0,12309,0,66026,22498,0,0,10481,0,2245,246,70
2016,190,0,0,0,0,0,0,0,0,0,0,0,0,0,0,0,5615,0,0,0,0,0,0,0,0
2016,598,3884,0,2,0,0,0,0,0,0,3764,0,0,0,0,0,35660,0,0,0,3827,0,1412,40,0
2016,260,18023,0,0,591,0,4797,0,1164,0,26324,0,3205,0,18397,0,140962,0,45,0,11282,0,963,42,53
2016,838,1213,0,0,0,0,0,0,0,0,750,0,0,0,877,0,14357,0,0,0,911,0,357,0,0
2016,839,460,0,0,0,0,416,0,0,0,1943,0,0,0,1518,0,12582,0,0,0,307,0,258,0,0
2016,851,0,0,0,0,0,0,0,0,0,0,0,0,0,0,0,0,0,0,0,0,0,0,0,0
2016,852,20083,0,21,0,0,0,3729,2860,0,3549,0,621,0,16623,0,91713,61142,798,0,24674,0,3634,312,143
2016,988,0,0,0,0,0,0,0,0,0,0,0,0,0,0,0,1448,0,0,0,0,0,0,0,0
2016,1056,18068,0,5,38,0,7029,0,0,0,6702,0,0,0,11713,0,148256,24195,0,0,19153,0,2936,163,148
2016,1044,0,0,0,0,0,0,0,0,0,0,0,0,0,0,0,0,0,0,0,0,0,0,0,0
2016,1114,0,0,0,0,0,0,0,0,0,0,0,0,0,0,0,42824,3226,0,0,6028,0,0,0,0
2016,644,17587,0,8,2411,0,3643,0,0,0,5248,0,0,0,11497,0,106815,45248,0,0,21227,0,4983,341,1103
2016,752,16680,0,26,1442,0,0,0,7115,0,5563,0,0,0,17902,0,147738,34280,0,0,22393,0,4174,1060,0
2016,238,0,0,0,0,0,0,0,0,0,0,0,0,0,0,0,0,0,0,0,0,0,1196,95,0
2016,325,0,0,0,0,0,0,0,0,0,0,0,0,0,0,0,0,0,0,0,0,0,0,0,0
2016,622,3382,0,0,0,0,0,0,0,0,776,0,0,0,0,0,38829,0,0,0,6050,0,1365,0,0
2016,879,625,0,0,0,0,0,0,0,0,0,0,0,0,0,0,2105,0,0,0,147,0,0,0,0
2016,906,2590,0,0,0,0,0,0,0,0,36,0,0,0,328,0,15128,0,0,0,1594,0,1780,81,67
2016,370,0,0,0,0,0,0,0,0,0,0,0,0,0,0,0,9616,0,0,0,0,0,2,9,0
2016,418,0,0,0,0,0,0,0,0,0,0,0,0,0,4059,0,19172,0,0,0,0,0,0,0,0
2016,574,0,0,0,0,0,0,0,0,0,0,0,0,0,3883,0,11695,0,0,0,0,0,0,0,0
2016,399,0,0,0,0,0,0,0,0,0,0,0,0,0,0,0,3217,0,0,0,0,0,0,0,0
2016,195,0,0,0,0,0,0,0,0,0,0,0,0,0,0,0,6553,0,0,0,0,0,0,0,0
2016,783,26719,0,32,0,0,3150,0,0,0,10520,0,0,0,9582,0,138722,116462,560,0,22245,6881,,,
2016,263,0,0,0,0,0,0,0,0,0,0,0,0,0,0,0,26912,0,0,0,0,0,33,0,0
2016,194,0,0,0,0,0,0,0,0,0,1618,0,0,0,0,0,19316,0,0,0,0,0,0,0,0
2016,214,0,0,0,0,0,0,0,0,0,426,0,0,0,0,0,3626,0,0,0,0,0,156,0,0
2016,785,33307,0,71,1601,0,841,0,3074,0,8512,985,4658,0,13313,0,252063,0,1378,0,44026,0,671,132,33
2016,780,653,0,0,0,0,0,0,0,0,1477,9498,0,0,0,0,39826,50918,0,0,9498,0,47,3,0
2016,782,17945,0,22,215,0,0,0,0,0,4133,0,0,0,0,0,92826,110479,0,0,19969,0,157,0,37
2016,369,0,0,0,0,0,0,0,0,0,0,0,0,0,0,0,4648,0,0,0,0,0,0,0,0
2016,713,0,0,0,0,0,0,0,0,0,298,0,0,0,6200,0,65781,0,0,0,6000,0,73,19,0
2016,941,0,0,0,0,0,0,0,0,0,0,0,0,0,0,0,0,0,0,0,0,0,0,0,0
2016,1091,0,0,0,0,0,0,0,0,0,0,0,0,0,0,0,0,0,0,0,0,0,0,0,0
2016,1045,2415,0,0,0,0,443,0,232,0,1863,0,73,0,5856,0,16667,0,0,0,2665,0,669,1,12
2016,1086,0,0,0,0,0,1119,0,1789,0,2611,0,1789,0,11417,0,70300,0,0,0,16223,0,54,2,7
2016,937,13357,0,9,0,0,3214,0,0,0,4065,0,0,0,7164,0,90042,0,0,0,17428,0,9876,213,277
2016,1004,0,0,0,0,0,0,0,0,0,0,0,0,0,0,0,0,0,0,0,0,0,539,0,0
2016,737,25780,0,38,320,0,0,0,5512,0,5207,2592,0,0,5590,0,120525,38642,933,0,19291,0,5483,653,416
2016,765,41926,0,76,302,0,6746,0,7127,0,9990,3245,0,0,20645,0,287387,45960,799,0,46110,0,6774,1003,685
2016,329,8093,0,0,0,0,0,0,0,0,0,0,0,0,0,0,60835,38333,0,0,8541,0,3007,272,0
2016,87,0,0,0,0,0,0,0,0,0,0,0,0,0,0,0,0,0,0,0,0,0,0,0,0
2016,527,6261,0,0,0,0,0,0,0,0,4321,0,0,0,6923,0,15535,0,0,0,2323,0,0,0,0
2016,562,268,0,0,16,0,0,0,0,0,0,0,0,0,6752,0,58553,0,0,0,2979,0,0,0,18
2016,251,0,0,0,0,0,1939,0,0,0,950,0,0,0,5942,0,32434,0,0,0,3838,0,503,24,0
2016,129,0,0,0,0,0,0,0,0,0,0,0,0,0,0,0,0,0,0,0,0,0,0,0,0
2016,154,0,0,0,0,0,0,0,0,0,0,0,0,0,0,0,1583,0,0,0,0,0,0,0,0
2016,516,0,0,0,0,0,0,0,0,0,697,0,0,0,10746,0,71550,0,0,0,5023,0,269,16,0
2016,184,0,0,0,0,0,0,0,0,0,0,0,0,0,2543,0,9240,0,0,0,309,0,1426,0,0
2016,652,1597,0,0,0,0,929,0,0,0,707,0,0,0,0,0,19997,0,0,0,2090,0,684,67,27
2016,637,6527,0,0,0,0,0,0,0,0,1340,0,0,0,0,0,37356,0,0,0,4770,0,995,59,0
2016,88,0,0,0,0,0,0,0,0,0,0,0,0,0,0,0,0,0,0,0,0,0,0,0,0
2016,907,0,0,0,0,0,0,0,0,0,0,0,0,0,0,0,0,0,0,0,0,0,0,0,0
2016,970,0,0,0,0,0,0,0,0,0,0,0,0,0,0,0,0,0,0,0,0,0,0,0,0
2016,1019,0,0,0,0,0,0,0,0,0,214,0,0,0,1161,0,11057,0,0,0,589,0,209,0,0
2016,1016,0,0,0,42,0,0,0,0,0,467,0,0,0,6686,0,22173,0,0,0,1610,0,269,0,3
2016,1047,4086,0,0,0,0,1210,0,0,0,754,0,0,0,3041,0,47280,0,0,0,5483,0,530,144,0
2016,635,3614,0,3,0,0,0,0,0,0,493,0,0,0,0,0,50600,0,0,0,7929,0,542,80,0
