año,NCODI,inver_iIntangible,inver_IMaterial,inver_IMterrenos,inver_IMresto,inver_Otras,inver_Total
2016,113,43821,10418,0,10418,0,54239
2016,619,13720,814748,28275,786473,0,828468
2016,163,3025,253276,0,253276,0,256301
2016,131,0,0,0,0,0,0
2016,375,13252,0,0,0,0,13252
2016,1090,341197,11990308,0,11990308,0,12331505
2016,764,0,1059091,0,1059091,0,1059091
2016,14,3755,412245,0,412245,0,416000
2016,657,0,346264,0,346264,0,346264
2016,362,3817,283170,0,283170,0,286987
2016,989,0,85922,0,85922,0,85922
2016,990,0,227683,0,227683,0,227683
2016,680,0,3252103,0,3252103,0,3252103
2016,411,24956,998231,998231,0,0,1023187
2016,241,110591,1394907,0,1394907,65716,1571214
2016,558,0,881980,0,881980,0,881980
2016,167,0,0,0,0,0,0
2016,248,200421,3398829,1360779,2038050,2315216,5914466
2016,224,0,146966,0,146966,0,146966
2016,591,394380,2089399,0,2089399,0,2483779
2016,586,0,186395028,0,186395028,0,186395028
2016,453,0,180489,47407,133082,0,180489
2016,145,0,0,0,0,0,0
2016,511,0,0,0,0,159754,159754
2016,530,0,1078572,0,1078572,0,1078572
2016,6,110591,1394907,0,1394907,65716,1571214
2016,161,0,0,0,0,0,0
2016,623,0,2414500,0,2414500,0,2414500
2016,875,0,278804,0,278804,0,278804
2016,946,134075,374221,0,374221,0,508296
2016,1023,569853,1338361,0,1338361,0,1908214
2016,1054,0,0,0,0,0,0
2016,1057,0,221000,0,221000,0,221000
2016,1031,0,133193,0,133193,0,133193
2016,1032,398982,1954892,0,1954892,0,2353874
2016,1064,134075,311553,0,311553,0,445628
2016,226,52913,353319,0,353319,0,406232
2016,687,0,156266,0,156266,0,156266
2016,745,0,3429365,0,3429365,0,3429365
2016,109,6649,1609309,0,1609309,0,1615958
2016,808,0,69756,0,69756,0,69756
2016,971,39079,1285227,0,1285227,0,1324306
2016,128,0,62433,0,62433,0,62433
2016,919,922,1072791,0,1072791,0,1073713
2016,725,0,717051,0,717051,0,717051
2016,3,0,78723,0,78723,0,78723
2016,306,0,0,0,0,0,0
2016,15,0,14532,0,14532,1433,15965
2016,264,0,741174,0,741174,0,741174
2016,867,0,0,0,0,0,0
2016,910,0,155239,0,155239,0,155239
2016,1053,0,218846,0,218846,0,218846
2016,1055,0,313679,0,313679,0,313679
2016,1081,0,31961,0,31961,0,31961
2016,1099,0,0,0,0,0,0
2016,529,0,0,0,0,57346,57346
2016,345,0,0,0,0,113261,113261
2016,515,26620,174870,0,174870,0,201490
2016,174,0,73483,0,73483,0,73483
2016,523,44835,801605,801605,0,0,846440
2016,697,59909,1861789,0,1861789,0,1921698
2016,239,53850,952737,0,952737,0,1006587
2016,287,83457,154146,0,154146,,237603
2016,377,0,0,0,0,218959,218959
2016,692,10514,590110,0,590110,0,600624
2016,335,0,127770,0,127770,0,127770
2016,435,192975,1313897,0,1313897,5816850,7323722
2016,423,4800,649280,0,649280,419,654499
2016,351,13767,224304,0,224304,0,238071
2016,810,2057,278263,0,278263,179,280499
2016,830,3242,1844371,0,1844371,0,1847613
2016,892,0,0,0,0,7953313,7953313
2016,921,29066,396056,0,396056,35690,460812
2016,991,0,73232,0,73232,0,73232
2016,992,0,795687,58595,737092,0,795687
2016,993,0,672061,0,672061,0,672061
2016,1070,0,1420308,0,1420308,0,1420308
2016,1095,2722,191068,0,191068,0,193790
2016,1094,1430,84441,0,84441,0,85871
2016,473,0,1272623,0,1272623,2558,1275181
2016,663,463586,21957412,0,21957412,0,22420998
2016,552,0,126483,0,126483,0,126483
2016,772,4205062,13294959,0,13294959,140230,17640251
2016,568,0,1352300,0,1352300,0,1352300
2016,398,0,1772259,0,1772259,0,1772259
2016,394,0,176271,0,176271,0,176271
2016,614,0,44300,0,44300,0,44300
2016,235,55622,1619126,0,1619126,0,1674748
2016,616,54388,375896,0,375896,0,430284
2016,267,166503,2604508,0,2604508,70602,2841613
2016,565,121562,845189,0,845189,0,966751
2016,220,13592,417016,0,417016,0,430608
2016,278,9927,862122,289632,572490,0,872049
2016,107,46832,846122,0,846122,0,892954
2016,711,417466,2778541,0,2778541,1192,3197199
2016,204,0,15354,0,15354,-8000,7354
2016,579,13888,131998,0,131998,0,145886
2016,348,391091,3800804,390000,3410804,0,4191895
2016,766,934325,2154076,0,2154076,0,3088401
2016,761,0,526388,0,526388,0,526388
2016,728,1739,1304135,0,1304135,0,1305874
2016,280,6286,1611802,0,1611802,0,1618088
2016,222,32640,1048315,0,1048315,0,1080955
2016,276,21988,1222503,0,1222503,0,1244491
2016,11,292392,2844950,0,2844950,0,3137342
2016,302,16334,271471,0,271471,0,287805
2016,682,275119,735354,0,735354,763020,1773493
2016,279,0,1697174,0,1697174,0,1697174
2016,282,0,0,0,0,807000,807000
2016,281,0,3971501,0,3971501,887185,4858686
2016,183,0,2560,0,2560,0,2560
2016,610,0,388106,0,388106,0,388106
2016,116,4598,36593,0,36593,0,41191
2016,115,0,4189,0,4189,0,4189
2016,114,0,236839,0,236839,0,236839
2016,119,0,219220,0,219220,0,219220
2016,770,0,23863998,0,23863998,0,23863998
2016,583,169548,204586,0,204586,0,374134
2016,136,0,47064,0,47064,0,47064
2016,469,31870,97516,0,97516,0,129386
2016,642,20252,581856,0,581856,0,602108
2016,674,440219,8158561,0,8158561,0,8598780
2016,193,0,17883,0,17883,0,17883
2016,526,220241,2355643,42227,2313416,0,2575884
2016,698,222908,3398577,0,3398577,0,3621485
2016,630,103027,651592,0,651592,0,754619
2016,124,0,30143,0,30143,1262,31405
2016,364,0,1,0,1,0,1
2016,439,17704,193156,0,193156,2052,212912
2016,570,65778,881780,0,881780,7625,955183
2016,123,12991,1098198,0,1098198,0,1111189
2016,310,31317,1488812,0,1488812,0,1520129
2016,571,0,873036,0,873036,58550,931586
2016,296,0,64282,0,64282,0,64282
2016,566,0,493504,0,493504,0,493504
2016,784,49218,4254572,0,4254572,0,4303790
2016,102,42702,1225587,0,1225587,2685906,3954195
2016,379,118765,463712,0,463712,0,582477
2016,639,2725219,732110,0,732110,0,3457329
2016,457,46259,178595,0,178595,0,224854
2016,609,33082,3443749,0,3443749,0,3476831
2016,101,3630,146244,0,146244,3847,153721
2016,454,59120,696304,0,696304,0,755424
2016,318,247,155664,0,155664,0,155911
2016,600,157801,242806,0,242806,0,400607
2016,545,174423,1178617,0,1178617,0,1353040
2016,100,0,218292,0,218292,0,218292
2016,702,30286,3133642,0,3133642,0,3163928
2016,778,61923,2160258,0,2160258,0,2222181
2016,341,0,59343,0,59343,0,59343
2016,99,6056,86472,0,86472,630186,722714
2016,767,0,238105,0,238105,0,238105
2016,359,29795,350927,0,350927,0,380722
2016,98,4998,116237,0,116237,0,121235
2016,132,0,218649,0,218649,0,218649
2016,97,0,16397,0,16397,0,16397
2016,103,11565,44649,0,44649,0,56214
2016,110,3448,116800,0,116800,5916,126164
2016,94,0,28664,0,28664,0,28664
2016,91,3249,604491,0,604491,0,607740
2016,664,233297,1945758,0,1945758,0,2179055
2016,918,30492,12622960,0,12622960,0,12653452
2016,92,0,908,0,908,0,908
2016,95,0,117729,0,117729,0,117729
2016,301,17993,280898,0,280898,0,298891
2016,492,85428,552595,0,552595,0,638023
2016,811,20243,288980,0,288980,0,309223
2016,812,17618,415428,0,415428,0,433046
2016,832,0,49896,0,49896,0,49896
2016,841,0,56491,0,56491,0,56491
2016,856,0,107076,0,107076,0,107076
2016,859,0,14071,0,14071,0,14071
2016,861,1,0,0,0,0,1
2016,880,0,3084,0,3084,0,3084
2016,883,0,734738,0,734738,0,734738
2016,884,0,8882,0,8882,0,8882
2016,877,0,30201,0,30201,0,30201
2016,911,68698,966209,0,966209,0,1034907
2016,913,0,0,0,0,1,1
2016,922,21913,1373909,0,1373909,0,1395822
2016,923,0,25839,0,25839,0,25839
2016,924,0,244261,0,244261,0,244261
2016,947,0,40084,0,40084,0,40084
2016,951,0,74877,0,74877,33333,108210
2016,1103,0,67273,0,67273,0,67273
2016,972,0,31998,0,31998,0,31998
2016,973,0,394329,0,394329,0,394329
2016,974,0,64393,0,64393,0,64393
2016,975,3218,164331,0,164331,0,167549
2016,960,6779,319386,0,319386,0,326165
2016,1028,0,7133,0,7133,0,7133
2016,976,0,186201,0,186201,0,186201
2016,977,3620,26825,0,26825,0,30445
2016,1020,590,8700,0,8700,0,9290
2016,994,27528,976433,0,976433,0,1003961
2016,995,25800,2047,0,2047,0,27847
2016,1060,300,0,0,0,0,300
2016,1005,1152,5695,0,5695,0,6847
2016,1061,0,6000,0,6000,0,6000
2016,1006,0,73750,0,73750,0,73750
2016,1088,24013,164769,0,164769,0,188782
2016,1089,8615,212736,0,212736,0,221351
2016,1076,0,1147,0,1147,0,1147
2016,1078,0,930450,0,930450,0,930450
2016,1033,379786,1169592,0,1169592,0,1549378
2016,1037,0,0,0,0,1,1
2016,1039,0,124184,0,124184,0,124184
2016,1067,36521,161135,0,161135,0,197656
2016,1065,623,68088,0,68088,0,68711
2016,1066,201895,1275794,0,1275794,0,1477689
2016,1100,0,0,0,0,1,1
2016,1105,10353,15848,0,15848,0,26201
2016,1107,0,68794,0,68794,1496,70290
2016,1111,0,749131,0,749131,0,749131
2016,1121,0,74877,0,74877,33333,108210
2016,207,3842,181066,,181066,0,184908
2016,431,732,64606,,64606,0,65338
2016,387,0,299204,0,299204,0,299204
2016,179,0,59957,0,59957,0,59957
2016,606,0,248146,0,248146,0,248146
2016,925,5006,12661,0,12661,59127,76794
2016,541,0,68178,0,68178,0,68178
2016,797,0,61060,0,61060,0,61060
2016,627,0,180007,0,180007,0,180007
2016,173,0,21888,0,21888,0,21888
2016,636,0,675942,0,675942,0,675942
2016,205,4677,1110821,0,1110821,0,1115498
2016,814,0,94991,0,94991,0,94991
2016,881,0,15629,0,15629,0,15629
2016,771,0,132090,132090,0,0,132090
2016,533,3557,141977,0,141977,0,145534
2016,447,0,298423,0,298423,0,298423
2016,815,0,40812,0,40812,0,40812
2016,801,0,75460,0,75460,0,75460
2016,800,12352,504080,33963,470117,0,516432
2016,389,0,152981,0,152981,0,152981
2016,695,0,144898,0,144898,0,144898
2016,816,0,59878,0,59878,0,59878
2016,833,0,59878,0,59878,0,59878
2016,870,39793,807339,0,807339,0,847132
2016,927,0,491964,0,491964,0,491964
2016,961,0,0,0,0,0,0
2016,962,8150,248121,,248121,248121,504392
2016,1079,0,0,0,0,0,0
2016,1101,3020,1140453,0,1140453,0,1143473
2016,666,17800,2186594,132692,2053902,1499,2205893
2016,392,0,54832,23948,30884,0,54832
2016,790,0,4891961,0,4891961,0,4891961
2016,650,0,832231,0,832231,0,832231
2016,876,0,0,0,0,705596,705596
2016,944,0,0,0,0,311422,311422
2016,952,82503,851461,0,851461,0,933964
2016,54,0,0,0,0,0,0
2016,367,0,13553542,13019795,533747,0,13553542
2016,538,0,465005,0,465005,0,465005
2016,557,0,259911,0,259911,0,259911
2016,653,0,0,0,0,387707,387707
2016,647,0,415940,0,415940,0,415940
2016,978,0,648574,0,648574,0,648574
2016,996,0,125431,0,125431,0,125431
2016,729,0,453408,0,453408,0,453408
2016,182,700,225687,0,225687,0,226387
2016,633,54359,2213708,0,2213708,0,2268067
2016,685,0,83086,0,83086,0,83086
2016,683,0,36288,0,36288,0,36288
2016,945,0,187267,0,187267,0,187267
2016,953,0,232708,0,232708,0,232708
2016,1022,0,27383,0,27383,0,27383
2016,1049,0,11502,0,11502,0,11502
2016,794,0,3584779,0,3584779,0,3584779
2016,415,0,177742,0,177742,151452,329194
2016,592,0,1745711,0,1745711,0,1745711
2016,497,21902,166414,0,166414,0,188316
2016,458,69750,1048837,0,1048837,0,1118587
2016,726,0,1200664,0,1200664,0,1200664
2016,272,0,530428,319046,211382,60346,590774
2016,805,0,1230669,58208,1172461,0,1230669
2016,5,19622,235874,0,235874,0,255496
2016,234,0,180440,,180440,0,180440
2016,64,0,0,0,0,0,0
2016,842,0,54398,0,54398,0,54398
2016,843,0,0,0,0,0,0
2016,803,0,197172,0,197172,0,197172
2016,211,3458,71199,0,71199,0,74657
2016,773,0,857592,0,857592,0,857592
2016,424,0,1664735,435075,1229660,0,1664735
2016,298,0,418278,0,418278,0,418278
2016,594,2710,27344,0,27344,0,30054
2016,237,85779,226018,0,226018,0,311797
2016,16,0,7258,0,7258,0,7258
2016,768,54488,762767,0,762767,35740,852995
2016,617,201749,901163,0,901163,0,1102912
2016,297,0,26076,0,26076,0,26076
2016,105,0,13626,0,13626,0,13626
2016,544,99904,180502,0,180502,0,280406
2016,804,1452,667576,0,667576,0,669028
2016,104,2153,43287,0,43287,1337,46777
2016,20,0,0,0,0,1,1
2016,550,20252,388986,0,388986,0,409238
2016,112,314,490886,0,490886,0,491200
2016,818,0,73791,0,73791,0,73791
2016,882,12710,10932,0,10932,0,23642
2016,914,0,24824,0,24824,0,24824
2016,928,0,144402,0,144402,0,144402
2016,964,152522,589661,0,589661,1629,743812
2016,1026,0,15128,0,15128,0,15128
2016,1068,5192,1072504,0,1072504,297,1077993
2016,1108,0,522566,0,522566,0,522566
2016,404,0,665988,0,665988,0,665988
2016,270,0,572224,0,572224,0,572224
2016,676,0,67000,0,67000,0,67000
2016,709,0,43738,0,43738,0,43738
2016,754,0,0,0,0,0,0
2016,997,0,223370,0,223370,0,223370
2016,1069,0,67627,0,67627,0,67627
2016,1118,19454,0,0,0,10460098,10479552
2016,734,0,556451,0,556451,0,556451
2016,299,0,330133,0,330133,0,330133
2016,645,131853,143724,,143724,0,275577
2016,17,0,0,0,0,0,0
2016,1046,0,0,0,0,0,0
2016,420,19637,342923,0,342923,7407,369967
2016,802,0,68143,0,68143,0,68143
2016,266,57325,941075,0,941075,0,998400
2016,137,0,101584,0,101584,0,101584
2016,769,0,236410,0,236410,0,236410
2016,776,47207,105270,0,105270,0,152477
2016,640,43779,47015,0,47015,0,90794
2016,315,0,2140556,0,2140556,0,2140556
2016,40,6325,97138,0,97138,0,103463
2016,508,0,248828,0,248828,0,248828
2016,46,629,36216,0,36216,0,36845
2016,590,65603,46980,0,46980,0,112583
2016,777,55383,60496,0,60496,0,115879
2016,897,424074,686987,0,686987,0,1111061
2016,965,5356,56515,0,56515,23126,84997
2016,461,0,661,0,661,0,661
2016,376,16264,485562,0,485562,0,501826
2016,621,0,0,0,0,201121,201121
2016,793,0,555899,0,555899,0,555899
2016,1102,20352,146323,0,146323,0,166675
2016,712,0,520104,0,520104,0,520104
2016,32,0,4634,0,4634,0,4634
2016,361,0,83103,0,83103,0,83103
2016,486,0,99343,0,99343,0,99343
2016,595,0,344961,0,344961,0,344961
2016,433,0,154256,0,154256,0,154256
2016,1058,0,0,0,0,0,0
2016,261,10829,69162,0,69162,0,79991
2016,730,0,12256,0,12256,20364,32620
2016,577,0,5284,0,5284,16521,21805
2016,788,0,167325,0,167325,0,167325
2016,865,21150,95269,0,95269,0,116419
2016,979,0,33983,0,33983,0,33983
2016,998,0,41253,0,41253,0,41253
2016,1072,253,246008,0,246008,0,246261
2016,221,6753,347083,0,347083,0,353836
2016,506,0,107039,0,107039,0,107039
2016,727,11400,1009894,0,1009894,0,1021294
2016,355,7416,66563,0,66563,0,73979
2016,487,5503,67563,0,67563,0,73066
2016,938,0,2063227,17245,2045982,74530,2137757
2016,886,238703,574048,112325,461723,0,812751
2016,835,0,137006,0,137006,0,137006
2016,999,0,0,0,0,0,0
2016,798,0,2579424,0,2579424,0,2579424
2016,504,41600,349169,0,349169,0,390769
2016,247,6078,555465,0,555465,0,561543
2016,216,34194,5276584,0,5276584,0,5310778
2016,654,50688,5136152,540902,4595250,0,5186840
2016,65,0,1885077,760992,1124085,0,1885077
2016,472,16654,184704,0,184704,0,201358
2016,427,0,49186,0,49186,0,49186
2016,491,0,428613,0,428613,0,428613
2016,551,51396,10389,0,10389,1060737,1122522
2016,106,0,66680,0,66680,0,66680
2016,819,0,32086,0,32086,0,32086
2016,836,0,1000,0,1000,0,1000
2016,915,0,33922,0,33922,0,33922
2016,942,10494,189875,0,189875,187137,387506
2016,748,5016,1137548,0,1137548,0,1142564
2016,198,0,13930,0,13930,0,13930
2016,871,0,212443,0,212443,0,212443
2016,948,12293,233119,0,233119,0,245412
2016,1051,0,0,0,0,0,0
2016,1083,0,8248,0,8248,0,8248
2016,1096,0,7651,0,7651,0,7651
2016,679,0,1168745,0,1168745,0,1168745
2016,176,12892,569847,0,569847,0,582739
2016,537,0,60514,0,60514,0,60514
2016,608,0,0,0,0,0,0
2016,596,0,0,0,0,0,0
2016,749,0,3024089,0,3024089,0,3024089
2016,758,0,5162109,0,5162109,0,5162109
2016,1104,0,1111247,0,1111247,0,1111247
2016,436,0,230070,0,230070,0,230070
2016,567,0,73999,0,73999,0,73999
2016,677,0,1514530,0,1514530,0,1514530
2016,670,0,313221,0,313221,0,313221
2016,588,0,128530,0,128530,0,128530
2016,753,0,573722,0,573722,0,573722
2016,887,0,32602,0,32602,0,32602
2016,245,6474,479607,0,479607,0,486081
2016,603,14040,1144766,0,1144766,0,1158806
2016,426,1048,262694,0,262694,0,263742
2016,232,0,25063,0,25063,55139,80202
2016,288,0,525287,0,525287,0,525287
2016,246,101149,137560,0,137560,0,238709
2016,284,55386,600670,0,600670,0,656056
2016,18,,712930,,712930,0,712930
2016,356,0,457486,0,457486,0,457486
2016,401,20102,472629,0,472629,0,492731
2016,733,84780,7552628,0,7552628,2048428,9685836
2016,243,35150,1444866,0,1444866,0,1480016
2016,380,0,170868,0,170868,0,170868
2016,716,131995,0,0,0,147630,279625
2016,534,9643,4393096,0,4393096,0,4402739
2016,185,0,283807,0,283807,0,283807
2016,258,1062679,40388403,0,40388403,1819413,43270495
2016,505,0,0,0,0,55000,55000
2016,268,601759,76091442,0,76091442,4379395,81072596
2016,602,55497,1430959,0,1430959,159543,1645999
2016,254,3081,1084504,0,1084504,0,1087585
2016,705,96561,2069081,0,2069081,0,2165642
2016,133,0,123843,0,123843,0,123843
2016,33,0,0,0,0,0,0
2016,143,292189,354712,0,354712,0,646901
2016,36,0,186515,0,186515,0,186515
2016,756,0,3119156,,3119156,0,3119156
2016,662,19276,1040180,0,1040180,0,1059456
2016,192,0,16108,0,16108,0,16108
2016,382,3256,370508,0,370508,0,373764
2016,322,907873,3350251,630189,2720062,0,4258124
2016,478,0,1398452,0,1398452,0,1398452
2016,352,0,33386,0,33386,0,33386
2016,628,0,722169,0,722169,0,722169
2016,291,0,206228,0,206228,0,206228
2016,495,,743176,65950,677226,0,743176
2016,845,17900,251948,0,251948,0,269848
2016,498,21284,482204,0,482204,0,503488
2016,314,0,51151,0,51151,0,51151
2016,720,0,475103,0,475103,0,475103
2016,721,0,1771554,0,1771554,0,1771554
2016,485,0,0,0,0,4583,4583
2016,273,0,662591,0,662591,0,662591
2016,846,191921,2786639,0,2786639,0,2978560
2016,847,174342,2492399,0,2492399,0,2666741
2016,848,0,1571660,0,1571660,0,1571660
2016,916,25167,686210,,686210,0,711377
2016,930,0,1724874,0,1724874,0,1724874
2016,954,89837,3526802,0,3526802,0,3616639
2016,943,0,610972,0,610972,0,610972
2016,949,0,1457876,0,1457876,0,1457876
2016,980,10819,1863837,0,1863837,0,1874656
2016,981,0,31587,0,31587,0,31587
2016,1024,0,1974270,1974270,0,0,1974270
2016,1017,7638,33123,0,33123,0,40761
2016,1000,0,747303,0,747303,0,747303
2016,1018,0,1397996,0,1397996,0,1397996
2016,1001,52124,1940633,0,1940633,0,1992757
2016,1007,0,539559,0,539559,0,539559
2016,1008,0,358643,0,358643,0,358643
2016,1009,70677,1456584,0,1456584,0,1527261
2016,1010,4295,273875,0,273875,0,278170
2016,1011,21890,336196,0,336196,0,358086
2016,1012,49294,610963,0,610963,0,660257
2016,1013,0,1101418,0,1101418,0,1101418
2016,1041,0,51200,0,51200,0,51200
2016,1086,362324,195736,0,195736,0,558060
2016,937,1902,835795,0,835795,269157,1106854
2016,1004,0,72598,0,72598,0,72598
2016,737,0,1465058,0,1465058,0,1465058
2016,765,0,2435531,0,2435531,0,2435531
2016,329,0,539582,0,539582,0,539582
2016,87,0,30332,0,30332,0,30332
2016,527,0,204409,0,204409,0,204409
2016,562,135085,2560138,0,2560138,0,2695223
2016,251,0,701782,0,701782,23590,725372
2016,129,6536,226556,0,226556,810496,1043588
2016,154,207795,338214,0,338214,0,546009
2016,516,1082,771061,0,771061,0,772143
2016,184,0,176170,0,176170,0,176170
2016,652,0,39595,0,39595,0,39595
2016,637,0,107853,0,107853,0,107853
2016,88,0,0,0,0,13676,13676
2016,907,3484,230,0,230,0,3714
2016,970,323,11070,0,11070,0,11393
2016,1019,0,0,0,0,0,0
2016,1016,0,1587637,0,1587637,0,1587637
2016,1047,0,887567,0,887567,0,887567
2016,635,97534,749583,,749583,0,847117
2016,1073,516796,1602755,0,1602755,45218,2164769
2016,1087,343310,1761591,510529,1251062,362101,2467002
2016,1109,0,837628,,837628,0,837628
2016,1110,0,1144921,0,1144921,0,1144921
2016,1112,0,983523,0,983523,0,983523
2016,789,0,397202,0,397202,0,397202
2016,326,66250,1582141,0,1582141,2035,1650426
2016,442,1206,1258149,0,1258149,178930,1438285
2016,294,23338,198910,,198910,0,222248
2016,378,0,33447,0,33447,0,33447
2016,402,0,0,0,0,0,0
2016,29,0,57744,0,57744,0,57744
2016,450,0,0,0,0,0,0
2016,656,0,60500,0,60500,0,60500
2016,333,2578,679187,0,679187,,681765
2016,668,0,492932,0,492932,0,492932
2016,684,0,60621,0,60621,0,60621
2016,422,0,151311,0,151311,0,151311
2016,763,0,211750,0,211750,0,211750
2016,741,0,0,0,0,0,0
2016,553,0,1096622,0,1096622,,1096622
2016,357,0,21093,0,21093,0,21093
2016,899,0,5382,0,5382,0,5382
2016,900,0,50412,0,50412,0,50412
2016,932,0,64681,0,64681,0,64681
2016,950,0,295977,0,295977,0,295977
2016,966,1784,235860,0,235860,0,237644
2016,967,0,282139,0,282139,0,282139
2016,982,128186,1380765,0,1380765,0,1508951
2016,1014,0,38607,0,38607,0,38607
2016,1080,500444,10535447,0,10535447,18283,11054174
2016,1074,0,0,0,0,0,0
2016,1084,0,782714,365644,417070,0,782714
2016,1113,0,141705,0,141705,0,141705
2016,722,15428,4210324,0,4210324,0,4225752
2016,660,0,991322,0,991322,0,991322
2016,75,0,36502,0,36502,0,36502
2016,249,0,336181,0,336181,0,336181
2016,275,0,44263,0,44263,0,44263
2016,227,0,516027,0,516027,0,516027
2016,150,21104,385255,0,385255,0,406359
2016,47,76,1644,0,1644,0,1720
2016,172,11697,1210954,0,1210954,0,1222651
2016,581,0,524704,,524704,0,524704
2016,120,0,0,0,0,0,0
2016,445,0,0,0,0,0,0
2016,471,0,240341,0,240341,0,240341
2016,53,0,4327,0,4327,0,4327
2016,199,118877,102675,0,102675,185033,406585
2016,575,507,1247407,0,1247407,0,1247914
2016,528,0,157866,0,157866,3675,161541
2016,631,0,2292320,0,2292320,0,2292320
2016,699,0,1720883,0,1720883,0,1720883
2016,823,0,174409,0,174409,163098,337507
2016,849,,349411,0,349411,0,349411
2016,869,0,95930,0,95930,462745,558675
2016,955,0,0,0,0,0,0
2016,983,0,27768,0,27768,0,27768
2016,1002,0,30189,0,30189,1496,31685
2016,1015,0,1102552,,1102552,0,1102552
2016,51,0,31777,0,31777,0,31777
2016,441,9965,628159,0,628159,1842112,2480236
2016,327,5338,67428,0,67428,0,72766
2016,690,20231,2244922,94985,2149937,0,2265153
2016,262,20808,1557908,0,1557908,653604,2232320
2016,403,0,0,0,0,0,0
2016,312,3348,906684,0,906684,0,910032
2016,589,0,1017422,0,1017422,0,1017422
2016,665,0,1717774,0,1717774,0,1717774
2016,334,0,1584,0,1584,0,1584
2016,1075,0,5456242,0,5456242,0,5456242
2016,751,272085,1869111,0,1869111,0,2141196
2016,186,0,343377,0,343377,0,343377
2016,646,0,0,0,0,0,0
2016,536,0,0,0,0,0,0
2016,242,768,76018,0,76018,0,76786
2016,490,0,329,0,329,0,329
2016,500,93138,3566043,0,3566043,0,3659181
2016,206,1137,962323,0,962323,0,963460
2016,58,0,1174,0,1174,0,1174
2016,572,0,339983,0,339983,0,339983
2016,180,1144,198656,0,198656,300000,499800
2016,549,0,189397,0,189397,0,189397
2016,582,0,106777,0,106777,0,106777
2016,743,0,317936,,317936,0,317936
2016,795,332700,285246,0,285246,0,617946
2016,269,525,37545,0,37545,0,38070
2016,634,4263,1865827,0,1865827,0,1870090
2016,1,0,0,0,0,25645,25645
2016,717,0,3735504,0,3735504,0,3735504
2016,373,4816,72224,0,72224,0,77040
2016,535,0,199378,0,199378,0,199378
2016,824,0,0,0,0,175029,175029
2016,888,0,224652,0,224652,0,224652
2016,902,0,1425,0,1425,0,1425
2016,968,0,0,0,0,0,0
2016,346,4434,493723,0,493723,0,498157
2016,27,0,336116,32983,303133,0,336116
2016,165,2305,214355,0,214355,0,216660
2016,956,0,942406,0,942406,209816,1152222
2016,413,0,16962,0,16962,0,16962
2016,149,7323,211481,0,211481,0,218804
2016,612,0,835259,0,835259,0,835259
2016,559,0,43386,0,43386,806,44192
2016,7,0,135614,0,135614,0,135614
2016,283,2786,1210599,236082,974517,92215,1305600
2016,37,0,551152,0,551152,0,551152
2016,153,1274,5408672,1740800,3667872,0,5409946
2016,547,0,99818,0,99818,0,99818
2016,397,0,109121,,109121,0,109121
2016,556,0,99615,0,99615,0,99615
2016,42,0,36040,0,36040,0,36040
2016,31,0,2294600,0,2294600,0,2294600
2016,740,0,1834730,0,1834730,0,1834730
2016,217,1154,1487927,0,1487927,0,1489081
2016,863,4767,225114,,225114,0,229881
2016,889,18049,281951,,281951,0,300000
2016,984,0,624766,0,624766,0,624766
2016,1106,0,623966,0,623966,0,623966
2016,34,0,1565,0,1565,0,1565
2016,791,1561994,30973780,11852807,19120973,18499009,51034783
2016,181,0,15169,0,15169,0,15169
2016,430,0,106929,0,106929,0,106929
2016,715,196000,2253000,611000,1642000,1109000,3558000
2016,521,53246,77443,0,77443,750,131439
2016,524,12231,656151,0,656151,0,668382
2016,432,0,33474,0,33474,0,33474
2016,19,0,63415,0,63415,0,63415
2016,25,0,9723,0,9723,0,9723
2016,26,1851,69876,0,69876,0,71727
2016,890,46893,2180901,0,2180901,0,2227794
2016,904,0,0,0,0,0,0
2016,957,59686,43809395,0,43809395,0,43869081
2016,939,566992,2228311,0,2228311,0,2795303
2016,236,0,2485560,0,2485560,0,2485560
2016,735,0,300000,0,300000,0,300000
2016,146,0,598682,0,598682,0,598682
2016,363,13600,1290916,0,1290916,0,1304516
2016,187,0,441385,0,441385,0,441385
2016,265,0,97850,0,97850,0,97850
2016,295,34162,956740,0,956740,0,990902
2016,496,209070,561008,0,561008,0,770078
2016,77,0,2496,0,2496,0,2496
2016,391,0,629742,0,629742,0,629742
2016,240,15373,782114,0,782114,0,797487
2016,448,0,0,0,0,0,0
2016,151,0,61777,0,61777,0,61777
2016,425,0,49996,0,49996,0,49996
2016,300,0,209540,0,209540,0,209540
2016,339,15363,843439,0,843439,0,858802
2016,874,0,99999,0,99999,0,99999
2016,905,17543,129036859,0,129036859,0,129054402
2016,736,0,1566076,0,1566076,0,1566076
2016,459,37061,1027152,0,1027152,0,1064213
2016,320,5973,1455272,0,1455272,0,1461245
2016,45,6725,2637325,0,2637325,0,2644050
2016,618,0,299901,0,299901,0,299901
2016,463,0,628,0,628,0,628
2016,891,0,243353,0,243353,0,243353
2016,958,2783,876571,0,876571,0,879354
2016,244,1921,61511,,61511,0,63432
2016,28,0,8323,0,8323,0,8323
2016,444,8228,306440,106335,200105,0,314668
2016,479,0,3026553,0,3026553,0,3026553
2016,285,0,1727716,0,1727716,0,1727716
2016,253,0,876781,0,876781,0,876781
2016,481,0,550478,0,550478,0,550478
2016,540,3325120,618099,16079,602020,0,3943219
2016,332,0,11316,0,11316,0,11316
2016,41,0,0,0,0,0,0
2016,510,0,10574027,0,10574027,0,10574027
2016,305,0,24124,0,24124,0,24124
2016,708,0,81872,0,81872,0,81872
2016,755,0,527265,0,527265,0,527265
2016,750,0,96760,0,96760,0,96760
2016,696,0,0,0,0,0,0
2016,421,0,94493,0,94493,77548,172041
2016,827,0,0,0,0,0,0
2016,933,43239,381542,0,381542,0,424781
2016,1030,75995,1357786,0,1357786,0,1433781
2016,1003,0,128216,0,128216,0,128216
2016,1050,0,78643,0,78643,0,78643
2016,1043,0,1009036,0,1009036,0,1009036
2016,1128,0,913129,0,913129,0,913129
2016,934,0,698174,59895,638279,0,698174
2016,629,0,1472439,0,1472439,0,1472439
2016,21,590,26104,0,26104,0,26694
2016,615,162821,506222,0,506222,99837,768880
2016,626,12085,259470,0,259470,6730,278285
2016,417,0,127975,0,127975,0,127975
2016,597,6950,81528,0,81528,0,88478
2016,539,15043,527528,0,527528,0,542571
2016,343,0,183548,0,183548,0,183548
2016,135,15088,191565,0,191565,0,206653
2016,158,103082,2362311,424799,1937512,0,2465393
2016,775,2444,449164,0,449164,0,451608
2016,177,0,1,0,1,0,1
2016,578,4770,238782,0,238782,0,243552
2016,416,0,747606,62093,685513,0,747606
2016,561,27225,451322,0,451322,0,478547
2016,62,0,163099,0,163099,0,163099
2016,828,0,96800,0,96800,0,96800
2016,860,885,245586,0,245586,3451,249922
2016,935,0,11338,0,11338,0,11338
2016,936,0,17510,0,17510,0,17510
2016,986,0,65151,0,65151,0,65151
2016,987,0,138856,0,138856,10652,149508
2016,1021,0,6369,0,6369,0,6369
2016,1085,83725,14817,0,14817,6282,104824
2016,658,0,313247,0,313247,0,313247
2016,353,0,7750,0,7750,0,7750
2016,323,0,3993,0,3993,0,3993
2016,620,0,239287,0,239287,0,239287
2016,384,0,783289,0,783289,0,783289
2016,554,0,370153,0,370153,0,370153
2016,209,11782,13962,0,13962,0,25744
2016,707,0,627405,0,627405,0,627405
2016,395,63109,446610,0,446610,0,509719
2016,969,7119,324531,,324531,0,331650
2016,1052,0,0,0,0,0,0
2016,739,0,0,0,0,1595352,1595352
2016,613,0,1572218,0,1572218,0,1572218
2016,593,0,1422201,0,1422201,0,1422201
2016,704,0,1729741,0,1729741,0,1729741
2016,493,0,0,0,0,0,0
2016,686,128272,3085474,0,3085474,0,3213746
2016,257,54321,1964934,0,1964934,0,2019255
2016,494,7277,247619,3115,244504,0,254896
2016,681,1463,1426604,,1426604,0,1428067
2016,286,130993,1465505,0,1465505,0,1596498
2016,255,0,2793144,0,2793144,0,2793144
2016,79,,0,0,0,115413,115413
2016,81,0,0,0,0,0,0
2016,688,0,0,0,0,994752,994752
2016,531,0,424498,0,424498,6013,430511
2016,514,0,58858,0,58858,0,58858
2016,499,161431,577850,0,577850,0,739281
2016,532,0,1177117,0,1177117,0,1177117
2016,190,0,164318,0,164318,213682,378000
2016,598,0,446853,0,446853,0,446853
2016,260,258990,3910977,0,3910977,0,4169967
2016,838,,13994,0,13994,0,13994
2016,839,14928,107031,0,107031,0,121959
2016,851,0,89808,0,89808,0,89808
2016,852,218821,3046746,0,3046746,0,3265567
2016,988,0,0,0,0,0,0
2016,1056,444258,1186930,0,1186930,0,1631188
2016,1044,0,18047,0,18047,0,18047
2016,1114,0,62000,0,62000,0,62000
2016,644,96030,1764976,0,1764976,0,1861006
2016,752,330170,1761873,0,1761873,216315,2308358
2016,238,0,47636,0,47636,0,47636
2016,325,10161,356953,0,356953,0,367114
2016,622,0,294543,21018,273525,0,294543
2016,879,2689,489352,0,489352,0,492041
2016,906,35556,3339697,0,3339697,0,3375253
2016,370,33850,239226,0,239226,0,273076
2016,418,17908,109599,0,109599,0,127507
2016,574,28981,284973,0,284973,64938,378892
2016,399,22146,186294,0,186294,0,208440
2016,195,0,0,0,0,0,0
2016,783,356493,9300631,0,9300631,0,9657124
2016,263,123530,1334708,0,1334708,0,1458238
2016,194,0,7364,0,7364,0,7364
2016,214,0,20350,0,20350,0,20350
2016,785,393086,4863576,0,4863576,0,5256662
2016,780,67580,284185,0,284185,0,351765
2016,782,216652,243016,0,243016,0,459668
2016,369,29509,99401,0,99401,0,128910
2016,713,0,167559,0,167559,0,167559
2016,941,2783,19586,0,19586,0,22369
2016,1091,94556,34610,0,34610,0,129166
2016,1045,0,77153,0,77153,0,77153
