año,NCODI,anatomia_centro,diagnostico_centro,dialisis_centro,esterilizacion_centro,laboratorio_centro,rehabilitacion_centro,otras_Asistenciales_centro,anatomia_fuera,diagnostico_fuera,dialisis_fuera,esterilizacion_fuera,laboratorio_fuera,rehabilitacion_fuera,otras_Asistenciales_fuera,otros_Asis_texto,cocina_centro,lavanderia_centro,limpieza_centro,mantenimiento_centro,seguridad_centro,otros_NoAsistenciales_centro,cocina_fuera,lavanderia_fuera,otros_NoAsistenciales_fuera,otros_NoAsis_texto,oxigenoterapia_centro,oxigenoterapia_fuera,transporte_centro
2020,753,0,0,0,0,0,0,0,0,1,1,0,0,1,1,"0",0,0,0,1,1,1,0,1,1,"1",0,1,0
2020,887,0,0,0,0,0,0,0,0,0,0,0,0,0,0,"0",0,0,0,0,0,0,0,0,0,"0",0,0,0
2020,245,1,1,0,0,1,1,0,0,0,0,0,0,0,0,"0",1,0,1,1,1,0,0,1,0,"0",0,0,0
2020,603,0,0,0,0,1,0,1,1,0,0,0,0,0,1,"1",1,0,0,1,1,0,0,1,0,"0",0,0,0
2020,426,0,1,0,0,1,1,1,1,0,0,0,0,0,0,"1",1,0,1,0,0,0,0,0,0,"0",1,0,0
2020,232,0,1,0,1,1,0,1,1,0,0,0,0,0,0,"0",1,0,1,1,0,1,0,1,0,"0",0,0,0
2020,288,0,1,0,1,1,1,0,1,0,0,0,0,0,1,"1",1,0,0,0,0,0,0,1,1,"1",0,0,0
2020,246,0,0,0,0,1,1,1,1,0,0,0,0,0,0,"1",1,0,0,0,0,0,0,1,1,"1",1,0,0
2020,284,0,0,0,0,0,0,0,1,0,0,0,0,0,0,"0",1,0,1,0,0,0,0,1,0,"0",0,0,0
2020,18,0,0,0,0,0,0,0,0,0,0,0,0,0,0,"0",1,1,0,0,0,0,1,1,0,"0",0,0,0
2020,356,0,0,0,0,0,0,0,0,0,0,0,1,0,0,"0",1,0,1,1,1,0,0,1,0,"0",0,0,0
2020,401,0,0,0,0,0,0,1,0,0,0,0,1,0,0,"0",1,0,1,1,1,1,0,1,1,"1",0,0,0
2020,733,0,0,0,0,0,0,0,0,0,1,0,0,0,0,"0",1,0,0,0,1,0,0,1,0,"0",0,0,0
2020,243,0,0,0,0,1,0,0,1,0,0,0,1,0,0,"0",1,0,1,1,1,0,0,1,0,"0",0,0,0
2020,380,0,0,0,0,0,0,0,0,0,0,0,1,0,0,"0",1,0,0,0,0,0,0,1,0,"0",0,0,0
2020,716,0,1,1,1,1,1,0,1,0,0,0,0,0,0,"0",1,0,1,1,1,0,0,1,0,"0",0,1,0
2020,534,0,1,0,1,1,1,0,1,0,0,0,0,0,0,"0",1,0,1,1,1,0,0,1,0,"0",0,0,0
2020,185,0,1,0,0,0,0,0,1,0,0,0,1,0,0,"0",1,0,0,0,0,0,0,1,0,"0",0,0,0
2020,258,0,1,0,1,1,1,0,1,0,0,0,0,0,0,"0",1,0,1,1,1,0,0,1,0,"0",0,0,0
2020,505,0,0,1,1,0,1,0,1,1,0,0,1,0,0,"0",0,0,1,1,1,0,1,1,0,"0",1,0,0
2020,268,0,1,1,1,1,1,0,1,0,0,0,0,0,0,"0",1,1,1,1,1,0,0,0,0,"0",1,0,0
2020,113,0,0,0,0,0,0,0,0,0,0,0,0,0,0,"0",0,0,1,1,0,0,1,1,0,"0",0,0,0
2020,619,0,0,0,0,1,0,0,1,0,0,0,1,0,0,"0",1,0,0,0,0,0,0,1,1,"1",,,
2020,163,0,1,0,1,0,1,0,1,0,0,0,1,0,0,"0",0,0,1,1,1,0,1,1,0,"0",0,0,0
2020,131,0,0,0,1,0,1,0,0,0,0,0,1,0,0,"0",1,1,1,1,0,0,0,0,0,"0",0,0,0
2020,375,0,1,0,1,1,1,0,1,0,1,0,0,0,0,"0",1,0,1,1,0,0,0,1,1,"1",0,0,0
2020,1090,0,1,1,0,1,0,0,0,1,0,0,1,0,1,"1",1,0,1,1,0,0,0,1,1,"1",0,0,0
2020,764,0,0,0,0,0,0,0,0,1,1,0,1,1,1,"1",1,0,1,1,1,1,0,0,1,"1",0,1,1
2020,14,0,1,0,1,1,0,0,1,0,0,0,0,0,0,"0",1,1,1,1,1,0,0,0,0,"0",1,0,0
2020,657,0,0,0,0,0,0,0,1,0,0,0,1,0,0,"0",1,0,1,0,1,0,0,1,0,"0",0,1,0
2020,362,0,1,0,1,1,1,0,1,0,0,0,1,0,1,"0",1,1,1,0,0,0,0,0,0,"0",0,0,0
2020,989,0,0,0,0,0,0,1,0,1,0,0,0,0,0,"0",1,0,1,1,1,0,0,1,0,"0",0,0,0
2020,990,0,0,0,0,0,0,0,0,1,0,0,0,0,0,"0",1,1,1,1,1,0,0,0,0,"0",0,1,0
2020,680,0,1,0,0,0,0,0,0,0,1,0,1,1,0,"1",1,0,1,1,1,0,0,1,1,"1",0,1,0
2020,411,0,1,0,0,0,0,1,0,0,0,0,0,0,0,"1",0,1,0,1,1,1,0,0,0,"1",1,0,0
2020,241,1,0,0,0,1,0,0,0,0,0,0,0,0,0,"0",1,0,0,1,0,0,0,1,0,"0",0,0,0
2020,558,0,0,0,0,0,0,0,0,1,0,0,0,0,1,"0",1,0,1,1,1,0,0,1,0,"0",1,1,1
2020,248,0,0,0,0,0,0,0,0,0,0,0,0,0,0,"0",1,0,0,1,1,0,0,1,0,"0",1,0,0
2020,224,0,1,0,1,1,1,0,1,0,0,0,0,0,0,"0",1,0,1,1,0,0,0,1,0,"0",1,0,0
2020,591,0,1,0,0,0,0,1,0,0,1,0,1,1,1,"1",1,0,1,1,1,1,0,1,1,"1",0,1,1
2020,586,0,1,0,0,0,0,0,0,0,0,0,0,0,0,"0",1,1,1,1,1,1,0,0,0,"1",1,1,1
2020,453,0,1,0,0,0,1,0,0,0,0,0,0,0,0,"0",1,0,1,1,1,1,0,1,1,"0",0,0,0
2020,145,0,0,0,0,0,0,0,0,0,0,0,0,0,0,"0",0,0,0,0,0,0,0,0,0,"0",0,0,0
2020,511,0,0,0,0,0,0,0,0,1,0,0,0,0,1,"1",1,0,1,1,1,1,0,1,0,"1",0,1,0
2020,530,0,0,0,0,0,0,0,0,0,1,0,0,0,0,"0",1,0,1,1,1,0,0,1,0,"0",0,1,1
2020,6,1,0,0,0,1,0,0,0,0,0,0,0,0,0,"0",1,0,0,1,0,0,0,1,0,"0",0,0,0
2020,161,0,0,0,0,0,0,0,0,0,0,0,0,0,0,"0",0,0,0,0,0,0,0,0,0,"0",0,0,0
2020,623,0,0,0,0,0,0,0,0,1,1,0,0,1,1,"0",1,0,1,1,1,1,0,1,1,"1",0,1,0
2020,875,0,0,0,0,1,0,0,0,0,0,0,0,0,0,"0",1,1,1,1,1,0,0,0,0,"0",0,0,0
2020,946,1,1,1,1,1,1,0,0,0,0,0,0,0,0,"0",1,0,1,1,0,0,0,1,0,"0",0,0,1
2020,1023,0,0,0,0,1,0,0,0,0,0,0,0,0,0,"0",1,0,1,1,1,1,0,1,0,"1",0,0,0
2020,1054,1,0,0,0,1,0,0,0,0,0,0,0,0,0,"0",1,1,1,1,1,0,0,0,0,"0",1,0,1
2020,1057,0,0,0,0,0,0,0,0,0,0,0,0,0,0,"0",1,0,1,1,1,0,0,1,0,"0",0,0,0
2020,1031,0,0,0,0,0,0,0,0,0,0,0,0,0,0,"0",0,0,0,0,0,0,0,0,0,"0",0,0,0
2020,1032,0,0,0,0,1,0,0,0,0,0,0,0,0,0,"0",1,0,1,1,1,1,0,1,0,"1",0,0,0
2020,1064,1,0,0,0,0,0,0,0,0,0,0,0,0,0,"0",1,0,0,0,0,0,0,1,0,"0",0,0,0
2020,226,1,1,1,1,1,1,0,0,0,0,0,1,0,0,"0",1,0,1,1,1,1,0,1,0,"1",0,0,0
2020,687,0,0,0,0,0,0,0,0,1,0,0,1,0,0,"0",1,0,1,1,1,0,0,1,0,"0",0,0,0
2020,745,0,0,0,0,0,0,0,0,1,1,0,1,1,1,"0",0,0,0,0,0,0,0,1,1,"0",0,1,0
2020,109,1,0,0,0,1,0,0,0,0,0,0,0,0,0,"0",0,0,0,1,1,0,0,1,0,"0",0,0,0
2020,808,0,0,0,0,0,0,0,1,1,0,0,1,0,0,"0",1,0,1,1,1,0,0,1,0,"0",0,1,1
2020,971,0,0,0,0,0,0,0,1,1,0,0,1,0,1,"0",1,0,1,1,1,0,0,1,0,"0",0,1,1
2020,128,1,1,0,0,0,0,0,0,0,0,0,1,0,0,"0",0,0,0,0,0,0,0,0,0,"0",0,0,0
2020,919,0,0,0,0,0,0,0,0,0,1,0,1,1,1,"1",1,0,1,1,1,1,0,0,0,"1",0,1,0
2020,1150,0,0,0,1,0,0,0,0,0,0,0,1,0,0,"0",1,1,1,1,1,0,0,0,0,"0",1,0,0
2020,725,0,0,0,0,0,0,0,0,1,1,0,1,0,1,"0",0,0,1,1,1,0,0,0,0,"1",0,0,0
2020,3,0,0,0,0,0,1,0,0,0,0,0,1,1,0,"0",0,0,1,1,0,0,1,1,0,"0",1,0,0
2020,306,0,0,0,0,1,1,0,0,0,0,0,0,0,0,"0",1,1,1,1,0,0,0,0,0,"1",0,0,0
2020,15,0,0,0,0,1,0,0,1,0,0,0,1,0,0,"0",0,0,0,0,0,0,0,1,0,"0",0,0,0
2020,264,1,1,0,0,1,1,0,1,0,0,0,0,0,0,"0",1,0,1,1,0,0,0,1,0,"0",0,0,0
2020,867,0,1,0,1,1,1,0,1,0,0,0,1,0,0,"0",1,1,1,1,0,0,0,0,0,"0",0,0,0
2020,910,0,0,0,0,0,0,0,0,0,0,0,0,0,0,"0",1,0,1,1,1,0,0,0,0,"0",1,0,0
2020,1053,0,0,0,0,0,0,0,0,0,1,0,0,0,0,"0",0,0,1,0,1,0,1,1,0,"0",0,0,0
2020,1055,0,0,0,0,0,0,0,0,1,1,0,1,0,1,"0",1,0,1,1,1,1,0,1,0,"0",0,1,0
2020,1081,0,0,0,0,0,0,0,0,0,0,0,1,0,0,"0",1,1,1,1,0,1,0,0,0,"1",1,0,0
2020,1115,0,1,0,1,0,1,0,1,0,0,0,1,0,0,"0",0,1,1,1,0,0,1,0,0,"0",0,0,0
2020,529,0,0,0,0,0,0,0,0,0,0,0,1,0,0,"0",0,0,1,0,1,0,1,1,0,"0",0,0,0
2020,345,0,0,0,0,0,0,0,0,0,0,0,0,0,0,"0",0,0,1,1,1,0,1,1,0,"0",0,0,0
2020,515,0,0,0,0,0,0,0,1,0,0,0,1,0,0,"0",0,0,1,0,1,0,0,1,0,"0",0,0,1
2020,174,0,1,0,1,1,1,0,1,1,0,0,0,0,0,"0",1,0,1,1,0,0,0,1,0,"0",1,0,0
2020,523,0,1,0,0,1,0,0,0,0,0,0,0,0,0,"0",1,0,1,1,0,0,0,1,0,"0",0,0,0
2020,697,1,0,0,0,0,0,0,0,0,0,0,0,0,0,"0",0,0,0,0,1,0,0,0,0,"0",0,0,0
2020,239,1,1,0,1,1,0,1,0,0,1,0,0,1,0,"0",1,0,1,1,1,1,0,1,0,"0",0,1,1
2020,287,1,0,0,0,0,0,0,0,0,0,0,0,0,0,"0",1,1,0,1,1,0,0,0,0,"0",0,0,1
2020,377,0,1,0,0,0,1,0,0,0,0,0,0,0,0,"0",1,1,1,1,1,1,0,0,0,"0",0,0,0
2020,692,0,0,0,0,0,0,1,0,0,0,0,0,0,0,"1",1,1,1,1,1,1,0,0,0,"1",0,1,0
2020,435,1,1,0,1,1,1,0,1,1,0,0,0,0,0,"0",0,0,1,1,1,0,1,1,0,"0",0,0,1
2020,423,0,1,0,1,1,1,0,1,0,0,0,0,0,0,"0",0,0,1,1,0,0,1,1,0,"0",1,0,0
2020,351,0,0,0,0,0,0,0,1,0,0,0,0,0,0,"0",1,0,0,0,0,0,0,1,0,"0",0,0,0
2020,810,0,1,0,1,1,1,0,1,0,0,0,0,0,0,"0",0,0,1,1,0,0,1,1,0,"0",1,0,0
2020,830,1,1,1,1,1,1,0,0,0,0,0,0,0,0,"0",1,1,1,1,1,0,0,0,0,"0",0,1,0
2020,892,0,0,1,0,0,0,0,0,1,1,0,1,1,0,"0",1,1,1,1,1,0,0,0,0,"0",1,1,0
2020,921,1,1,0,1,1,1,0,0,0,0,0,0,0,0,"0",1,0,1,1,1,0,0,1,0,"0",1,0,0
2020,991,0,0,0,0,0,0,0,0,0,0,0,0,0,0,"0",1,1,1,1,1,0,0,0,0,"0",0,1,1
2020,992,0,0,0,1,0,0,0,0,1,1,0,0,0,0,"0",1,1,1,1,1,1,0,0,0,"1",0,1,1
2020,993,0,0,0,0,0,0,1,1,1,0,0,0,0,0,"1",1,0,1,1,1,0,0,1,0,"1",0,1,0
2020,1070,0,0,0,0,0,0,0,0,0,0,0,0,0,0,"0",0,0,0,0,0,0,0,0,0,"0",0,0,0
2020,1095,0,0,1,0,1,0,0,1,1,0,0,0,0,0,"0",1,0,0,0,0,0,0,1,0,"0",0,0,1
2020,1094,0,1,0,1,0,1,0,1,0,1,0,1,0,0,"0",0,0,1,1,0,0,1,1,0,"0",1,0,1
2020,1124,1,1,0,1,1,0,0,0,0,0,0,1,0,0,"0",1,1,1,1,0,0,0,0,0,"0",0,0,0
2020,473,0,0,0,0,0,0,0,0,0,0,0,0,0,0,"0",1,0,1,0,1,0,0,1,0,"0",0,0,0
2020,663,1,1,1,1,1,0,0,0,0,0,0,0,0,0,"0",1,0,1,1,1,0,0,1,0,"0",0,0,0
2020,552,1,1,0,1,1,1,0,0,0,0,0,0,0,0,"0",1,0,1,1,0,0,0,1,0,"0",0,0,0
2020,772,0,0,0,0,0,0,0,0,0,0,0,0,0,0,"0",1,0,1,0,1,0,0,1,0,"0",0,0,0
2020,568,0,1,0,1,0,1,0,1,0,0,0,1,0,0,"0",1,1,1,1,1,0,0,0,0,"0",1,0,0
2020,398,0,0,0,0,1,0,0,0,0,0,0,0,0,0,"0",1,1,1,1,1,0,0,1,0,"0",0,0,0
2020,394,0,0,0,0,0,0,0,1,1,0,0,1,0,0,"0",1,0,1,1,1,0,0,1,0,"0",0,0,0
2020,614,0,0,0,0,0,0,0,1,1,0,0,1,0,0,"0",0,0,1,0,0,0,1,1,0,"0",0,0,0
2020,235,0,0,0,0,0,0,0,0,1,0,0,0,0,0,"0",1,0,1,0,1,0,0,1,0,"0",0,0,0
2020,616,0,0,0,0,1,0,0,0,0,0,0,0,0,0,"0",1,0,0,1,1,0,0,1,0,"0",0,0,0
2020,267,0,1,0,1,1,0,0,1,0,0,0,0,1,0,"0",1,0,1,1,1,1,0,1,0,"1",0,1,0
2020,565,0,0,0,0,1,0,0,1,0,0,0,0,0,0,"0",1,0,0,0,0,0,0,1,0,"0",0,0,0
2020,220,0,1,0,1,1,0,0,1,0,0,0,0,1,0,"0",1,0,1,1,1,0,0,1,0,"0",1,0,0
2020,278,1,1,0,0,1,0,0,1,1,0,0,1,0,0,"0",1,1,1,1,0,0,1,1,0,"0",0,0,0
2020,107,0,0,0,0,0,0,0,0,1,0,0,1,0,0,"0",1,0,0,0,0,0,0,1,0,"0",0,0,0
2020,711,0,0,0,0,0,0,1,0,0,0,0,0,0,0,"1",1,0,1,0,1,0,0,1,0,"0",0,0,0
2020,204,0,0,0,0,0,0,0,0,0,0,0,1,0,0,"0",0,0,1,0,0,0,0,1,0,"0",0,0,0
2020,348,0,1,0,1,1,1,0,1,1,0,0,1,0,0,"0",1,0,1,1,1,1,0,1,0,"1",1,0,0
2020,766,1,1,0,1,1,0,0,0,1,0,0,0,0,0,"0",1,0,1,1,1,0,0,1,0,"0",0,0,0
2020,761,0,0,0,1,0,1,0,0,1,0,0,1,0,0,"0",1,0,1,1,1,0,0,1,0,"0",0,1,0
2020,728,1,1,0,1,1,1,0,1,0,0,0,0,0,0,"0",1,0,1,1,1,1,0,1,1,"1",1,0,0
2020,280,0,1,0,1,1,0,0,1,0,0,0,0,1,0,"0",1,0,1,1,1,0,0,1,0,"0",0,0,0
2020,222,0,1,0,1,0,0,0,0,0,0,0,0,0,0,"0",1,0,1,0,0,0,1,1,0,"0",0,0,0
2020,276,1,1,0,1,1,1,0,0,0,0,0,0,0,0,"0",1,1,1,1,1,0,0,0,0,"0",1,0,0
2020,11,1,1,0,1,1,1,0,0,0,0,0,0,0,0,"0",1,1,1,1,1,0,0,0,0,"0",1,0,0
2020,302,0,1,1,1,1,1,0,1,0,0,0,0,0,0,"0",1,0,1,1,0,0,0,1,0,"0",0,0,0
2020,682,1,1,0,1,1,1,0,0,0,0,0,0,0,0,"0",1,0,1,1,1,0,0,1,0,"0",0,0,0
2020,279,1,1,0,1,1,1,0,0,0,0,0,0,0,0,"0",1,0,1,1,1,0,0,1,0,"0",0,0,0
2020,282,1,0,0,0,1,0,0,0,0,0,0,0,0,0,"0",1,0,1,1,1,0,0,1,0,"0",0,0,0
2020,281,0,0,0,0,0,0,1,0,0,0,0,0,0,0,"1",0,0,0,0,0,1,0,0,0,"1",0,0,0
2020,183,0,1,0,1,0,1,0,1,0,0,0,1,0,0,"0",0,0,1,1,1,0,1,1,0,"0",0,0,0
2020,610,0,0,0,0,0,0,0,0,0,0,0,0,0,0,"0",1,1,1,0,0,0,0,0,0,"0",0,0,0
2020,116,0,0,0,1,0,1,1,0,1,0,0,1,0,0,"1",1,0,1,1,1,0,0,1,1,"1",1,0,0
2020,115,0,1,0,0,0,1,0,0,0,0,0,1,0,0,"0",0,1,1,1,0,0,1,0,0,"0",0,0,0
2020,114,0,0,0,1,0,0,0,0,0,0,0,1,0,0,"0",1,0,1,1,0,0,0,1,0,"0",0,0,0
2020,119,0,0,0,0,0,0,0,0,0,0,0,0,0,0,"0",0,0,0,0,0,0,0,0,0,"0",0,0,0
2020,770,0,1,0,0,1,0,1,0,1,0,0,1,0,0,"1",1,0,1,1,1,1,0,1,1,"1",0,1,0
2020,583,0,1,0,1,1,1,0,1,0,0,0,0,0,0,"0",1,0,1,1,0,0,0,1,0,"0",0,0,0
2020,136,0,0,0,0,0,1,0,1,0,0,0,1,0,0,"0",1,0,1,1,1,0,0,1,0,"0",0,0,0
2020,469,0,1,0,1,1,1,0,1,0,0,0,0,0,0,"0",0,0,1,1,1,0,1,1,0,"0",1,0,0
2020,642,0,0,0,0,1,0,0,0,0,0,0,0,0,0,"0",1,1,1,1,1,0,1,1,0,"0",0,0,0
2020,674,0,0,0,0,0,0,1,0,0,0,0,0,0,1,"1",1,0,1,1,1,1,0,1,0,"1",0,0,0
2020,193,0,0,0,0,0,0,0,0,0,0,0,1,0,0,"0",1,0,1,0,0,0,0,1,0,"0",0,0,0
2020,526,1,1,0,1,1,1,0,0,0,0,0,0,0,0,"0",1,0,1,1,1,0,0,1,0,"0",0,0,0
2020,698,0,1,0,0,0,0,0,0,0,0,0,0,0,0,"0",1,1,1,0,1,0,0,0,0,"0",0,0,0
2020,630,0,0,0,0,1,0,0,0,0,0,0,0,0,0,"0",1,0,0,1,1,0,0,1,0,"0",0,0,1
2020,124,0,0,0,0,0,0,0,0,0,1,0,1,0,1,"1",1,1,1,1,0,0,0,0,1,"1",0,0,0
2020,364,0,0,0,0,0,0,0,0,1,0,0,1,0,0,"0",1,0,1,1,1,0,0,1,0,"0",0,1,0
2020,439,0,0,0,0,0,0,0,0,0,0,0,0,0,0,"0",0,0,1,0,1,0,0,0,0,"0",0,0,1
2020,570,0,0,0,0,0,0,0,0,0,0,0,0,0,0,"0",0,0,1,0,1,0,0,1,0,"0",0,0,1
2020,123,0,0,0,0,0,0,0,0,0,0,0,0,0,0,"0",0,0,0,0,0,0,0,0,0,"0",0,0,0
2020,310,0,0,0,0,0,0,1,0,1,0,0,1,0,0,"1",1,0,1,0,1,0,0,0,0,"0",0,0,0
2020,571,0,0,0,0,0,0,0,1,0,0,0,1,0,0,"0",1,0,1,1,1,0,0,1,0,"0",0,0,0
2020,296,0,1,0,1,0,1,0,1,0,0,0,1,0,0,"0",1,1,1,1,0,0,0,0,0,"0",1,0,0
2020,566,0,1,1,1,1,1,0,1,0,0,0,0,0,0,"0",1,0,1,1,1,0,0,1,0,"0",1,0,0
2020,784,1,1,1,1,1,1,0,0,0,0,1,0,0,0,"0",1,1,1,1,0,0,0,1,0,"0",1,0,0
2020,102,0,0,0,0,0,1,0,0,1,0,0,1,0,0,"0",1,0,1,1,1,0,0,1,0,"0",0,0,0
2020,639,1,1,0,1,0,1,0,0,1,0,0,1,0,0,"0",1,1,1,1,1,0,0,1,0,"0",0,0,0
2020,457,0,0,0,0,1,0,0,1,0,0,0,0,0,0,"0",1,0,1,0,0,0,0,1,0,"0",0,0,0
2020,609,1,1,0,1,1,1,0,0,0,0,0,0,0,0,"0",1,0,1,1,1,0,0,1,0,"0",1,0,0
2020,101,0,0,0,0,0,1,0,0,0,0,0,0,0,0,"0",1,1,1,1,0,0,0,1,0,"0",0,0,0
2020,454,1,0,0,0,1,0,1,0,0,0,0,0,0,0,"1",1,1,1,1,1,1,0,0,1,"1",0,0,0
2020,318,0,0,0,0,0,0,0,1,0,0,0,1,0,0,"0",1,0,1,1,1,0,0,1,0,"0",0,0,0
2020,600,0,1,0,1,1,1,0,1,0,0,0,0,0,0,"0",1,0,1,1,1,0,0,1,0,"0",0,0,0
2020,545,0,0,0,0,1,0,0,0,0,0,0,1,0,0,"0",1,0,0,0,1,0,0,1,0,"0",0,0,0
2020,100,0,0,0,0,0,0,0,0,0,0,0,1,0,0,"0",0,0,0,0,0,0,1,1,0,"0",0,0,0
2020,702,1,1,0,0,1,1,0,0,1,0,1,0,1,0,"0",1,0,1,1,1,0,0,1,0,"0",1,1,1
2020,778,0,0,0,0,0,0,0,0,1,0,0,1,0,0,"0",1,0,1,1,0,0,0,1,0,"0",0,1,0
2020,341,0,1,0,1,1,1,0,1,0,0,1,1,0,0,"0",1,1,1,1,0,0,0,0,0,"0",0,0,0
2020,99,0,0,0,0,0,0,1,1,1,0,0,1,0,0,"1",0,0,1,1,0,0,1,1,1,"1",0,1,0
2020,767,0,1,0,1,1,1,0,1,0,0,0,0,1,0,"0",1,0,1,1,1,0,0,1,0,"0",0,0,0
2020,359,0,0,0,0,0,0,0,1,0,0,1,0,0,0,"0",1,1,1,1,1,1,0,1,1,"1",0,0,0
2020,98,0,0,0,0,0,0,0,0,0,0,0,1,0,0,"0",1,0,0,0,0,0,0,0,0,"0",0,0,0
2020,132,0,0,0,1,0,1,0,0,0,0,0,1,0,0,"0",1,0,1,1,0,0,0,1,0,"0",1,0,0
2020,97,0,0,0,0,0,0,0,0,0,0,0,1,0,0,"0",1,1,1,1,0,0,0,0,0,"0",0,0,0
2020,103,0,0,0,0,0,0,0,0,0,0,0,0,0,0,"0",1,0,1,0,0,0,0,1,0,"0",0,0,0
2020,110,0,0,0,0,0,0,0,0,0,0,0,1,0,0,"0",1,0,0,0,0,0,0,0,0,"0",0,0,0
2020,94,0,0,0,0,0,0,0,0,0,0,0,0,0,0,"0",0,0,0,0,0,1,0,0,0,"1",0,0,0
2020,91,0,0,0,0,0,0,0,0,0,0,0,0,0,0,"0",0,0,0,0,0,0,0,0,0,"1",0,0,0
2020,664,0,0,0,0,1,0,0,0,0,0,0,0,0,0,"0",1,0,1,1,1,0,0,1,0,"0",0,0,0
2020,918,0,1,0,0,0,0,0,0,0,0,0,0,0,0,"0",1,0,1,1,1,0,1,1,1,"1",0,0,0
2020,92,0,0,0,0,0,0,0,0,0,0,1,1,0,0,"0",1,0,0,1,0,0,0,0,0,"0",1,0,0
2020,95,0,1,0,1,1,1,0,0,0,0,0,1,0,0,"1",1,1,1,1,0,0,0,1,0,"1",1,0,0
2020,301,0,1,0,1,1,1,0,1,1,0,0,1,0,0,"0",1,1,1,1,0,0,0,1,0,"0",0,1,0
2020,492,1,1,0,0,1,0,0,0,1,0,0,0,0,0,"0",1,0,1,1,1,1,0,1,0,"1",0,0,0
2020,811,0,1,0,0,0,0,0,1,1,0,1,1,1,0,"0",0,0,1,1,1,0,1,1,0,"0",0,0,0
2020,812,0,1,0,0,0,1,0,1,1,0,1,1,1,0,"0",1,0,1,1,1,0,0,1,1,"1",0,1,0
2020,832,0,0,0,0,0,0,0,0,0,0,0,0,0,0,"0",1,1,1,1,0,0,0,0,0,"0",0,0,0
2020,841,0,0,0,0,0,1,0,0,0,0,1,1,0,0,"0",1,1,1,1,0,0,0,0,0,"0",0,0,0
2020,856,0,0,0,0,0,1,0,0,1,0,1,1,0,0,"0",1,0,0,1,1,0,0,0,0,"0",1,0,0
2020,859,0,0,0,0,0,0,0,0,0,0,0,0,0,0,"0",0,0,0,0,0,0,0,0,0,"0",0,0,0
2020,861,0,0,0,0,0,0,0,0,0,0,0,1,0,0,"0",1,0,1,1,0,0,0,1,1,"1",0,0,0
2020,880,0,0,0,0,0,0,0,0,0,0,0,0,0,0,"0",1,0,1,1,0,0,0,1,0,"0",0,0,0
2020,883,0,0,0,0,0,0,0,0,1,0,0,1,0,0,"0",0,0,1,1,1,0,1,1,0,"0",0,0,0
2020,884,0,0,0,0,0,0,0,0,0,0,0,1,0,0,"0",1,1,1,1,0,0,0,0,0,"0",0,0,0
2020,877,0,0,0,0,0,0,0,0,0,0,0,0,0,0,"0",0,1,1,1,0,0,1,0,0,"0",0,0,0
2020,911,0,0,0,0,0,0,0,0,0,0,0,1,0,0,"0",1,1,1,1,1,0,0,0,0,"0",0,0,0
2020,913,0,0,0,0,0,1,0,0,1,0,0,1,0,0,"0",1,0,1,0,1,0,0,0,0,"0",0,0,0
2020,922,1,1,0,1,1,1,0,0,0,0,0,0,0,0,"0",1,0,1,1,1,0,0,1,0,"0",0,0,0
2020,923,0,0,0,0,0,0,1,0,0,0,0,0,0,0,"1",0,0,1,1,0,0,0,1,0,"0",0,0,0
2020,924,1,1,0,1,1,1,0,0,1,0,0,0,0,0,"0",1,1,1,1,1,0,0,0,1,"1",1,0,0
2020,947,0,0,0,1,0,1,0,1,1,1,0,1,0,0,"0",1,1,1,1,1,0,0,0,0,"0",1,0,1
2020,951,0,0,0,1,0,0,0,0,0,0,0,0,0,0,"0",0,1,1,1,0,0,1,0,0,"0",0,0,0
2020,1103,0,0,0,0,0,0,0,0,0,0,0,0,0,0,"0",1,0,0,1,1,0,0,1,0,"0",0,0,0
2020,972,0,0,0,1,0,1,0,0,1,0,0,1,0,0,"0",1,1,1,1,0,0,0,0,0,"0",1,0,0
2020,973,0,1,0,1,0,0,0,1,0,0,0,1,0,0,"0",1,0,1,1,0,0,0,1,0,"0",0,0,0
2020,974,0,0,0,1,0,1,0,0,1,0,0,1,0,0,"0",1,0,1,1,0,0,0,1,0,"0",1,0,0
2020,975,0,0,0,1,1,0,0,0,0,0,0,0,0,0,"0",1,1,1,1,1,0,0,0,0,"0",0,0,0
2020,960,0,0,0,0,0,0,0,1,0,0,0,1,0,0,"0",1,0,0,1,0,0,0,0,0,"0",0,0,0
2020,1028,0,0,0,1,0,0,0,0,0,0,0,1,0,0,"0",1,1,1,1,0,0,0,0,0,"0",0,0,0
2020,976,0,0,0,0,0,0,0,0,0,0,0,1,0,0,"0",1,0,0,1,1,0,0,0,0,"0",0,0,0
2020,977,0,0,0,0,0,1,0,0,0,0,0,1,0,0,"0",1,1,1,1,1,0,0,1,0,"0",0,0,0
2020,1020,0,0,0,0,0,0,0,0,1,0,0,1,0,0,"0",0,0,1,1,0,0,1,1,0,"0",0,0,0
2020,994,1,0,0,0,1,0,0,0,0,0,0,0,0,0,"0",1,0,1,1,1,0,0,1,0,"0",0,0,0
2020,995,0,0,0,1,0,1,0,1,1,0,0,1,0,0,"0",1,1,1,1,0,0,0,0,1,"1",1,0,0
2020,1060,0,0,0,0,1,0,0,0,0,0,0,0,0,0,"0",1,1,0,0,0,0,0,0,0,"0",0,0,0
2020,1005,0,0,0,0,0,1,0,0,0,0,0,1,0,0,"0",1,1,1,0,0,0,0,1,0,"0",0,0,0
2020,1061,0,0,0,0,0,0,0,0,0,0,0,0,0,0,"0",0,0,0,0,0,0,0,0,0,"0",0,0,0
2020,1062,0,0,0,0,0,1,1,0,0,0,0,0,0,0,"1",1,1,1,1,0,0,0,0,0,"0",0,0,0
2020,1006,0,0,0,0,0,0,0,0,1,0,0,1,0,0,"0",0,0,0,0,0,0,1,1,0,"0",0,0,0
2020,1088,0,1,0,1,1,1,0,1,0,0,0,1,1,0,"0",0,0,1,1,0,1,1,1,1,"1",0,0,0
2020,1089,0,1,0,1,1,1,0,1,0,0,0,0,0,0,"0",1,0,1,1,1,0,0,1,0,"0",1,0,0
2020,1076,0,0,0,0,0,1,1,0,0,0,0,0,0,0,"1",0,0,0,0,0,0,0,0,0,"0",0,0,0
2020,1078,0,0,0,0,0,1,0,0,1,0,1,1,0,0,"0",1,0,1,1,0,0,0,1,0,"0",1,0,0
2020,1033,0,0,0,0,1,0,0,0,0,0,0,0,0,0,"0",1,0,1,1,1,0,0,1,0,"0",0,0,1
2020,1037,0,0,0,0,0,1,0,0,1,0,0,1,0,0,"0",1,0,1,1,1,0,0,1,0,"0",0,0,0
2020,1039,0,0,0,0,0,0,0,0,0,0,0,0,0,0,"0",0,0,0,0,0,0,0,0,0,"0",0,0,0
2020,1067,0,1,0,1,1,1,0,1,1,0,0,1,0,0,"0",1,0,1,1,1,1,1,1,1,"1",1,0,0
2020,1065,0,0,0,0,0,0,0,0,0,0,0,0,0,0,"0",1,0,0,1,0,0,0,0,0,"0",0,0,0
2020,1066,0,1,0,1,1,0,0,1,0,0,0,0,1,0,"0",1,0,1,1,1,0,0,1,0,"0",0,0,0
2020,1100,0,0,0,0,0,0,0,0,0,0,0,0,0,0,"0",1,0,1,1,1,0,0,1,0,"0",0,0,0
2020,1105,0,0,0,0,0,1,0,0,0,0,0,1,0,0,"0",1,1,1,1,0,0,0,1,0,"0",0,0,0
2020,1107,0,0,0,1,0,1,0,1,0,0,0,1,0,0,"0",1,0,1,1,1,0,0,1,0,"0",0,0,0
2020,1111,0,0,0,0,0,0,0,0,0,0,0,0,0,0,"0",0,0,0,0,0,0,0,0,0,"0",0,0,0
2020,1121,0,0,0,0,0,0,0,0,0,0,0,1,0,0,"0",0,0,0,0,0,1,0,0,0,"1",0,0,0
2020,1119,0,0,0,1,0,1,1,0,1,0,0,1,0,0,"1",1,1,1,1,0,1,0,0,0,"1",1,0,0
2020,207,1,1,0,0,0,0,0,0,0,0,0,0,0,0,"0",1,0,0,0,0,0,0,1,0,"0",0,0,0
2020,431,1,0,0,0,0,0,0,0,1,0,0,1,0,0,"0",1,0,1,0,0,0,0,1,0,"0",0,0,0
2020,387,0,0,0,0,0,0,0,0,0,0,0,0,0,1,"0",1,0,1,1,1,0,0,1,0,"0",0,0,0
2020,179,0,0,0,0,0,0,0,0,0,0,0,0,0,0,"0",1,0,0,0,0,0,0,1,0,"0",0,0,0
2020,606,0,0,0,0,0,0,0,0,1,0,0,0,0,0,"0",0,0,1,1,1,0,0,0,0,"0",0,0,0
2020,925,0,0,0,1,0,0,0,0,1,1,0,1,0,0,"0",1,1,1,1,1,1,0,1,0,"1",0,1,1
2020,541,0,0,0,0,0,0,0,0,0,0,0,0,0,1,"0",0,0,1,1,1,0,0,0,0,"0",0,1,0
2020,797,0,0,0,0,0,0,0,0,1,0,0,0,0,0,"0",0,0,1,0,1,1,0,0,0,"0",0,0,0
2020,627,0,0,0,0,0,0,0,0,0,0,0,1,0,0,"0",0,0,1,1,1,0,0,0,0,"0",0,1,0
2020,173,0,0,0,0,0,0,0,0,0,0,0,0,0,0,"0",0,0,0,0,1,0,0,0,0,"0",0,0,0
2020,636,1,1,1,1,1,1,0,0,0,0,0,0,0,0,"0",1,0,1,1,1,0,0,1,0,"0",1,0,0
2020,205,0,0,0,0,1,1,0,1,0,0,0,0,0,0,"0",1,0,1,1,0,0,0,1,0,"0",0,0,0
2020,814,0,1,0,0,0,0,0,1,0,0,0,1,0,0,"0",0,0,0,0,1,0,0,0,0,"0",0,0,0
2020,881,0,1,0,1,0,0,0,1,0,0,0,1,1,0,"0",1,1,1,1,1,0,0,0,0,"0",0,0,0
2020,771,0,0,0,0,0,0,0,0,1,1,0,1,0,1,"1",0,0,1,1,1,0,0,0,1,"1",0,1,1
2020,533,1,1,0,1,1,1,1,1,1,0,0,1,0,0,"0",1,0,1,1,0,0,0,1,0,"0",0,1,1
2020,447,0,0,0,0,0,0,0,0,0,0,0,0,0,1,"1",0,0,0,0,0,0,1,1,1,"1",0,0,0
2020,815,0,1,0,0,0,1,0,1,0,0,0,1,0,0,"0",0,0,0,1,0,0,1,0,0,"1",0,0,0
2020,801,0,0,0,0,0,0,0,1,1,1,0,1,0,1,"0",1,0,1,1,1,0,0,1,1,"0",0,1,0
2020,800,1,1,0,1,1,1,1,0,0,0,0,0,0,0,"0",1,0,1,1,1,0,0,1,0,"0",1,0,0
2020,389,0,0,0,0,0,0,0,0,0,0,0,1,0,0,"0",0,0,0,0,0,0,1,0,1,"1",0,0,0
2020,695,0,0,0,0,0,0,0,0,1,1,0,1,0,1,"1",0,0,1,1,1,1,0,0,1,"1",0,1,1
2020,1157,0,0,0,0,0,0,0,0,1,0,0,0,0,0,"0",1,0,1,1,1,0,0,1,0,"0",0,1,1
2020,1163,0,1,0,1,1,1,0,1,0,1,0,0,0,0,"0",1,0,1,1,1,0,0,1,0,"0",0,1,0
2020,816,0,0,0,0,0,0,0,0,0,0,0,1,0,0,"0",0,0,0,0,0,0,1,1,1,"1",0,0,1
2020,833,0,0,0,0,0,0,0,0,0,0,0,1,0,0,"0",0,0,0,0,0,0,1,0,1,"1",0,0,1
2020,870,0,1,0,1,1,1,0,1,0,0,0,0,0,0,"0",1,0,1,1,0,0,0,1,0,"0",0,0,0
2020,927,0,1,0,1,0,1,0,1,0,0,0,1,0,1,"0",0,0,1,1,0,0,1,1,0,"0",1,0,0
2020,961,0,0,0,0,0,0,0,0,1,1,0,1,0,0,"0",0,0,1,1,1,0,0,1,0,"0",0,0,0
2020,962,0,1,0,1,1,1,1,1,0,0,0,0,0,0,"0",1,0,1,1,0,0,0,1,0,"0",0,0,0
2020,1079,0,1,0,1,1,1,0,1,0,0,0,0,0,0,"0",0,0,1,1,0,0,1,1,0,"0",0,0,1
2020,1101,1,1,0,1,1,1,0,0,0,0,0,0,0,0,"0",1,0,1,1,1,0,0,1,0,"0",0,0,0
2020,666,0,1,0,0,0,0,0,1,0,1,0,1,1,1,"0",1,0,1,1,1,1,0,1,1,"1",0,1,1
2020,392,0,1,0,1,1,1,0,1,0,0,0,0,0,0,"0",1,0,1,1,1,0,0,1,1,"1",1,0,0
2020,790,0,0,0,0,0,0,0,1,1,0,1,0,0,0,"0",1,0,1,1,1,0,0,1,0,"0",0,0,0
2020,650,0,0,0,0,0,0,0,0,0,1,0,0,0,0,"0",1,1,1,1,1,0,0,0,1,"1",0,1,1
2020,876,0,1,0,1,1,0,0,0,0,1,0,1,1,1,"1",1,0,1,1,1,1,0,1,0,"1",0,1,1
2020,944,0,1,0,0,0,0,1,1,0,0,0,1,0,0,"0",0,0,1,1,1,0,0,0,0,"0",0,0,0
2020,952,1,1,0,1,1,0,0,0,0,0,0,0,0,0,"0",1,0,1,1,0,0,0,0,0,"0",0,0,0
2020,54,0,0,0,0,0,0,0,0,0,0,0,0,0,0,"0",0,0,1,1,1,0,1,1,1,"1",1,0,0
2020,367,1,0,0,0,1,0,0,0,0,0,0,0,0,0,"0",1,1,1,1,1,0,0,0,0,"1",0,0,0
2020,538,0,0,0,0,0,0,1,0,0,1,0,0,0,1,"1",1,0,1,1,1,1,0,1,0,"1",0,1,0
2020,557,0,0,0,0,0,0,0,0,1,0,0,0,0,0,"0",0,0,1,0,1,0,0,0,0,"0",0,0,0
2020,653,0,0,0,0,0,0,0,1,1,0,0,1,0,1,"0",1,0,1,0,1,0,1,1,0,"0",0,1,0
2020,647,0,0,0,0,0,0,0,0,1,0,0,1,0,0,"0",0,0,1,0,1,0,0,1,0,"0",0,1,0
2020,978,0,0,0,0,0,0,0,0,1,1,0,1,0,1,"1",1,0,1,1,1,1,0,1,0,"1",0,1,0
2020,996,0,0,0,0,0,0,0,0,1,0,0,0,0,1,"0",0,0,0,0,0,0,1,1,0,"0",0,1,0
2020,729,0,0,0,1,0,0,0,0,0,1,0,1,0,0,"0",1,0,1,1,1,1,0,0,1,"0",0,1,1
2020,182,0,1,0,0,1,0,1,1,0,0,0,0,1,0,"1",0,0,0,0,0,1,0,1,0,"1",0,0,0
2020,633,1,1,0,1,1,1,0,1,1,0,0,1,0,0,"0",1,1,1,1,1,0,0,1,0,"0",0,0,0
2020,685,1,1,0,1,1,1,0,0,1,0,0,1,0,0,"0",1,0,0,1,0,0,0,1,0,"0",0,1,0
2020,683,0,0,0,0,0,0,0,0,1,0,0,0,0,0,"0",0,0,1,1,1,0,0,0,0,"0",0,1,1
2020,945,0,0,0,0,0,0,0,0,1,0,0,1,0,0,"0",1,0,1,1,1,1,0,1,1,"1",1,1,1
2020,953,0,0,0,1,0,0,0,1,0,0,0,1,0,0,"0",0,0,0,0,0,1,1,0,0,"1",0,0,0
2020,1022,0,0,0,0,0,0,0,0,1,0,0,1,0,0,"0",1,0,1,1,1,1,0,1,1,"1",1,1,1
2020,1049,0,0,0,0,0,0,0,0,1,0,0,1,0,0,"0",1,0,1,1,1,1,0,1,1,"1",1,1,1
2020,1151,1,0,0,0,1,1,0,0,0,0,0,0,0,0,"0",1,1,1,1,1,0,0,0,0,"0",0,0,1
2020,794,0,0,0,0,0,0,0,0,0,1,1,0,0,0,"0",0,0,1,1,1,1,0,0,1,"0",0,0,1
2020,415,0,0,0,0,0,0,1,0,0,0,0,0,0,0,"1",1,0,0,0,0,0,0,0,0,"0",0,0,0
2020,592,0,1,1,1,1,1,1,1,0,0,0,0,0,0,"0",1,0,1,1,0,0,0,1,0,"0",1,0,0
2020,497,0,0,0,0,0,0,0,0,0,0,0,0,0,0,"0",0,0,0,0,1,0,0,0,0,"0",0,0,0
2020,726,0,0,0,0,0,0,0,1,1,1,0,1,1,1,"0",0,0,1,1,1,1,0,0,0,"1",0,1,0
2020,272,1,1,0,0,1,1,0,0,1,0,0,0,0,0,"0",1,0,1,0,1,0,0,1,0,"0",0,0,0
2020,805,0,0,0,0,0,0,0,0,0,0,0,0,0,0,"0",0,0,1,1,1,1,0,1,0,"1",0,1,1
2020,64,0,0,0,0,0,0,0,0,0,0,0,1,0,0,"0",1,0,1,1,0,0,0,1,0,"0",0,0,0
2020,842,0,1,0,0,0,0,0,0,0,0,0,0,0,0,"0",1,0,1,1,1,1,0,1,0,"1",0,0,0
2020,843,0,0,0,0,0,0,0,1,0,0,0,0,0,0,"0",1,1,1,1,1,1,0,0,0,"1",0,0,0
2020,1127,1,1,0,1,1,1,1,0,0,0,0,0,0,0,"0",1,0,1,1,0,0,0,1,0,"0",1,0,0
2020,1158,1,1,1,1,1,1,1,0,0,0,0,0,0,0,"1",1,0,1,1,0,0,0,1,0,"0",1,0,0
2020,803,0,0,0,0,0,0,0,0,1,1,0,1,1,1,"0",0,0,1,1,1,1,1,0,0,"1",1,1,0
2020,211,0,1,0,1,1,1,0,1,0,0,0,0,0,0,"0",0,0,1,1,0,0,1,1,0,"0",0,0,0
2020,773,0,1,0,0,0,0,0,0,0,0,0,0,0,0,"0",1,1,1,0,1,1,0,0,0,"1",0,0,0
2020,424,0,1,0,0,1,1,0,1,0,0,0,0,0,0,"0",1,0,1,1,0,0,0,1,0,"0",0,0,0
2020,298,1,1,0,0,1,0,0,0,0,0,0,0,0,0,"0",1,0,1,1,1,0,0,1,0,"0",1,0,0
2020,594,0,1,0,1,0,1,0,1,0,0,0,1,0,0,"0",0,0,1,1,0,0,1,1,0,"0",0,0,0
2020,237,0,1,0,1,0,1,0,1,0,0,0,1,0,0,"0",1,1,1,1,0,0,0,0,0,"0",1,0,0
2020,16,0,0,0,0,0,0,0,0,0,0,0,0,0,0,"0",1,1,1,1,1,0,1,1,0,"0",0,0,0
2020,768,0,1,0,1,1,1,1,1,1,0,1,1,0,0,"1",1,1,1,1,0,1,0,1,1,"1",1,0,0
2020,617,0,1,0,0,0,0,1,0,1,0,0,0,0,0,"1",1,0,1,0,1,1,0,1,0,"1",0,0,0
2020,297,0,1,0,1,1,1,0,1,1,0,0,0,0,0,"0",0,0,1,1,1,0,1,1,0,"0",0,0,0
2020,105,0,0,0,0,0,0,0,0,0,0,0,0,0,0,"0",1,1,1,1,1,0,1,1,0,"0",0,0,0
2020,544,0,1,0,0,0,0,0,1,0,0,0,0,0,0,"0",0,0,0,1,1,0,0,0,0,"0",0,0,0
2020,804,0,0,0,0,0,0,0,1,0,0,0,1,0,0,"0",1,1,1,0,1,0,0,1,0,"0",0,0,0
2020,104,0,0,0,0,0,0,0,0,1,0,0,1,0,0,"0",0,1,1,1,1,1,0,1,1,"1",0,0,0
2020,20,0,0,0,0,0,0,1,0,0,0,0,0,0,0,"1",1,1,1,1,1,1,0,1,0,"1",1,0,0
2020,550,0,0,0,0,1,0,0,0,0,0,0,0,0,0,"0",1,1,1,1,1,0,1,1,0,"0",0,0,0
2020,112,0,0,0,0,0,0,0,0,1,0,1,1,0,0,"0",1,1,1,1,1,0,0,1,0,"0",0,0,0
2020,818,0,0,0,1,0,1,0,1,1,1,0,1,0,0,"0",1,1,1,1,0,0,0,0,0,"0",1,0,0
2020,882,0,0,0,1,0,1,0,1,1,0,0,1,0,0,"0",1,0,1,1,0,0,0,1,0,"0",1,0,0
2020,914,0,0,0,0,0,0,0,0,0,0,0,0,0,0,"0",1,0,1,0,1,1,0,1,0,"1",0,0,0
2020,928,1,1,0,1,1,1,0,0,1,0,0,1,0,0,"0",1,0,1,1,1,0,0,1,1,"1",1,0,0
2020,964,1,1,0,1,1,0,1,1,1,0,1,1,0,1,"1",0,0,1,1,1,1,0,1,1,"1",0,0,1
2020,1026,0,0,0,0,0,0,0,1,1,0,0,1,0,0,"0",1,0,1,1,0,1,0,0,1,"1",0,0,0
2020,1068,0,0,0,0,0,0,0,0,1,0,0,1,0,0,"0",0,1,1,1,1,1,0,1,1,"1",0,0,1
2020,1108,0,1,0,1,1,1,0,1,0,0,0,0,0,0,"0",0,0,1,1,0,0,1,1,0,"0",0,0,0
2020,404,0,1,0,1,0,0,0,1,0,0,0,1,0,0,"0",1,1,1,1,1,0,0,1,0,"0",1,0,0
2020,270,1,1,0,1,1,1,0,0,0,0,0,0,0,0,"0",1,0,1,1,1,0,0,1,0,"0",0,0,0
2020,676,0,1,0,0,0,1,0,0,1,0,0,0,0,1,"1",1,0,1,1,1,0,0,0,0,"0",0,0,0
2020,709,0,0,0,0,0,0,0,0,1,0,0,0,0,0,"0",0,0,1,1,1,1,0,1,1,"1",1,1,1
2020,754,0,0,0,0,0,0,0,0,1,1,0,1,0,1,"0",0,0,0,0,0,0,0,0,0,"0",0,1,1
2020,997,0,1,0,0,0,0,0,0,0,0,0,0,0,0,"0",1,0,1,1,1,0,0,1,0,"0",0,0,1
2020,1069,0,0,0,0,0,0,0,1,1,0,0,1,0,0,"0",1,0,1,1,1,0,0,1,0,"0",0,1,1
2020,1118,1,1,0,1,1,1,0,0,0,0,0,0,0,0,"0",1,0,1,1,1,0,0,1,0,"0",0,0,0
2020,1116,0,0,0,0,0,0,0,0,0,1,1,0,0,1,"0",0,0,0,1,1,1,0,0,0,"0",0,0,1
2020,734,1,1,1,1,1,1,1,0,1,1,0,1,0,1,"1",1,0,0,1,0,1,1,1,1,"1",1,1,0
2020,299,1,1,0,1,1,1,0,0,0,0,0,0,0,0,"0",1,0,1,1,0,0,0,1,0,"0",0,0,0
2020,1046,0,0,0,0,0,1,0,0,0,0,0,0,0,0,"0",0,0,0,1,0,0,1,1,1,"1",1,0,0
2020,420,0,0,0,0,0,0,0,1,1,0,0,1,0,0,"0",1,0,1,1,0,0,0,1,0,"0",0,0,0
2020,802,0,0,0,0,0,0,1,0,0,0,0,1,0,0,"0",0,0,1,0,1,1,0,1,0,"1",0,0,0
2020,266,1,0,0,0,1,0,0,0,0,0,0,0,0,0,"0",1,1,0,0,0,0,0,0,0,"0",0,0,0
2020,769,1,1,0,1,1,0,0,0,1,0,0,0,0,0,"0",1,0,1,1,1,0,0,1,0,"0",0,0,0
2020,776,1,1,0,1,1,1,0,0,0,0,0,0,0,0,"0",1,0,1,1,1,1,0,1,1,"1",0,0,0
2020,640,0,0,0,0,0,0,1,1,0,0,0,1,0,0,"1",1,0,1,1,1,1,0,1,0,"1",0,0,0
2020,315,0,0,0,0,0,0,0,0,0,0,0,1,0,0,"0",1,1,0,1,1,0,0,0,0,"0",0,0,0
2020,40,0,0,0,0,0,0,0,0,0,0,0,0,0,0,"0",1,0,0,0,1,0,0,0,0,"0",0,0,0
2020,508,1,1,0,1,1,1,0,0,1,0,0,1,0,0,"0",1,0,1,1,0,0,0,1,0,"0",0,0,0
2020,46,0,0,0,0,0,0,0,0,0,0,0,1,0,0,"0",0,0,0,0,1,0,0,1,0,"0",0,0,0
2020,590,0,1,0,0,0,0,0,0,0,0,0,0,0,0,"0",1,0,1,1,1,0,0,1,0,"0",0,0,0
2020,777,1,1,0,1,1,1,0,0,1,0,0,0,0,0,"0",1,0,1,1,0,0,1,1,1,"1",0,0,0
2020,897,0,0,0,0,0,0,0,0,0,0,0,1,0,0,"0",0,0,1,1,1,1,0,0,1,"1",0,0,0
2020,965,0,0,0,0,0,0,0,0,0,0,0,1,0,0,"0",1,0,0,0,1,0,0,0,0,"0",0,0,0
2020,671,1,1,0,1,1,1,1,0,1,0,0,1,0,1,"0",1,0,1,1,1,0,0,1,0,"0",0,1,1
2020,376,1,1,0,1,1,1,0,1,0,0,0,1,0,0,"0",1,0,1,1,0,0,0,1,0,"0",1,1,0
2020,621,0,1,0,0,0,0,0,0,1,1,0,1,0,0,"0",1,0,1,1,1,1,0,0,0,"0",1,1,1
2020,793,0,0,0,0,0,0,0,0,1,1,0,1,0,0,"0",0,0,1,1,1,0,0,0,0,"0",0,1,0
2020,1102,1,1,0,0,1,1,0,0,0,0,0,0,0,0,"0",1,0,1,1,1,0,0,1,0,"0",1,0,0
2020,1147,0,0,0,0,0,0,0,0,0,0,0,1,0,0,"0",0,0,0,0,0,0,1,1,1,"0",0,0,0
2020,712,0,0,0,0,0,0,0,0,1,1,0,1,0,1,"1",0,0,1,1,1,1,0,0,0,"1",0,1,1
2020,32,0,0,0,0,0,0,0,0,0,0,0,0,0,0,"0",1,0,1,1,1,1,0,1,0,"1",0,0,0
2020,361,0,0,0,0,0,0,0,0,1,0,0,0,0,1,"1",0,0,1,0,1,1,0,1,1,"1",0,0,0
2020,486,0,0,0,0,0,0,0,1,0,0,0,1,0,0,"0",0,0,0,0,0,0,0,1,0,"0",0,0,0
2020,595,0,1,0,0,0,0,0,0,1,1,0,1,1,1,"1",0,0,1,1,1,0,0,1,0,"0",0,1,0
2020,433,0,0,0,0,0,0,0,0,1,0,0,0,0,0,"0",1,0,1,1,0,1,0,1,1,"1",0,0,0
2020,1058,0,0,0,0,0,0,1,0,1,0,0,0,0,1,"1",1,0,1,1,0,0,0,1,0,"0",0,0,0
2020,261,1,1,0,0,1,0,0,0,0,0,0,0,0,0,"0",1,0,1,0,0,0,0,1,0,"0",0,0,0
2020,730,0,0,0,0,0,0,0,0,1,0,0,1,0,1,"1",1,0,1,1,1,0,0,0,0,"0",0,1,0
2020,577,0,0,0,0,0,0,0,0,1,0,0,1,0,0,"0",1,0,1,1,1,0,0,0,0,"0",0,1,1
2020,788,0,0,0,0,0,0,0,0,1,1,0,1,0,0,"0",1,1,1,1,1,0,0,0,0,"0",0,0,0
2020,865,0,0,0,0,0,0,0,0,1,0,0,1,0,0,"0",1,0,1,1,1,1,0,1,1,"1",1,1,1
2020,979,0,0,0,0,0,0,0,0,1,0,0,1,0,0,"0",1,0,1,1,1,1,0,1,1,"1",1,1,1
2020,998,0,0,0,0,0,0,0,0,1,0,0,1,0,0,"0",1,0,1,1,1,1,0,1,1,"1",1,1,1
2020,1072,0,0,0,0,0,0,0,0,1,0,0,1,0,0,"0",1,0,1,1,1,1,0,1,1,"1",1,1,1
2020,221,0,1,0,1,1,1,0,1,0,0,0,0,0,0,"0",1,0,1,1,0,0,0,1,0,"0",0,0,0
2020,506,0,0,0,1,0,1,1,1,1,0,0,1,0,0,"0",1,1,1,1,0,0,0,0,0,"0",0,0,0
2020,727,0,0,0,0,0,0,0,0,0,1,0,0,0,0,"0",0,0,1,0,1,0,0,1,0,"0",0,1,0
2020,355,1,1,0,0,1,1,0,0,0,0,0,1,0,0,"0",1,1,1,1,0,0,0,1,0,"0",0,0,0
2020,487,1,0,0,0,1,0,0,1,1,0,0,0,0,0,"0",1,0,0,1,0,0,0,1,0,"0",0,0,0
2020,938,1,1,1,1,1,1,0,0,0,1,0,1,0,0,"0",1,0,1,1,1,0,0,1,0,"0",0,1,0
2020,999,0,0,0,0,0,1,1,0,0,0,0,0,0,0,"0",1,1,1,1,0,0,0,0,0,"0",1,0,0
2020,798,0,1,0,0,0,0,0,0,1,0,0,1,0,0,"0",1,0,1,1,1,1,0,1,1,"1",0,0,0
2020,504,0,0,0,0,0,0,0,1,0,0,0,1,0,0,"0",1,1,1,0,1,0,0,0,0,"0",0,0,0
2020,247,0,1,0,1,1,1,1,1,0,0,0,0,0,0,"1",1,0,1,1,1,0,0,1,1,"1",0,0,0
2020,216,0,1,0,1,0,1,0,1,0,0,0,1,0,0,"0",1,0,1,1,0,0,0,1,0,"0",0,0,0
2020,65,0,0,0,0,0,0,0,0,0,0,1,0,0,0,"0",0,0,1,1,1,0,1,1,0,"0",0,0,0
2020,472,0,1,0,0,0,0,0,1,0,1,0,0,0,0,"0",0,0,0,0,0,0,0,0,0,"0",0,0,0
2020,427,0,0,0,0,0,0,0,1,1,0,0,1,1,0,"0",0,0,0,0,0,0,1,1,1,"1",0,0,0
2020,491,0,0,0,0,0,0,1,1,1,0,0,1,0,0,"1",0,0,1,0,0,0,0,1,0,"0",0,0,0
2020,551,0,0,0,0,0,0,0,1,1,0,0,1,0,0,"0",1,0,1,0,0,0,0,1,0,"0",0,0,0
2020,106,0,0,0,1,0,1,0,0,0,0,0,1,0,0,"0",1,0,1,1,0,0,0,1,0,"0",1,0,0
2020,819,0,0,0,1,0,0,0,0,1,0,0,1,0,0,"0",0,0,0,0,0,0,0,0,0,"0",1,0,0
2020,836,0,0,0,0,0,1,0,0,0,0,0,0,0,0,"0",1,1,1,1,0,0,0,0,0,"1",0,0,0
2020,915,0,0,0,0,0,0,0,0,1,0,0,1,0,0,"0",0,0,0,0,0,0,1,0,0,"0",0,0,0
2020,942,0,0,0,0,0,0,0,0,0,0,0,1,0,0,"0",1,1,1,1,0,0,0,0,0,"0",0,0,0
2020,1140,0,0,0,0,0,0,0,0,0,0,0,1,0,1,"1",1,0,1,1,1,0,0,0,0,"0",0,0,1
2020,748,0,1,0,0,0,0,1,0,1,1,0,1,0,1,"1",0,0,1,1,1,1,1,1,1,"1",0,1,0
2020,198,0,0,0,0,0,0,0,0,1,0,0,1,0,0,"0",0,0,1,0,0,0,1,1,0,"0",0,0,0
2020,871,0,1,0,0,1,0,1,1,1,0,0,1,0,1,"1",1,1,1,1,1,1,0,1,1,"1",0,1,0
2020,948,0,0,0,0,1,0,0,1,0,0,0,0,0,0,"0",1,0,0,0,0,0,0,1,0,"0",0,0,0
2020,1051,0,0,0,0,0,0,0,0,0,0,0,0,0,0,"0",0,0,1,0,0,1,0,1,1,"1",0,0,0
2020,1083,0,0,0,0,0,1,0,0,0,0,0,0,0,0,"0",1,0,1,1,0,0,0,1,0,"0",0,0,0
2020,1096,0,0,0,0,0,0,0,0,0,0,0,1,0,0,"0",1,0,1,0,0,0,0,1,0,"0",0,0,0
2020,1159,0,1,0,1,0,0,0,1,0,0,0,1,0,0,"0",0,0,1,0,0,0,1,1,0,"0",0,0,0
2020,679,0,0,0,0,0,0,0,0,1,0,0,0,1,0,"0",0,0,1,1,1,1,0,0,1,"1",0,0,0
2020,176,1,1,0,1,1,0,0,0,0,0,0,0,0,0,"0",1,0,1,1,0,0,0,1,0,"0",0,0,0
2020,537,0,0,0,0,1,0,0,1,1,0,0,1,0,0,"0",1,0,1,0,0,0,0,0,0,"0",0,0,0
2020,608,0,0,0,0,0,0,0,0,0,0,0,0,0,0,"0",0,0,1,0,1,1,0,1,0,"1",0,1,1
2020,596,0,1,0,0,1,0,0,0,0,0,0,0,0,0,"0",0,1,1,0,1,1,0,0,0,"1",0,0,1
2020,749,0,0,0,0,0,0,0,0,1,1,0,1,1,1,"1",0,0,1,1,1,1,0,1,1,"1",0,1,1
2020,758,0,1,0,1,0,0,0,1,0,1,0,1,1,1,"1",1,0,1,1,1,0,0,1,0,"1",1,0,0
2020,1104,0,0,0,1,0,0,0,0,1,1,0,0,1,0,"1",1,0,1,1,1,1,0,1,1,"1",0,1,0
2020,567,0,0,0,0,0,0,0,1,1,0,0,0,0,1,"0",0,0,1,1,1,0,0,1,0,"0",0,0,0
2020,677,1,0,0,1,1,0,0,0,1,1,0,0,1,0,"0",1,0,1,1,1,0,0,1,1,"1",0,0,0
2020,670,1,1,0,1,1,1,0,0,0,0,0,0,0,0,"0",1,1,0,1,0,0,0,0,0,"0",0,1,0
2020,588,0,0,0,1,0,0,0,0,0,0,0,0,0,0,"0",1,0,1,1,1,1,0,1,0,"1",1,0,0
2020,602,0,0,0,0,1,0,0,0,0,0,0,0,0,0,"0",0,0,1,1,0,0,0,1,0,"0",0,0,0
2020,254,1,1,0,1,1,0,0,0,0,0,0,0,0,0,"0",1,0,1,1,1,0,0,1,0,"0",1,0,0
2020,705,1,1,0,1,1,1,0,0,0,0,0,0,0,0,"0",1,0,1,1,1,0,0,1,0,"0",0,0,0
2020,133,1,0,0,0,1,0,0,1,0,0,0,0,0,0,"0",0,0,0,0,0,0,0,1,1,"1",0,0,0
2020,33,0,0,0,0,0,0,0,0,1,0,0,1,0,1,"1",1,1,1,0,0,0,0,0,0,"0",0,0,1
2020,143,0,0,0,0,0,0,0,0,0,0,0,1,0,0,"0",1,1,1,1,0,0,0,1,1,"1",1,0,0
2020,36,0,0,0,0,0,0,0,0,0,0,0,1,0,0,"0",1,0,1,1,0,0,0,1,0,"0",0,0,1
2020,756,0,0,0,0,0,0,0,0,0,0,0,0,0,1,"1",1,1,1,1,1,0,0,0,1,"1",0,0,0
2020,662,0,0,0,1,0,0,0,0,0,0,0,0,0,0,"0",0,0,1,1,1,0,0,1,0,"0",0,1,0
2020,192,0,0,0,0,0,0,0,0,0,0,0,0,0,0,"0",0,0,0,0,0,0,0,0,0,"0",0,0,0
2020,382,0,0,0,0,0,0,0,0,0,0,0,1,0,0,"0",1,1,1,0,1,0,0,0,0,"0",1,0,0
2020,322,0,0,0,0,0,0,0,0,0,0,0,1,0,0,"0",0,1,1,0,1,0,0,0,0,"0",0,0,0
2020,478,0,0,0,0,0,0,0,1,0,0,0,1,0,0,"0",1,1,1,1,1,0,0,0,0,"0",0,0,1
2020,352,0,0,0,0,0,0,1,0,0,0,0,0,0,0,"1",1,0,0,0,0,0,0,0,1,"1",0,0,0
2020,628,0,1,0,0,0,0,0,0,1,1,0,0,0,1,"1",1,0,1,1,1,1,0,1,1,"1",0,1,0
2020,495,0,1,0,0,0,0,0,1,0,0,0,0,0,1,"1",0,0,1,1,1,0,0,1,1,"1",0,0,1
2020,845,0,0,0,0,0,0,0,0,1,0,0,0,1,0,"0",1,0,1,1,1,1,0,0,0,"1",1,0,0
2020,498,0,0,0,0,0,0,0,0,1,0,0,0,0,1,"1",1,0,1,1,1,0,0,1,1,"1",0,0,0
2020,314,0,0,0,0,0,0,0,0,0,0,0,0,0,0,"0",0,0,0,0,0,0,0,0,0,"0",0,0,0
2020,720,0,0,0,0,1,0,0,0,0,0,0,0,0,0,"0",0,0,0,0,1,0,0,1,1,"1",0,0,1
2020,1113,0,1,0,1,1,1,0,1,1,1,1,1,0,0,"0",0,1,1,1,1,0,1,1,0,"0",0,1,1
2020,1137,0,1,0,1,1,0,0,1,1,1,0,1,0,0,"0",0,0,1,1,1,0,1,1,0,"0",1,0,1
2020,1142,0,0,0,0,0,0,0,0,1,0,0,0,0,0,"0",1,0,1,1,1,0,0,1,0,"0",0,0,1
2020,722,0,0,0,0,0,0,0,0,1,1,0,1,1,1,"0",1,1,1,1,1,1,0,0,0,"1",0,1,1
2020,660,0,0,0,1,0,0,0,0,0,1,0,0,0,0,"0",1,0,1,1,1,0,0,1,1,"1",0,0,0
2020,75,0,0,0,0,0,0,0,0,1,0,0,1,1,1,"1",1,0,1,1,1,1,0,1,0,"1",0,0,0
2020,249,1,0,0,0,1,1,0,0,0,0,0,0,0,0,"0",1,0,1,1,1,1,0,1,1,"1",0,0,0
2020,227,1,0,0,0,1,0,0,0,0,0,0,0,0,0,"0",0,0,0,0,1,0,0,1,0,"0",0,0,0
2020,150,0,1,0,1,1,1,1,1,0,0,0,0,0,0,"0",0,0,1,1,0,0,1,1,0,"0",1,0,0
2020,47,0,0,0,0,0,0,0,0,0,0,0,1,1,0,"0",1,1,0,0,0,0,0,0,0,"0",0,0,0
2020,172,1,1,0,0,1,0,0,0,1,0,0,0,0,0,"0",1,0,0,0,0,0,0,1,0,"0",0,0,0
2020,581,0,0,0,0,0,0,0,0,1,1,0,0,1,0,"0",0,0,1,0,1,0,0,0,0,"0",0,1,0
2020,120,0,1,0,0,0,1,0,1,0,0,0,1,0,0,"0",1,1,1,1,1,0,0,0,0,"0",0,0,0
2020,445,0,0,0,0,0,0,0,0,0,0,0,1,0,0,"0",0,0,1,0,1,0,0,1,0,"0",1,0,0
2020,471,0,1,0,1,1,1,0,1,1,0,0,0,0,0,"0",1,1,1,0,0,0,0,0,1,"1",1,0,1
2020,53,0,0,0,0,0,0,0,0,0,0,0,0,0,0,"0",0,0,0,0,0,0,0,0,0,"0",1,0,0
2020,199,1,0,0,0,1,0,0,1,0,0,0,0,0,0,"0",1,0,0,0,0,0,0,0,1,"1",0,0,0
2020,575,0,0,0,1,0,0,0,0,0,0,0,0,0,0,"0",1,1,1,1,1,0,0,0,0,"1",0,1,1
2020,528,0,0,0,0,0,0,0,0,1,1,0,0,1,0,"0",0,0,1,1,1,1,0,1,0,"1",0,1,1
2020,631,1,1,1,1,1,1,0,0,1,1,0,1,1,0,"0",1,1,1,1,1,0,1,1,0,"0",0,1,1
2020,699,0,0,0,0,0,0,0,0,1,0,0,0,1,0,"1",1,0,1,1,1,1,0,0,0,"1",0,1,0
2020,823,0,0,0,0,0,0,1,1,1,0,1,0,0,0,"1",1,0,1,1,1,1,0,1,0,"1",0,0,1
2020,849,0,1,0,0,0,0,1,0,0,1,0,1,1,1,"1",1,0,1,1,1,0,0,0,0,"0",1,1,1
2020,869,0,1,0,1,1,1,0,1,0,0,0,0,0,0,"0",1,0,1,0,0,0,0,1,0,"0",0,0,0
2020,955,0,0,0,0,0,0,0,0,0,0,0,1,0,0,"0",1,0,1,0,1,0,0,1,0,"1",0,0,0
2020,983,0,0,0,0,0,0,0,0,0,0,0,0,0,0,"0",0,0,0,0,0,0,0,0,0,"0",0,0,0
2020,1002,0,0,0,0,0,1,0,0,0,0,0,1,0,0,"0",0,0,0,0,0,0,0,0,0,"0",0,0,0
2020,1015,0,0,1,1,0,0,1,0,1,1,0,0,1,0,"1",1,1,1,1,1,1,0,1,0,"1",1,1,1
2020,1153,0,1,0,0,1,0,0,1,0,0,0,0,1,0,"0",1,0,1,1,0,0,0,1,0,"1",0,0,0
2020,51,0,0,0,0,0,0,0,0,0,0,0,0,0,0,"0",1,0,1,1,1,0,0,1,0,"0",0,0,0
2020,441,0,1,0,0,1,0,0,1,0,0,0,1,0,0,"0",1,1,0,0,1,0,0,1,0,"0",0,0,0
2020,327,0,0,0,0,0,0,0,0,0,0,0,0,0,0,"0",1,0,0,0,0,1,0,0,0,"1",0,0,0
2020,690,0,0,0,0,0,0,0,0,0,0,0,0,0,0,"0",0,0,0,0,1,0,0,0,1,"1",1,0,0
2020,262,0,0,0,0,1,0,1,0,0,0,0,0,0,0,"1",1,0,1,1,0,0,0,1,0,"0",0,0,0
2020,403,0,0,0,0,0,0,0,0,1,0,0,1,0,0,"0",1,0,0,1,0,0,0,1,0,"0",0,0,0
2020,312,0,0,0,0,0,0,0,0,0,0,0,1,0,0,"0",1,1,1,1,0,0,0,0,0,"0",0,0,0
2020,589,0,0,0,0,0,0,0,0,0,0,0,0,0,0,"1",0,0,1,1,1,0,0,1,0,"0",0,1,1
2020,665,0,0,0,0,0,0,0,0,1,0,0,0,0,1,"1",1,0,1,1,1,0,0,1,1,"1",0,1,1
2020,334,0,0,0,0,0,1,0,0,0,0,0,0,0,0,"0",1,0,1,1,0,0,0,1,0,"0",0,0,0
2020,1075,0,0,0,0,0,0,0,0,1,0,0,1,0,0,"0",0,0,1,1,1,1,0,1,1,"1",0,1,1
2020,751,0,0,0,0,0,0,0,0,1,0,0,1,0,1,"1",0,0,1,1,1,1,0,1,0,"1",0,1,1
2020,186,0,0,0,0,0,0,0,0,0,0,0,0,0,0,"0",0,0,0,0,0,0,0,0,0,"0",0,0,0
2020,646,0,0,1,0,0,0,0,0,1,0,0,1,0,1,"1",0,0,1,1,1,0,0,1,0,"0",0,1,1
2020,536,0,0,1,0,0,0,0,0,1,0,0,1,0,0,"0",1,0,1,1,1,0,0,1,0,"0",0,1,1
2020,242,0,1,0,1,1,1,0,1,0,0,0,1,1,0,"0",1,1,1,1,1,0,0,0,0,"0",1,0,1
2020,490,0,0,0,0,0,0,0,0,0,0,0,0,0,0,"0",1,0,1,0,1,0,0,0,0,"0",0,0,0
2020,500,0,0,0,0,0,0,0,0,0,0,0,0,0,0,"0",1,0,0,0,0,1,0,1,0,"1",0,0,1
2020,206,0,0,0,0,0,0,0,1,0,0,0,0,0,0,"0",0,0,0,0,0,0,1,1,0,"0",0,0,0
2020,58,0,0,0,0,0,0,0,0,0,0,0,1,0,0,"0",0,0,1,1,0,0,0,1,0,"0",0,1,0
2020,572,0,0,0,0,0,0,0,0,0,0,0,0,0,0,"1",1,0,1,0,1,0,0,1,0,"0",1,0,0
2020,180,0,0,0,0,0,0,0,1,0,0,0,1,0,0,"0",0,0,1,1,0,0,0,1,0,"0",0,0,0
2020,549,0,0,0,0,0,0,0,0,0,0,0,0,0,0,"0",1,0,1,1,1,0,0,1,0,"0",0,1,0
2020,582,0,0,0,0,0,0,0,0,0,0,0,0,0,0,"0",1,1,1,1,1,0,0,0,0,"0",0,0,0
2020,743,0,0,0,0,0,0,0,1,1,1,0,1,1,0,"0",1,0,1,1,1,0,0,0,0,"0",0,1,0
2020,795,0,0,0,0,0,0,0,0,0,0,0,0,0,0,"0",0,0,0,0,1,1,0,1,1,"1",0,0,0
2020,269,0,1,0,0,1,0,0,1,0,0,0,0,0,0,"0",0,0,1,1,0,0,1,1,0,"0",0,0,0
2020,634,0,0,0,0,0,0,0,0,0,0,0,1,0,0,"0",1,1,1,1,1,0,0,1,0,"0",0,0,0
2020,1,0,0,0,0,0,0,0,1,0,0,0,0,0,0,"0",0,0,0,0,0,0,0,1,0,"0",0,0,0
2020,717,1,1,1,1,1,1,1,0,0,0,0,0,0,0,"0",0,0,1,1,1,0,0,1,0,"0",0,1,1
2020,373,0,1,0,0,1,1,0,0,0,0,0,0,0,0,"0",1,1,1,1,1,1,0,0,0,"1",0,0,0
2020,824,0,0,0,0,0,0,0,0,1,1,0,1,0,1,"0",1,0,1,1,0,0,1,1,1,"0",0,0,0
2020,888,0,0,0,1,0,0,0,0,0,0,0,0,0,0,"1",1,0,1,1,1,0,0,1,1,"0",0,1,0
2020,902,0,0,0,0,0,0,0,0,0,0,0,1,0,0,"0",0,0,0,1,0,1,1,1,1,"1",1,0,0
2020,968,0,0,0,0,0,0,0,0,0,0,0,1,0,0,"0",0,0,0,0,0,1,0,0,0,"1",0,0,0
2020,1154,0,0,0,0,0,0,0,0,0,0,0,0,0,0,"0",1,0,1,1,0,0,0,0,0,"1",0,1,1
2020,1130,0,0,0,0,0,0,0,0,0,0,0,0,0,0,"0",0,0,1,1,0,0,1,1,0,"0",0,1,0
2020,1141,0,0,0,0,0,0,0,1,0,0,0,1,0,0,"0",0,0,1,1,0,0,1,1,1,"0",0,0,0
2020,1145,0,0,0,0,1,0,0,1,0,0,0,1,0,0,"0",1,0,0,1,1,0,0,0,0,"0",1,0,0
2020,1122,0,0,0,0,0,0,0,0,0,0,0,0,0,0,"0",0,0,0,0,0,0,0,0,0,"0",0,0,0
2020,1133,0,0,0,1,0,0,0,1,0,0,0,1,0,0,"0",0,1,1,1,0,0,1,0,0,"0",0,0,0
2020,346,0,0,0,0,0,1,1,0,0,0,0,1,0,0,"0",1,0,0,0,0,0,0,0,0,"0",0,0,0
2020,27,0,0,0,0,0,0,1,0,0,0,0,0,0,1,"1",1,0,0,0,1,0,0,0,0,"0",0,0,0
2020,165,0,0,0,0,0,0,0,1,0,0,0,1,0,0,"0",0,0,0,0,0,0,1,1,0,"0",1,0,0
2020,956,0,0,0,0,0,0,0,0,1,1,0,0,0,0,"0",0,0,1,1,1,0,0,1,0,"0",0,1,1
2020,149,0,0,0,0,0,0,0,1,0,0,0,1,0,0,"0",0,0,1,0,0,0,1,1,0,"0",0,0,0
2020,612,0,0,0,0,1,1,0,1,0,0,0,1,1,0,"0",1,0,1,0,0,0,0,1,0,"0",0,0,0
2020,559,0,1,0,1,0,1,0,1,0,0,0,1,0,0,"0",1,0,1,1,0,0,0,1,0,"0",0,0,0
2020,7,0,0,0,0,0,0,0,1,0,0,0,1,0,0,"0",0,0,1,0,0,0,1,0,0,"0",0,0,0
2020,283,0,0,0,0,1,0,0,0,0,0,0,0,0,0,"0",0,0,1,0,1,0,0,1,0,"0",0,0,0
2020,37,0,0,0,0,0,0,0,0,0,0,0,1,0,0,"0",1,1,1,1,0,0,0,1,0,"0",0,0,0
2020,721,0,0,0,0,0,0,1,0,1,1,0,1,1,0,"1",1,0,1,1,1,1,0,1,1,"1",0,0,0
2020,485,0,1,0,1,1,0,0,1,0,0,0,1,0,0,"0",0,0,1,0,1,0,0,1,0,"0",0,0,0
2020,273,1,1,1,0,1,0,0,0,0,0,0,0,0,0,"0",0,0,1,1,1,0,0,1,0,"0",0,0,0
2020,846,0,0,0,1,0,0,0,0,0,1,0,1,1,0,"0",1,0,1,1,1,1,0,1,1,"1",0,1,0
2020,847,0,1,0,1,1,0,0,1,0,0,0,0,0,0,"0",1,0,1,1,0,1,0,1,0,"1",0,0,0
2020,848,0,0,0,0,1,0,0,0,0,0,0,0,0,0,"0",0,0,0,0,1,0,0,0,0,"0",0,0,0
2020,916,0,0,0,0,1,1,0,0,0,0,0,0,0,0,"0",1,0,0,0,0,0,0,1,0,"0",0,0,0
2020,930,0,1,0,1,1,1,0,1,0,0,0,0,0,0,"0",1,1,1,1,1,0,0,1,0,"0",0,1,0
2020,954,0,0,0,0,0,0,0,0,0,0,0,0,0,1,"1",1,0,1,1,1,0,0,1,1,"1",0,0,0
2020,943,0,0,0,0,0,0,0,0,0,0,0,0,0,0,"0",0,0,0,0,1,1,0,1,0,"1",1,0,0
2020,949,0,0,0,0,0,0,0,0,1,1,0,0,1,1,"0",1,0,1,1,1,1,0,1,1,"1",0,1,0
2020,980,0,0,0,0,1,1,0,1,0,0,0,0,0,0,"0",1,1,1,1,1,0,0,1,1,"1",0,0,0
2020,981,0,1,0,1,1,1,0,1,0,0,0,0,0,0,"0",0,0,0,1,0,0,1,1,0,"0",0,0,0
2020,1024,1,0,0,0,1,0,1,0,0,0,0,0,0,0,"1",1,1,1,1,1,0,0,1,0,"0",0,0,0
2020,1017,0,0,0,0,0,0,0,0,0,0,0,1,0,0,"0",0,0,0,0,0,0,0,1,1,"1",1,0,1
2020,1000,0,0,0,0,0,0,0,0,0,0,0,0,0,0,"0",0,0,0,0,1,1,0,1,0,"1",1,0,0
2020,1018,0,0,1,0,0,0,1,0,0,0,0,0,0,0,"1",1,0,1,1,1,0,0,1,0,"0",0,0,0
2020,1001,1,1,0,1,1,0,0,0,0,0,0,0,1,0,"0",1,0,1,1,1,0,0,1,0,"0",0,1,0
2020,1007,0,1,0,1,1,0,0,0,1,1,0,0,0,0,"0",1,1,1,1,1,1,0,0,0,"1",0,0,0
2020,1008,0,1,0,1,1,0,0,0,1,1,0,1,1,1,"1",1,0,1,1,1,1,0,1,0,"1",0,1,0
2020,1010,0,1,0,1,1,0,0,0,0,0,0,1,0,0,"0",1,1,1,1,1,1,0,0,0,"1",0,1,0
2020,1011,0,1,1,1,1,0,0,0,0,0,0,0,0,0,"0",1,0,1,1,1,1,0,1,0,"1",0,0,0
2020,1012,0,1,0,1,1,0,0,0,0,0,1,1,0,0,"0",1,0,1,1,1,1,0,1,1,"1",0,0,0
2020,1013,0,0,0,1,0,0,1,0,1,1,0,1,1,1,"0",1,0,1,1,1,1,0,1,0,"1",0,0,0
2020,1041,0,0,0,0,0,0,0,0,0,0,0,1,0,0,"0",0,1,1,1,0,0,1,0,0,"0",1,0,0
2020,1073,1,1,1,1,1,1,1,0,0,0,0,0,0,0,"0",1,0,1,1,1,1,0,1,0,"1",0,1,0
2020,1087,0,0,1,0,0,0,1,0,0,0,0,1,0,0,"1",0,0,0,0,1,0,0,1,0,"0",0,1,0
2020,1109,0,0,1,0,0,0,1,0,0,0,0,1,0,0,"1",0,0,0,0,1,0,0,1,0,"0",0,1,0
2020,1110,1,1,0,1,1,1,0,0,0,0,0,0,0,0,"0",1,0,1,1,1,0,0,0,0,"0",1,0,0
2020,1112,0,1,0,1,0,1,0,1,0,0,0,1,0,0,"0",0,1,1,1,1,0,1,0,0,"0",1,0,0
2020,1156,0,0,0,0,0,0,0,1,0,0,0,1,1,0,"1",1,0,1,1,1,0,0,1,0,"0",0,0,1
2020,1155,0,0,0,0,0,0,0,0,0,0,0,0,0,0,"0",0,0,0,0,0,0,0,0,0,"0",0,0,0
2020,1148,0,0,0,0,0,0,0,0,0,0,0,0,0,0,"0",0,0,0,0,1,0,0,1,0,"0",0,0,0
2020,1126,1,1,0,1,1,0,0,0,1,1,0,0,1,1,"1",1,0,1,1,1,1,1,1,0,"1",0,0,0
2020,1160,0,0,0,0,0,0,0,0,1,0,0,1,0,0,"0",0,0,1,1,0,0,1,1,0,"0",1,0,0
2020,1152,0,0,0,0,0,0,1,0,0,0,0,0,0,0,"1",0,0,1,0,1,0,1,0,0,"0",0,0,0
2020,789,0,0,0,0,0,0,0,0,1,0,0,1,0,0,"0",0,1,1,0,0,0,1,0,1,"1",0,0,0
2020,326,0,0,0,0,0,1,0,0,1,0,0,1,0,0,"0",1,1,1,1,0,0,0,0,0,"0",1,0,0
2020,442,0,1,0,0,1,1,0,1,0,0,0,1,0,1,"0",1,0,1,1,1,0,0,1,0,"0",0,0,0
2020,294,0,0,0,0,1,0,0,0,0,0,0,0,0,0,"0",0,0,1,0,1,0,0,1,0,"0",0,0,0
2020,378,1,1,0,1,1,1,0,1,1,0,0,0,0,0,"0",1,0,1,1,0,0,0,1,0,"0",0,0,0
2020,402,0,1,0,1,0,1,0,1,0,0,0,1,0,0,"0",1,1,1,1,0,0,0,0,0,"0",1,0,0
2020,29,0,0,0,0,0,0,0,0,1,0,0,1,1,0,"0",1,1,1,1,1,0,0,1,1,"1",1,0,0
2020,450,0,1,0,1,0,1,0,1,0,0,0,1,0,0,"0",1,1,1,1,0,0,0,0,0,"0",0,0,0
2020,656,1,1,0,1,1,1,0,0,1,1,0,0,0,0,"0",1,0,0,1,0,0,0,0,0,"0",0,1,1
2020,333,0,1,1,1,1,1,1,1,0,0,0,0,0,0,"0",1,0,1,1,1,1,0,1,0,"0",1,0,0
2020,684,0,0,0,0,0,0,0,0,0,0,0,0,0,0,"0",1,0,1,0,1,0,0,1,0,"0",1,0,1
2020,422,1,1,1,1,0,0,0,0,0,0,0,1,0,0,"0",1,1,1,1,0,0,0,0,0,"0",1,0,0
2020,763,1,1,1,0,1,1,0,1,1,1,0,1,0,1,"0",1,1,1,1,1,0,1,1,0,"0",1,1,1
2020,741,0,0,0,0,0,0,1,0,1,0,0,1,0,0,"1",0,0,1,1,1,0,0,1,0,"0",1,1,0
2020,553,0,0,0,1,0,0,0,1,1,1,1,0,0,0,"0",1,1,1,1,1,0,0,0,0,"0",0,1,1
2020,899,0,0,0,0,0,0,0,0,0,0,0,1,0,0,"0",1,0,0,0,0,0,0,1,0,"0",0,0,0
2020,900,0,1,0,1,0,1,0,1,0,0,0,1,0,0,"0",1,1,1,1,0,0,0,0,0,"0",0,0,0
2020,950,0,1,0,0,0,1,0,1,0,0,0,1,0,0,"0",0,0,1,1,0,0,1,1,0,"0",1,0,0
2020,966,0,1,0,1,1,0,0,1,0,0,0,0,0,0,"0",1,1,1,1,1,0,0,0,0,"0",1,0,0
2020,967,0,0,0,0,0,1,0,1,1,0,0,1,0,1,"0",1,1,1,1,1,0,0,0,1,"1",1,0,0
2020,982,1,0,0,0,0,0,0,0,0,0,0,0,0,0,"0",0,0,1,1,1,0,0,1,0,"0",0,0,0
2020,1080,0,0,0,0,0,1,0,0,0,0,0,0,1,0,"0",0,0,0,0,1,0,0,1,0,"0",0,1,1
2020,1074,0,1,0,1,1,1,1,1,0,0,0,0,0,0,"0",0,0,1,1,1,0,1,1,1,"0",1,0,1
2020,1084,1,1,0,1,1,0,0,0,0,0,0,1,0,0,"0",1,1,1,1,0,0,0,0,0,"0",1,0,0
2020,153,1,1,0,1,1,1,0,1,0,0,0,1,1,0,"0",1,1,1,1,1,0,0,1,0,"0",1,1,0
2020,547,0,0,0,0,0,0,0,0,0,0,0,0,0,0,"0",1,0,1,0,1,0,0,0,0,"0",0,0,0
2020,397,0,0,0,0,0,0,0,0,0,0,0,0,0,0,"0",0,0,0,0,1,0,0,0,0,"0",0,0,0
2020,556,0,0,0,0,0,0,0,0,0,0,0,1,0,0,"0",0,0,1,0,1,0,0,0,0,"0",0,0,0
2020,42,0,0,0,0,0,0,0,0,0,0,0,0,0,0,"0",1,1,1,1,0,0,1,1,0,"0",0,0,0
2020,31,0,1,0,1,0,1,0,1,0,1,0,1,0,0,"0",1,0,1,1,1,0,1,1,0,"0",1,0,1
2020,740,0,0,0,0,0,0,1,1,0,1,0,1,0,1,"0",1,0,1,1,1,1,0,1,0,"1",0,1,0
2020,217,0,1,0,0,1,0,0,0,1,0,0,0,0,0,"0",1,0,1,0,1,0,0,1,0,"0",0,0,0
2020,863,0,0,0,0,1,0,0,1,0,0,0,0,0,0,"0",1,0,0,1,0,1,0,1,0,"1",0,0,0
2020,889,0,0,1,0,0,0,0,1,1,0,0,1,1,1,"1",0,0,1,1,1,1,0,1,0,"1",0,1,1
2020,984,1,1,1,1,1,1,0,0,0,0,0,0,0,0,"0",1,0,1,1,1,0,1,1,0,"0",0,0,1
2020,1106,0,1,0,1,1,1,0,1,0,0,0,1,1,0,"0",0,0,1,1,0,0,1,1,0,"0",1,0,0
2020,1146,0,1,0,1,0,0,0,1,1,0,0,1,1,1,"0",1,1,1,1,0,0,0,0,1,"1",1,0,0
2020,34,0,0,0,0,0,1,0,0,0,0,0,1,0,0,"0",1,0,1,1,0,0,0,1,0,"0",1,0,0
2020,791,0,0,0,0,1,0,0,0,1,0,0,0,0,0,"0",1,1,1,1,1,0,0,0,0,"0",0,0,0
2020,430,0,0,0,0,0,0,0,1,1,0,0,1,0,0,"0",0,0,1,0,1,0,0,1,0,"0",0,0,0
2020,715,0,0,0,0,0,0,0,0,0,0,0,0,0,0,"0",0,0,1,0,1,0,0,1,0,"0",0,0,0
2020,524,0,0,0,0,1,0,0,1,0,1,0,0,0,0,"0",1,0,0,0,0,0,0,1,0,"0",0,1,0
2020,432,0,0,0,0,0,0,0,1,0,0,0,1,0,0,"0",0,0,0,1,0,0,1,1,0,"0",1,0,0
2020,19,0,0,0,0,0,0,0,1,0,0,0,1,0,0,"0",1,1,1,1,0,0,0,0,0,"0",0,0,0
2020,25,0,0,0,0,0,0,0,0,0,0,0,1,0,0,"0",1,1,1,1,0,0,0,1,0,"0",0,0,0
2020,26,0,0,0,0,0,0,0,1,0,0,0,1,0,0,"0",1,1,1,1,0,0,0,0,0,"0",0,0,0
2020,890,0,0,0,0,0,0,0,0,0,1,0,1,1,0,"0",1,0,1,1,1,0,0,1,0,"0",0,1,0
2020,904,0,0,0,0,0,0,0,0,0,1,0,0,0,0,"0",1,0,1,1,1,0,0,0,0,"0",0,1,0
2020,957,0,0,0,0,0,0,0,0,0,1,0,1,1,0,"0",1,1,1,1,1,0,0,1,0,"0",0,1,1
2020,939,0,0,0,0,0,0,0,0,1,1,0,0,0,1,"1",0,0,1,1,1,0,0,1,1,"1",0,1,1
2020,236,1,1,0,0,1,0,1,1,0,0,0,0,0,0,"1",1,0,0,0,1,0,0,1,0,"0",0,0,0
2020,735,1,1,1,1,1,1,0,0,1,1,0,0,1,0,"0",1,0,1,0,0,0,0,1,0,"0",0,1,0
2020,363,0,1,0,1,1,0,0,1,0,0,0,1,0,0,"0",1,1,1,1,0,0,0,1,0,"0",0,0,0
2020,187,0,0,0,0,1,0,0,1,0,0,0,0,0,0,"0",1,0,0,0,1,0,0,1,0,"0",0,0,0
2020,295,0,1,0,1,1,1,0,1,0,0,0,1,1,0,"0",1,0,1,1,0,0,0,1,0,"0",1,0,0
2020,496,1,1,1,1,1,1,1,0,0,0,0,1,0,0,"0",1,1,1,1,1,0,0,1,0,"0",1,0,1
2020,391,1,1,0,1,0,0,0,0,0,0,0,1,0,0,"0",1,1,1,1,0,0,0,0,0,"0",0,0,0
2020,240,0,1,1,0,1,1,0,1,1,1,0,1,1,0,"0",1,1,1,1,1,0,0,1,0,"0",1,0,0
2020,448,0,0,0,0,0,0,0,0,0,0,0,0,0,0,"0",0,0,0,0,0,0,0,0,0,"0",0,0,0
2020,425,0,0,0,0,0,0,0,0,0,0,0,0,0,0,"0",0,0,1,0,1,0,0,0,0,"0",0,0,0
2020,300,0,0,0,0,0,0,0,1,0,0,0,0,0,0,"0",1,0,0,0,1,0,0,0,0,"0",0,0,1
2020,339,0,1,0,1,0,1,0,1,0,0,0,0,0,0,"0",1,0,1,1,0,0,0,1,0,"0",1,0,0
2020,874,0,0,0,0,0,0,0,1,0,0,0,1,0,0,"0",0,0,1,1,1,1,0,1,0,"1",0,0,0
2020,905,0,1,0,0,0,0,0,0,0,1,0,0,0,0,"0",0,0,0,0,1,0,0,0,0,"0",0,0,0
2020,1123,0,1,0,1,0,0,0,1,0,0,0,1,0,0,"0",0,0,1,1,0,0,1,1,0,"0",0,0,0
2020,736,0,0,0,0,0,0,0,0,1,1,0,0,0,0,"0",1,0,1,1,1,1,0,1,0,"1",0,1,1
2020,459,0,1,0,0,1,0,0,1,0,0,0,0,0,0,"0",1,0,1,1,1,0,0,1,0,"0",0,0,0
2020,320,0,1,0,1,0,1,0,1,0,0,0,1,0,0,"0",1,1,1,1,1,0,0,1,0,"0",0,0,1
2020,45,0,0,0,0,0,0,0,0,0,0,0,1,0,0,"0",1,1,1,1,0,0,0,1,0,"0",0,0,0
2020,618,1,1,0,1,1,1,0,0,1,1,0,0,0,0,"1",1,0,1,1,1,1,0,1,0,"1",0,1,1
2020,463,0,0,0,0,0,0,0,0,1,0,0,0,0,1,"0",1,0,1,1,1,0,0,1,1,"1",0,0,0
2020,891,1,1,0,0,1,0,0,1,0,0,0,0,0,0,"0",1,0,1,1,1,0,0,1,0,"0",0,0,1
2020,958,0,0,0,0,0,0,0,0,1,1,0,1,0,1,"1",0,0,1,0,1,0,0,0,0,"0",0,1,0
2020,244,0,1,0,1,0,1,0,1,0,0,0,1,0,0,"0",1,0,1,1,0,0,0,1,0,"0",1,0,0
2020,28,0,0,0,0,0,0,0,0,0,0,0,1,0,0,"0",0,0,1,0,0,0,0,0,0,"0",0,0,0
2020,444,0,1,0,1,1,1,0,1,1,0,0,0,0,0,"0",1,0,1,1,0,0,0,1,0,"0",1,0,0
2020,479,0,0,0,0,0,0,0,1,0,0,0,1,0,0,"0",1,0,1,1,0,0,0,1,0,"0",0,0,0
2020,285,0,1,1,1,1,1,0,1,0,0,0,0,0,0,"0",1,0,0,1,0,0,0,1,1,"0",0,0,0
2020,253,0,0,0,0,1,0,0,1,0,0,0,0,0,0,"0",1,0,0,0,1,0,0,0,0,"0",0,0,0
2020,481,0,0,0,0,1,0,0,1,0,0,0,0,0,0,"0",0,0,0,0,1,0,0,0,0,"0",0,0,0
2020,540,1,1,1,1,1,0,0,0,0,0,0,0,1,0,"0",1,0,1,1,1,0,0,1,0,"0",0,0,0
2020,332,0,0,0,0,0,0,0,0,0,0,0,0,0,0,"0",1,1,1,1,1,0,0,0,0,"0",0,0,0
2020,41,0,0,0,0,0,0,0,0,0,0,0,0,0,0,"0",0,0,0,0,0,0,0,0,0,"0",0,0,0
2020,510,0,0,0,0,0,0,0,1,0,0,0,0,0,0,"0",1,0,0,0,1,1,0,1,0,"1",1,0,0
2020,305,0,0,0,0,0,0,0,0,1,0,0,0,0,0,"0",1,0,1,1,1,0,0,1,0,"0",0,1,1
2020,708,0,0,0,0,0,0,0,0,0,1,0,0,0,0,"0",1,0,1,1,1,0,0,1,0,"0",0,1,0
2020,755,0,0,0,0,0,0,0,1,1,1,0,1,0,1,"1",0,0,1,0,1,1,0,0,1,"1",0,1,1
2020,750,0,0,0,0,0,0,0,0,1,1,0,0,0,0,"0",1,0,1,1,1,1,0,1,0,"0",0,1,0
2020,696,0,0,0,0,0,0,0,0,1,0,0,1,0,0,"1",1,0,1,1,1,0,1,0,0,"0",0,1,0
2020,421,0,0,0,0,0,0,0,1,1,0,0,0,0,0,"0",1,0,1,1,1,0,0,1,0,"0",0,0,1
2020,827,0,0,0,0,0,0,0,0,1,0,0,1,0,0,"0",0,1,1,1,0,0,1,0,0,"0",0,0,0
2020,933,0,0,0,0,0,0,0,0,1,0,0,0,0,0,"0",1,0,1,1,1,0,0,1,0,"0",0,1,1
2020,1030,1,1,0,1,1,1,1,0,0,0,0,0,0,0,"0",1,0,1,1,0,0,0,1,0,"0",1,0,0
2020,1003,0,0,0,0,0,0,0,0,1,0,0,0,0,0,"0",1,0,1,1,1,0,0,1,0,"0",0,1,1
2020,1050,0,0,0,0,0,0,0,0,1,0,0,0,0,0,"0",0,0,1,1,1,0,1,1,0,"0",0,1,1
2020,1043,1,1,0,0,1,1,0,0,0,0,0,0,0,0,"0",1,0,1,1,1,0,0,1,0,"0",0,0,0
2020,1128,0,0,0,0,0,0,0,0,1,0,0,0,0,0,"0",1,0,1,1,1,0,0,1,0,"0",0,1,1
2020,1125,0,0,0,1,0,1,0,0,1,0,0,1,0,0,"0",1,1,1,1,1,0,0,1,0,"0",0,0,1
2020,1135,0,0,0,0,0,0,0,0,1,0,0,0,0,0,"0",1,0,1,1,1,0,0,1,0,"0",0,1,1
2020,1164,0,0,0,0,0,0,0,0,0,0,0,1,0,0,"0",0,0,1,1,0,0,1,1,0,"0",0,0,0
2020,1165,0,0,0,0,0,0,0,0,0,0,0,0,0,0,"1",0,1,1,1,1,0,1,0,0,"0",0,0,1
2020,934,0,0,0,0,0,0,0,0,1,0,0,1,0,0,"0",0,0,1,0,1,1,0,0,0,"1",0,1,0
2020,629,0,1,0,0,0,0,0,0,0,0,0,0,0,0,"0",1,0,1,0,1,0,0,1,0,"0",0,0,0
2020,21,0,0,0,0,0,1,0,0,1,0,1,1,0,0,"0",0,0,1,1,1,0,1,1,0,"0",0,0,0
2020,615,1,1,0,1,1,1,0,0,0,0,0,0,0,0,"0",0,0,1,1,1,0,1,1,0,"0",0,0,0
2020,626,0,1,0,1,0,1,0,1,0,0,0,1,0,0,"0",1,0,1,1,0,0,0,1,0,"0",0,0,0
2020,417,0,1,0,1,0,1,0,1,1,0,0,1,0,0,"0",1,0,1,1,1,0,0,1,0,"0",1,0,1
2020,597,0,0,0,0,1,0,1,1,1,0,0,1,0,0,"1",0,1,1,1,0,0,0,0,1,"1",0,0,0
2020,539,0,0,0,0,1,0,1,1,1,0,0,1,0,1,"1",1,0,1,1,1,1,1,1,0,"1",0,0,0
2020,343,0,0,0,0,0,0,1,1,1,0,0,1,0,1,"1",0,0,1,1,1,0,1,1,1,"1",0,0,0
2020,135,0,0,0,0,0,0,1,0,0,0,0,1,0,0,"1",1,0,1,1,1,1,0,1,0,"1",0,0,0
2020,158,0,0,0,0,0,0,0,0,0,0,0,1,0,0,"0",1,0,1,1,1,0,0,1,0,"0",0,0,0
2020,775,0,1,0,0,0,0,1,0,0,0,0,0,0,0,"1",0,0,1,1,1,1,1,1,0,"1",0,0,0
2020,177,0,1,0,0,1,0,0,1,0,0,0,0,0,0,"0",0,1,0,0,1,0,0,0,0,"0",0,0,0
2020,578,1,1,0,0,1,0,0,0,1,0,0,0,0,0,"1",0,0,0,1,0,1,1,1,1,"1",0,0,0
2020,416,1,1,0,1,1,1,0,0,0,0,0,0,0,0,"0",1,1,1,1,0,0,0,0,0,"0",0,0,0
2020,561,0,0,0,0,0,0,0,1,1,0,0,1,0,1,"1",1,0,1,0,1,0,0,1,0,"0",0,0,0
2020,62,0,0,0,0,0,0,0,0,0,0,0,0,0,0,"0",0,0,1,0,0,0,1,1,0,"0",0,0,0
2020,828,0,0,0,1,0,1,0,0,0,0,0,1,0,0,"0",1,1,1,1,0,0,0,0,0,"0",1,0,1
2020,860,0,1,0,0,1,1,0,1,0,0,0,0,0,0,"0",0,0,1,1,1,0,1,1,1,"1",1,0,0
2020,935,0,0,0,0,0,1,0,1,1,0,1,1,0,0,"0",0,0,1,1,1,0,1,1,0,"0",1,0,0
2020,936,0,0,0,1,0,1,0,0,0,0,0,1,0,0,"0",1,1,1,1,0,0,0,0,0,"0",1,0,0
2020,986,0,0,0,0,0,0,0,0,1,0,0,1,0,0,"0",0,0,1,1,1,0,1,1,0,"0",0,0,0
2020,987,1,1,0,1,1,1,0,0,0,0,0,0,0,0,"0",0,0,1,1,1,0,1,1,0,"0",1,0,0
2020,1021,0,0,0,1,0,1,0,0,0,0,0,1,0,0,"0",1,1,1,1,0,0,0,1,0,"0",1,0,0
2020,1085,0,0,0,0,0,1,0,1,1,0,1,1,0,0,"0",0,0,1,1,0,0,1,1,0,"0",1,1,0
2020,658,0,0,0,0,0,0,0,0,1,0,0,0,0,1,"0",1,0,1,0,1,0,0,0,1,"1",0,1,0
2020,353,0,0,0,0,0,0,0,0,0,0,0,0,0,0,"0",0,0,1,0,0,1,0,0,0,"1",1,0,1
2020,323,0,0,0,0,0,0,0,0,0,0,0,0,0,0,"0",1,0,0,0,0,0,0,0,0,"0",0,0,0
2020,620,0,0,0,0,0,0,0,0,0,1,0,0,0,0,"0",0,0,1,0,1,0,0,1,0,"0",0,1,1
2020,384,0,0,0,0,0,0,0,0,0,0,0,0,0,0,"0",1,0,1,1,1,1,0,1,0,"1",0,0,0
2020,554,0,0,0,0,0,0,0,0,0,1,0,0,0,0,"0",0,0,1,1,1,0,0,1,1,"1",0,1,0
2020,209,0,0,0,0,0,0,0,1,1,0,0,1,0,0,"0",1,1,1,1,0,0,0,0,0,"0",0,0,0
2020,707,1,0,0,0,0,0,0,0,1,1,0,1,0,0,"0",1,0,1,0,1,1,0,1,0,"1",0,1,0
2020,395,0,0,0,0,0,0,0,1,1,0,0,1,0,1,"1",0,0,1,1,1,0,1,1,0,"0",0,0,0
2020,969,1,1,0,1,1,1,0,1,0,0,0,0,1,1,"1",1,1,1,1,0,0,0,1,1,"1",0,1,0
2020,1052,0,0,0,0,0,0,0,0,0,0,0,0,0,0,"0",1,1,1,1,1,0,1,0,0,"0",0,0,0
2020,739,0,1,0,1,0,0,0,0,1,1,0,1,1,1,"0",1,0,1,1,1,1,0,1,1,"1",0,1,1
2020,613,0,0,0,0,0,0,0,0,0,0,1,0,0,0,"0",1,0,1,1,1,1,0,1,1,"1",0,1,1
2020,593,0,1,0,0,0,0,0,0,1,1,0,1,0,1,"1",1,0,1,1,1,1,0,1,0,"1",0,1,1
2020,704,0,0,0,0,0,0,1,0,1,0,0,0,0,0,"1",1,0,1,1,1,0,0,1,1,"1",0,1,1
2020,686,0,0,0,0,0,0,1,0,0,1,0,0,0,0,"1",1,0,1,1,0,0,0,1,0,"0",1,1,0
2020,257,1,0,0,0,1,1,0,0,0,0,0,0,0,0,"0",1,0,0,1,1,0,0,0,0,"0",0,0,0
2020,681,0,0,0,0,0,0,0,0,0,0,0,0,0,0,"0",1,0,1,1,1,0,1,1,0,"0",0,0,0
2020,286,1,0,0,0,1,1,0,0,0,0,0,0,0,1,"1",1,0,0,0,0,0,0,1,0,"0",0,0,0
2020,255,0,1,0,1,1,1,0,1,0,0,0,0,0,0,"0",1,0,1,1,0,0,0,1,0,"0",0,0,0
2020,79,0,0,0,0,0,0,0,0,0,0,0,0,0,0,"0",0,0,0,0,0,0,0,0,0,"0",0,0,0
2020,81,0,0,0,0,0,0,0,0,0,0,0,1,0,0,"0",1,1,1,1,0,0,0,0,0,"0",0,1,0
2020,688,0,1,0,0,0,0,0,0,0,1,0,0,0,1,"1",1,0,1,1,1,1,0,1,1,"1",0,1,1
2020,531,0,1,0,0,0,0,0,0,1,1,0,1,1,1,"1",1,0,1,1,1,1,0,1,0,"1",0,1,1
2020,514,0,0,0,0,0,0,0,0,1,1,0,1,0,0,"0",1,0,1,1,1,1,0,1,0,"0",1,1,1
2020,499,0,0,0,0,0,0,0,1,1,0,0,1,0,0,"0",1,1,1,1,1,0,0,1,0,"0",0,0,0
2020,532,0,1,0,0,0,0,0,0,0,1,0,0,0,0,"0",1,0,1,1,1,0,0,1,0,"0",0,1,1
2020,190,0,0,0,0,0,0,1,0,1,0,0,0,0,0,"1",1,0,1,1,1,1,0,1,0,"1",0,0,0
2020,598,0,0,1,0,0,0,0,0,0,0,0,0,0,0,"0",1,0,1,1,1,1,0,1,0,"1",0,1,1
2020,260,0,0,0,0,0,0,0,0,0,0,0,0,0,0,"0",1,0,0,0,0,0,0,1,0,"0",0,0,0
2020,838,0,1,0,1,0,1,0,1,0,0,0,1,0,0,"0",1,0,1,1,0,0,0,1,0,"0",1,0,0
2020,839,0,1,0,1,1,0,1,1,0,0,0,0,0,0,"0",1,0,1,1,0,0,0,1,0,"0",0,0,0
2020,851,0,0,0,0,0,0,1,0,0,0,0,0,0,0,"0",0,0,0,0,0,0,1,1,0,"0",0,0,1
2020,852,0,0,0,0,0,0,1,0,1,1,0,1,1,1,"0",1,0,1,1,1,0,0,1,0,"0",0,0,0
2020,988,0,0,0,0,0,1,0,0,0,0,0,1,0,0,"0",0,0,1,1,1,1,1,1,0,"1",1,0,1
2020,1056,1,0,0,0,1,0,1,1,0,0,0,1,0,1,"1",1,0,1,1,1,0,0,1,0,"0",0,0,0
2020,1044,0,0,0,0,0,0,0,0,0,0,0,0,0,0,"0",0,0,0,0,0,0,0,0,0,"0",0,0,0
2020,1114,0,1,0,0,0,0,0,0,1,1,0,1,0,1,"1",0,0,1,1,1,0,1,1,1,"1",0,1,1
2020,1129,0,1,0,1,1,1,0,1,0,1,0,0,0,0,"0",1,0,1,1,0,1,1,1,0,"1",1,0,0
2020,644,0,0,0,0,0,0,0,0,0,1,0,1,0,1,"1",0,0,1,1,1,1,0,1,0,"1",0,1,0
2020,752,0,0,0,0,0,0,0,0,1,1,0,1,1,1,"0",0,0,1,1,1,1,0,1,1,"1",0,1,0
2020,238,0,0,0,1,0,1,1,1,1,1,0,1,0,0,"0",1,1,1,1,1,1,0,0,0,"0",0,1,0
2020,325,0,0,0,0,0,1,0,0,0,0,0,1,0,0,"0",1,1,1,1,1,0,0,1,0,"0",1,0,0
2020,622,0,0,0,0,0,0,0,0,1,0,0,0,0,0,"0",0,0,1,1,1,0,0,1,0,"0",0,0,0
2020,879,0,1,0,0,1,0,0,1,0,0,0,0,0,0,"0",0,0,0,0,0,0,1,1,0,"0",1,0,0
2020,906,0,1,0,0,1,0,0,1,0,0,0,0,0,0,"0",1,0,0,0,0,0,0,1,0,"0",0,0,0
2020,370,0,1,0,1,0,1,0,1,1,0,0,1,0,0,"0",1,1,1,1,0,0,0,1,1,"1",0,0,0
2020,418,0,1,0,0,0,0,1,1,0,0,0,1,0,0,"1",0,0,1,1,1,0,1,1,0,"0",0,0,0
2020,574,0,0,0,0,0,0,0,1,1,0,0,1,0,0,"0",1,0,1,1,1,0,1,1,0,"0",0,0,0
2020,399,0,0,0,0,0,0,0,1,0,0,0,1,0,0,"0",0,0,0,0,0,0,1,1,0,"0",0,0,0
2020,195,0,0,0,0,0,1,0,1,0,0,0,1,0,0,"0",0,1,0,0,0,0,0,1,0,"0",0,0,0
2020,783,0,0,0,0,0,0,1,0,1,0,0,0,0,1,"1",1,0,1,1,1,0,0,1,0,"0",0,0,0
2020,263,1,1,1,0,1,0,0,0,0,0,0,0,0,0,"0",0,0,1,0,0,0,1,1,0,"0",0,0,0
2020,194,0,0,0,1,0,0,0,1,1,0,0,1,0,0,"0",0,0,0,0,0,0,1,1,0,"0",0,0,0
2020,214,0,0,0,0,0,0,0,1,0,0,0,0,0,0,"0",0,0,0,0,0,0,0,1,0,"0",0,0,0
2020,785,1,1,1,1,0,1,0,0,1,0,0,1,1,1,"1",1,0,0,1,0,1,0,1,1,"1",0,0,0
2020,780,0,0,0,0,0,0,0,0,1,0,0,0,0,0,"0",1,0,1,1,1,0,0,1,0,"0",0,0,0
2020,782,0,0,0,0,0,0,0,0,1,0,0,0,0,1,"1",1,1,1,1,1,1,0,0,0,"1",0,0,0
2020,369,0,0,0,0,0,0,0,0,0,0,0,0,0,0,"0",1,1,0,0,1,1,0,0,0,"1",0,0,0
2020,713,0,1,0,0,1,1,0,1,0,0,0,0,0,0,"0",1,0,1,1,1,0,0,1,0,"0",0,0,0
2020,941,0,1,0,0,0,0,0,0,0,0,0,1,0,0,"0",1,1,1,1,0,0,0,0,0,"0",0,0,0
2020,1091,0,0,0,0,0,0,0,0,0,0,0,0,0,0,"0",1,1,1,1,1,0,0,0,0,"0",0,0,0
2020,1045,1,1,0,1,1,1,0,0,0,0,0,0,0,0,"0",1,1,1,1,0,0,0,0,0,"0",0,0,0
2020,1086,1,1,0,1,1,0,1,1,0,0,0,0,1,0,"0",1,0,1,1,1,0,0,1,1,"0",0,0,0
2020,1149,0,0,0,0,0,0,0,0,0,0,0,0,0,0,"0",0,0,0,0,1,1,0,0,0,"1",0,0,0
2020,937,1,1,1,1,1,1,0,0,1,1,0,0,0,0,"1",1,0,0,0,0,0,0,1,0,"1",0,1,0
2020,1004,0,1,0,0,1,0,0,1,0,0,0,0,0,0,"0",0,0,0,0,0,0,1,1,0,"0",0,0,0
2020,737,0,0,0,0,0,0,0,0,1,1,0,0,0,0,"0",0,0,1,1,1,0,0,0,0,"0",0,0,0
2020,765,0,0,0,0,0,0,0,0,1,1,0,0,0,1,"0",0,0,1,0,1,0,0,0,0,"0",0,1,0
2020,329,0,0,0,0,0,0,0,0,1,0,0,1,0,0,"0",0,0,1,1,1,0,0,1,0,"0",1,1,0
2020,87,0,0,0,0,0,0,0,0,0,0,0,0,0,0,"0",1,1,1,1,1,0,0,0,0,"0",0,0,0
2020,527,0,0,0,0,0,0,0,0,1,0,0,0,0,0,"0",1,0,1,1,1,0,0,1,0,"0",1,0,0
2020,562,0,0,0,0,0,0,0,1,0,0,0,0,0,0,"0",0,0,0,1,1,0,0,1,0,"0",0,0,0
2020,251,0,1,0,1,1,1,0,1,0,0,0,0,0,0,"0",1,0,1,1,0,0,0,1,0,"0",0,0,0
2020,129,0,0,0,0,0,1,0,0,0,0,0,1,0,0,"0",1,1,1,1,1,0,0,0,0,"0",0,0,0
2020,154,0,0,0,0,1,0,0,0,0,0,0,0,0,0,"0",1,0,1,0,0,0,0,1,0,"0",0,0,0
2020,516,0,1,0,0,1,1,0,1,0,0,0,0,0,0,"0",1,0,1,1,0,0,0,0,0,"0",0,0,0
2020,184,0,1,0,1,1,1,0,1,0,0,0,0,0,0,"0",1,1,1,1,0,0,0,0,0,"0",0,1,0
2020,652,0,0,0,0,0,0,0,1,0,0,0,0,0,0,"0",1,0,1,1,1,0,0,1,0,"0",0,0,0
2020,637,0,0,0,1,0,0,0,1,0,0,0,0,0,0,"0",1,0,1,1,1,0,0,0,0,"0",0,1,0
2020,88,0,0,0,0,0,0,0,0,0,0,0,0,0,0,"0",0,0,0,0,0,1,0,0,0,"0",0,0,0
2020,907,0,0,0,0,0,0,0,0,0,0,0,0,0,0,"0",1,1,1,1,0,0,0,0,0,"0",0,0,0
2020,970,0,0,0,0,0,0,0,0,0,0,0,0,0,0,"0",1,1,1,1,0,0,0,0,0,"0",0,0,0
2020,1019,0,1,0,0,0,0,0,0,1,0,0,0,0,0,"0",1,0,1,1,0,0,0,1,0,"0",0,1,0
2020,1016,0,0,0,1,1,1,0,1,0,0,0,0,0,0,"0",1,0,1,1,0,0,0,1,0,"0",0,0,0
2020,1161,0,0,0,0,1,0,0,0,0,0,0,0,0,0,"0",0,0,0,1,1,0,0,1,0,"0",0,0,0
2020,1047,0,0,0,0,0,0,0,0,1,0,0,1,0,0,"0",0,0,1,1,1,1,0,0,0,"0",0,1,0
2020,635,0,0,0,0,0,0,0,1,1,0,0,1,0,1,"0",1,0,1,1,1,1,0,0,1,"0",0,1,1
