año,NCODI,camas_instalada,incubadoras_instalada,paritorios_instalada,quirofanos_instalada,salasHemo_instalada,camas_funcionamiento,incubadoras_funcionamiento,paritorios_funcionamiento,quirofanos_funcionamiento,salasHemo_funcionamiento,salas_rx_Hospital,salas_rx_CEP,puesto_HDia_medico,puesto_HDia_psiquiatrico,puesto_HDia_geriatrico,integradasPuestos_HDia_CMA,propiasPuestos_HDia_CMA,propiasQuirofanos_HDia_CMA
2020,113,160,0,0,0,0,150,0,0,0,0,0,0,0,27,0,0,0,0
2020,619,65,0,0,6,1,65,0,0,6,1,3,0,4,0,0,4,0,0
2020,163,20,0,0,4,0,20,0,0,4,0,1,0,0,0,0,0,9,4
2020,131,82,0,0,0,0,35,0,0,0,0,0,0,0,0,0,0,0,0
2020,375,63,0,0,0,0,63,0,0,0,0,1,0,0,0,0,0,0,0
2020,1090,791,23,3,23,2,776,21,3,22,2,10,6,86,4,0,60,0,2
2020,764,697,13,2,16,1,620,13,2,16,1,17,0,16,56,8,32,0,0
2020,14,40,5,2,3,0,40,2,2,3,0,2,0,1,0,0,3,1,3
2020,657,135,3,2,4,0,86,1,1,3,0,3,0,8,0,0,8,0,0
2020,362,65,2,1,3,1,65,0,0,3,1,7,0,0,0,0,8,0,0
2020,989,93,2,1,4,0,54,1,1,4,0,5,0,6,0,0,0,0,0
2020,990,114,1,1,4,0,102,1,1,4,0,2,0,13,0,0,0,8,0
2020,680,776,24,3,28,2,745,24,3,28,2,12,3,48,0,0,3,0,0
2020,411,106,4,1,9,2,106,4,1,9,2,2,0,6,0,0,0,0,0
2020,241,96,3,2,7,1,96,3,2,7,1,2,0,6,0,0,2,0,0
2020,558,287,4,3,9,0,236,4,3,9,0,10,0,30,0,0,5,12,2
2020,248,163,0,0,4,1,163,0,0,4,1,2,2,10,0,0,0,0,0
2020,224,30,1,1,2,0,23,0,0,2,0,1,1,0,0,0,2,2,1
2020,591,446,15,2,18,1,385,15,2,18,1,10,0,63,2,0,0,0,4
2020,586,542,14,2,12,0,508,14,2,12,0,4,4,34,12,0,0,0,0
2020,453,172,0,0,0,0,99,0,0,0,0,2,0,1,0,0,0,0,0
2020,145,96,0,0,0,0,41,0,0,0,0,0,0,0,0,0,0,0,0
2020,511,280,11,2,9,0,283,11,2,9,0,6,3,10,0,0,0,14,0
2020,530,336,8,2,9,0,318,8,2,9,0,6,3,25,0,0,0,2,2
2020,6,66,3,1,8,0,55,3,1,8,0,1,0,0,0,0,5,0,0
2020,161,240,0,0,0,0,240,0,0,0,0,0,0,0,0,0,0,0,0
2020,623,407,14,2,10,2,404,14,2,10,2,8,2,18,0,0,0,0,0
2020,875,127,0,0,6,1,127,0,0,6,1,2,0,6,0,0,0,0,0
2020,946,140,3,1,4,1,140,3,1,4,1,3,0,0,0,0,0,0,0
2020,1023,277,6,2,11,1,229,6,2,11,1,3,0,38,0,0,29,0,0
2020,1054,267,12,2,15,1,211,6,2,13,1,6,1,40,0,0,0,24,2
2020,1057,107,0,0,0,0,83,0,0,0,0,4,0,0,0,0,0,0,0
2020,1031,40,0,0,0,0,14,0,0,0,0,0,0,1,0,0,0,0,0
2020,1032,230,8,8,12,1,192,6,8,12,1,2,0,25,0,0,39,0,0
2020,1064,100,2,2,9,1,100,2,2,9,1,1,0,0,0,0,0,0,0
2020,226,82,2,1,5,1,82,2,1,5,1,2,1,0,0,0,5,0,5
2020,687,202,6,6,7,0,171,6,6,7,0,5,0,24,20,0,0,12,1
2020,745,783,40,13,16,2,783,40,10,17,2,11,4,98,90,0,0,25,0
2020,109,92,3,2,11,1,58,3,2,6,1,4,0,4,0,0,1,0,1
2020,808,291,11,8,9,0,291,8,8,9,0,5,0,20,22,0,0,17,0
2020,971,22,0,0,6,0,22,0,0,6,0,2,0,2,0,0,7,17,0
2020,128,37,1,1,3,0,37,0,0,3,0,1,0,3,0,0,2,2,1
2020,919,436,8,2,9,0,425,8,2,9,0,5,3,24,28,0,0,0,0
2020,1150,80,0,0,0,0,80,0,0,0,0,0,0,0,0,0,0,0,0
2020,725,938,28,3,32,2,808,28,3,29,2,16,0,152,0,0,0,16,2
2020,3,113,0,0,0,0,113,0,0,0,0,0,0,0,0,0,0,0,0
2020,306,281,0,0,0,0,281,0,0,0,0,0,0,0,0,0,0,0,0
2020,15,29,0,0,3,0,20,0,0,2,0,1,0,0,0,0,2,1,0
2020,264,77,3,1,3,0,77,3,1,3,0,2,0,10,0,0,0,0,0
2020,867,9,0,0,2,0,9,0,0,2,0,1,0,0,0,0,0,0,0
2020,910,229,2,1,11,0,220,2,1,10,0,8,0,22,0,0,1,10,1
2020,1053,320,7,2,6,0,286,7,2,6,0,6,1,16,0,0,8,6,1
2020,1055,381,8,3,15,1,400,8,3,14,1,17,0,51,0,0,0,35,5
2020,1081,100,0,0,0,0,70,0,0,0,0,0,0,0,0,0,0,0,0
2020,1115,21,0,0,2,0,11,0,0,2,0,1,0,0,0,0,0,0,0
2020,529,83,0,0,0,0,77,0,0,0,0,1,0,0,0,27,0,0,0
2020,345,168,0,0,0,0,118,0,0,0,0,0,0,0,0,0,0,0,0
2020,515,40,0,0,3,0,40,0,0,3,0,2,0,0,0,0,0,0,0
2020,174,73,0,0,3,0,53,0,0,3,0,0,0,0,0,0,0,0,0
2020,523,197,0,0,3,0,197,0,0,3,0,2,0,0,0,25,0,0,0
2020,697,193,9,3,6,1,193,9,3,6,1,5,0,1,0,0,1,1,1
2020,239,191,0,0,5,1,57,0,0,4,1,3,0,3,0,0,5,0,0
2020,287,291,4,3,11,1,291,4,3,11,1,6,0,1,0,16,0,0,0
2020,377,106,0,0,0,0,80,0,0,0,0,1,0,0,0,0,0,0,0
2020,692,382,8,5,8,1,328,8,5,4,1,3,0,26,15,0,0,11,0
2020,435,39,0,1,3,1,39,0,1,3,1,1,0,0,0,0,0,0,0
2020,423,41,3,1,2,0,36,2,1,2,0,2,0,1,0,0,2,3,2
2020,351,85,0,0,3,0,58,0,0,3,0,2,0,0,0,0,3,2,1
2020,810,15,0,1,1,0,10,0,1,1,0,1,0,0,0,0,1,1,0
2020,830,224,6,2,8,0,224,6,2,8,0,3,0,7,1,0,10,0,2
2020,892,423,19,6,15,0,357,7,6,15,0,5,0,29,24,0,0,31,15
2020,921,169,4,4,9,1,169,4,4,9,1,2,0,1,0,0,6,6,0
2020,991,12,0,1,1,0,12,0,1,1,0,1,0,3,0,0,0,0,0
2020,992,170,6,1,6,0,166,2,1,6,0,4,0,7,15,0,0,12,1
2020,993,142,5,3,6,0,129,5,3,6,0,2,1,28,13,0,0,12,2
2020,1070,897,30,6,27,3,720,25,6,20,3,8,0,43,40,0,0,0,7
2020,1095,70,0,0,2,0,38,0,0,2,0,1,0,0,0,0,0,0,0
2020,1094,34,0,0,4,0,19,0,0,4,0,1,0,0,0,0,0,4,4
2020,1124,15,0,0,3,0,7,0,0,3,0,1,0,0,0,0,5,10,3
2020,473,66,31,7,6,0,66,31,7,6,0,1,0,1,0,0,0,0,4
2020,663,425,9,6,11,1,421,9,6,11,1,4,2,53,13,0,7,0,0
2020,552,188,0,0,6,0,91,0,0,6,0,4,0,16,0,0,14,0,0
2020,772,694,0,0,26,2,694,0,0,26,2,19,0,70,56,50,0,6,0
2020,568,63,0,0,4,0,51,0,0,4,0,2,0,0,0,0,0,6,0
2020,398,123,0,0,5,0,100,0,0,5,0,2,0,0,0,0,0,0,0
2020,394,55,0,0,2,0,29,0,0,2,0,2,0,0,0,0,0,0,0
2020,614,22,0,0,2,0,14,0,0,2,0,0,0,0,0,0,0,7,0
2020,235,32,0,0,4,0,24,0,0,3,0,1,0,0,0,0,0,0,0
2020,616,90,0,0,6,0,63,0,0,6,0,4,0,19,0,0,0,16,0
2020,267,155,3,2,10,1,155,3,2,10,1,3,0,4,0,0,0,6,2
2020,565,168,0,0,5,0,168,0,0,5,0,1,0,14,15,0,0,22,0
2020,220,105,3,3,9,0,94,3,3,9,0,3,0,16,0,0,0,0,0
2020,278,160,6,3,8,0,160,6,3,8,0,0,0,0,0,0,0,0,0
2020,107,112,0,0,0,0,112,0,0,0,0,0,0,0,15,55,0,0,0
2020,711,623,17,3,25,3,609,16,3,25,3,8,0,93,42,0,0,0,0
2020,204,116,0,0,0,0,116,0,0,0,0,1,0,0,0,22,0,0,0
2020,348,152,0,0,2,0,123,0,0,2,0,1,0,70,0,0,0,0,0
2020,766,116,0,0,8,0,110,0,0,8,0,5,0,8,0,0,0,0,0
2020,761,386,0,0,0,0,386,0,0,0,0,0,0,0,25,60,0,0,0
2020,728,334,0,0,22,0,286,0,0,22,0,6,0,12,35,0,0,17,4
2020,280,152,12,4,11,1,152,12,4,11,1,5,0,13,0,0,0,16,3
2020,222,44,0,0,6,0,44,0,0,6,0,1,0,1,0,0,0,0,0
2020,276,202,10,3,15,1,202,10,3,15,1,2,0,16,0,0,17,0,0
2020,11,166,0,0,10,1,166,0,0,10,1,4,0,14,0,0,0,0,0
2020,302,30,2,1,3,0,30,2,1,3,0,0,0,0,0,0,0,0,0
2020,682,161,0,0,8,0,161,0,0,8,0,1,0,11,0,0,0,0,0
2020,279,181,20,5,14,1,181,20,5,14,1,4,0,10,0,0,0,10,4
2020,282,265,11,3,22,3,265,11,3,22,3,8,0,11,0,0,0,31,4
2020,281,270,8,5,10,1,270,8,4,10,1,3,0,10,0,0,0,15,0
2020,183,30,0,0,3,0,30,0,0,3,0,1,0,6,0,0,0,0,0
2020,610,20,0,0,5,0,20,0,0,5,0,0,0,0,0,0,19,20,5
2020,116,427,0,0,0,0,395,0,0,0,0,0,0,0,0,20,0,0,0
2020,115,50,0,0,0,0,50,0,0,0,0,1,0,0,0,0,0,0,0
2020,114,74,0,0,0,0,74,0,0,0,0,0,0,0,0,0,0,0,0
2020,119,30,0,0,4,0,30,0,0,4,0,1,0,0,0,0,0,0,0
2020,770,867,25,3,24,2,867,15,3,24,2,17,0,47,10,0,0,13,4
2020,583,130,0,0,4,0,116,0,0,4,0,4,0,23,0,0,0,0,4
2020,136,209,0,0,0,0,209,0,0,0,0,1,0,0,0,46,0,0,0
2020,469,108,2,1,3,1,101,2,1,3,1,2,0,12,0,15,9,9,0
2020,642,228,2,2,5,0,228,2,2,5,0,8,0,8,0,20,0,14,0
2020,674,365,37,6,16,1,343,37,6,16,1,10,1,24,74,0,0,26,5
2020,193,149,0,0,0,0,149,0,0,0,0,1,0,0,0,17,0,0,0
2020,526,300,10,3,9,0,300,4,3,9,0,8,0,40,0,70,0,10,0
2020,698,759,0,0,33,2,714,0,0,33,2,10,0,41,10,0,0,24,7
2020,630,81,3,2,10,0,68,3,2,10,0,4,0,8,0,0,0,11,0
2020,124,123,0,0,0,0,123,0,0,0,0,0,0,0,0,40,0,0,0
2020,364,74,0,0,0,0,68,0,0,0,0,0,0,0,0,35,0,0,0
2020,439,60,4,2,5,0,60,4,2,5,0,2,0,4,0,0,0,0,1
2020,570,499,8,5,17,0,499,8,5,17,0,5,0,61,31,0,0,0,2
2020,123,191,0,0,0,0,154,0,0,0,0,0,0,0,0,58,0,0,0
2020,310,426,0,0,0,0,426,0,0,0,0,0,0,0,55,55,0,0,0
2020,571,137,2,2,5,0,137,1,2,5,0,3,0,16,0,0,0,1,1
2020,296,177,0,0,0,0,177,0,0,0,0,1,0,0,0,20,0,0,0
2020,566,170,4,3,8,0,118,4,3,7,0,3,0,20,20,0,11,0,0
2020,784,806,18,6,19,0,806,18,6,19,0,7,0,109,60,18,0,17,4
2020,102,647,0,0,0,0,647,0,0,0,0,1,0,0,16,20,0,0,0
2020,639,256,1,5,7,0,213,1,5,7,0,0,0,6,0,0,0,8,0
2020,457,78,0,0,2,0,68,0,0,2,0,2,0,2,0,0,10,0,0
2020,609,348,22,2,15,2,312,14,2,15,2,17,0,8,0,0,9,0,0
2020,101,82,0,0,0,0,82,0,0,0,0,0,0,0,0,20,0,0,0
2020,454,236,2,1,4,0,233,1,1,4,0,3,0,20,0,0,0,4,1
2020,318,356,0,0,0,0,342,0,0,0,0,0,0,0,20,25,0,0,0
2020,600,177,2,5,8,0,138,2,5,8,0,3,0,20,0,0,0,16,0
2020,545,465,7,4,14,0,361,7,4,14,0,5,0,56,20,33,0,0,0
2020,100,78,0,0,0,0,75,0,0,0,0,0,0,0,0,32,0,0,0
2020,702,399,8,6,18,2,390,8,6,18,2,8,0,36,50,0,0,0,0
2020,778,266,3,5,10,0,200,3,5,8,0,2,0,60,22,0,0,22,3
2020,341,65,0,0,2,0,65,0,0,2,0,2,0,0,0,0,0,0,0
2020,99,103,0,0,0,0,100,0,0,0,0,0,0,0,0,50,0,0,0
2020,767,123,0,0,5,0,123,0,0,5,0,6,0,8,0,0,0,0,0
2020,359,110,0,0,2,0,110,0,0,2,0,2,0,0,0,30,4,8,2
2020,98,114,0,0,0,0,111,0,0,0,0,0,0,0,0,25,0,0,0
2020,132,121,0,0,0,0,121,0,0,0,0,0,0,0,0,0,0,0,0
2020,97,124,0,0,0,0,120,0,0,0,0,0,0,0,0,30,0,0,0
2020,103,41,0,0,0,0,40,0,0,0,0,0,0,0,0,20,0,0,0
2020,110,101,0,0,0,0,101,0,0,0,0,0,0,0,0,0,0,0,0
2020,94,30,0,0,0,0,30,0,0,0,0,0,0,0,0,0,0,0,0
2020,91,75,0,0,0,0,75,0,0,0,0,0,0,0,0,20,0,0,0
2020,664,373,3,2,13,0,373,3,2,13,0,8,0,55,25,0,17,0,0
2020,918,1270,45,6,39,3,1106,45,6,39,3,9,0,159,0,0,0,0,6
2020,92,56,0,0,0,0,56,0,0,0,0,0,0,0,0,0,0,0,0
2020,95,167,0,0,0,0,167,0,0,0,0,0,0,0,0,23,0,0,0
2020,301,20,0,0,4,0,20,0,0,4,0,2,1,3,0,0,0,0,0
2020,492,120,2,1,6,0,99,2,1,5,0,3,0,17,0,0,0,11,1
2020,811,68,1,1,1,1,68,1,1,1,1,0,1,3,0,0,0,0,0
2020,812,85,0,0,1,0,85,0,0,1,0,0,0,40,0,0,0,0,0
2020,832,20,0,0,0,0,20,0,0,0,0,0,0,0,0,0,0,0,0
2020,841,12,0,0,0,0,12,0,0,0,0,0,0,0,0,19,0,0,0
2020,856,115,0,0,0,0,84,0,0,0,0,0,0,0,0,30,0,0,0
2020,859,90,0,0,0,0,90,0,0,0,0,0,0,0,20,0,0,0,0
2020,861,40,0,0,0,0,40,0,0,0,0,0,0,0,0,0,0,0,0
2020,880,93,0,0,0,0,88,0,0,0,0,0,0,0,0,40,0,0,0
2020,883,153,0,0,0,0,153,0,0,0,0,0,0,0,16,0,0,0,0
2020,884,141,0,0,0,0,96,0,0,0,0,0,0,0,0,30,0,0,0
2020,877,38,0,0,0,0,38,0,0,0,0,0,0,0,0,0,0,0,0
2020,911,366,0,0,0,0,366,0,0,0,0,0,0,0,0,33,0,0,0
2020,913,30,0,0,0,0,30,0,0,0,0,0,0,0,19,0,0,0,0
2020,922,87,5,3,9,1,85,5,3,9,1,2,0,0,0,0,15,2,2
2020,923,155,0,0,0,0,155,0,0,0,0,0,0,0,0,0,0,0,0
2020,924,46,0,0,0,0,46,0,0,0,0,0,0,20,0,0,0,0,0
2020,947,33,0,0,0,0,33,0,0,0,0,0,0,0,0,0,0,0,0
2020,951,51,0,0,0,0,51,0,0,0,0,0,0,0,0,21,0,0,0
2020,1103,123,0,0,0,0,121,0,0,0,0,0,0,0,0,30,0,0,0
2020,972,27,0,0,0,0,27,0,0,0,0,0,0,0,0,0,0,0,0
2020,973,51,0,0,2,1,30,0,0,2,1,2,0,0,0,0,15,10,2
2020,974,153,0,0,0,0,153,0,0,0,0,0,0,0,0,0,0,0,0
2020,975,103,0,0,0,0,103,0,0,0,0,0,0,0,0,25,0,0,0
2020,960,187,0,0,0,0,187,0,0,0,0,0,0,0,0,40,0,0,0
2020,1028,5,0,0,0,0,5,0,0,0,0,0,0,0,0,0,0,0,0
2020,976,195,0,0,0,0,175,0,0,0,0,0,0,0,15,35,0,0,0
2020,977,174,0,0,0,0,174,0,0,0,0,0,0,0,0,0,0,0,0
2020,1020,22,0,0,0,0,22,0,0,0,0,0,0,0,15,0,0,0,0
2020,994,245,6,3,5,0,238,6,3,5,0,6,0,23,0,0,0,30,0
2020,995,84,0,0,0,0,78,0,0,0,0,0,0,0,0,30,0,0,0
2020,1060,25,0,0,0,0,25,0,0,0,0,0,0,0,35,0,0,0,0
2020,1005,56,0,0,0,0,56,0,0,0,0,0,0,0,0,0,0,0,0
2020,1061,10,0,0,0,0,10,0,0,0,0,0,0,0,0,0,0,0,0
2020,1062,38,0,0,0,0,38,0,0,0,0,0,0,0,0,0,0,0,0
2020,1006,52,0,0,0,0,52,0,0,0,0,0,0,0,20,0,0,0,0
2020,1088,10,0,0,3,0,10,0,0,3,0,1,0,10,0,0,10,8,3
2020,1089,73,2,2,9,0,62,2,2,9,0,3,0,6,0,0,0,8,0
2020,1076,4,0,0,0,0,4,0,0,0,0,0,0,0,0,0,0,0,0
2020,1078,98,0,0,0,0,98,0,0,0,0,0,0,0,0,0,0,0,0
2020,1033,421,0,0,12,0,358,0,0,12,0,4,0,47,0,0,0,8,0
2020,1037,35,0,0,0,0,35,0,0,0,0,0,0,0,30,0,0,0,0
2020,1039,60,0,0,0,0,60,0,0,0,0,0,0,0,20,0,0,0,0
2020,1067,209,0,0,0,0,209,0,0,0,0,0,0,0,0,50,0,0,0
2020,1065,224,0,0,0,0,224,0,0,0,0,1,0,0,0,0,0,0,0
2020,1066,96,4,3,9,0,96,4,3,9,0,2,3,6,0,0,0,12,0
2020,1100,109,0,0,0,0,73,0,0,0,0,0,0,0,0,23,0,0,0
2020,1105,245,0,0,0,0,245,0,0,0,0,0,0,0,0,0,0,0,0
2020,1107,17,0,0,3,0,17,0,0,3,0,0,0,0,0,0,0,17,3
2020,1111,90,0,0,0,0,90,0,0,0,0,0,0,0,10,0,0,0,0
2020,1121,40,0,0,0,0,40,0,0,0,0,0,0,0,0,0,0,0,0
2020,1119,46,0,0,0,0,46,0,0,0,0,0,0,0,0,0,0,0,0
2020,207,92,2,2,7,0,92,2,2,7,0,4,0,8,0,0,0,0,0
2020,431,160,0,0,1,0,90,0,0,1,0,1,0,2,0,0,0,2,1
2020,387,127,4,2,3,0,114,2,2,3,0,3,0,6,0,0,0,0,0
2020,179,75,0,0,0,0,75,0,0,0,0,1,0,0,0,0,0,0,0
2020,606,108,3,2,3,0,108,3,2,3,0,4,1,16,0,0,0,0,0
2020,925,865,28,8,24,1,819,28,8,21,1,15,0,58,49,0,60,0,0
2020,541,103,6,2,5,0,81,6,2,4,0,3,0,1,0,0,0,0,0
2020,797,98,2,2,5,0,98,2,2,4,0,5,0,4,0,0,0,8,0
2020,627,250,8,2,7,0,244,6,2,6,0,3,3,16,0,0,0,6,0
2020,173,330,0,0,0,0,330,0,0,0,0,0,0,0,4,0,0,0,0
2020,636,539,20,3,17,2,577,20,3,17,2,10,0,22,0,18,0,20,3
2020,205,34,0,0,3,0,34,0,0,3,0,1,0,0,0,0,0,5,0
2020,814,20,0,0,1,0,20,0,0,1,0,1,0,0,0,0,0,0,0
2020,881,36,0,0,3,1,36,0,0,3,1,1,0,1,0,0,0,0,3
2020,771,692,22,2,24,2,692,22,2,24,2,8,1,93,0,0,45,0,0
2020,533,58,3,1,3,1,27,2,1,3,1,1,0,1,0,0,4,9,1
2020,447,176,2,1,7,0,58,2,1,4,0,2,0,8,0,0,0,0,1
2020,815,14,0,1,3,0,9,0,0,3,0,1,0,0,0,0,0,0,0
2020,801,461,19,2,12,2,461,16,2,12,2,8,0,51,15,0,12,0,0
2020,800,130,0,0,5,0,82,0,0,3,0,1,0,0,0,0,0,0,0
2020,389,290,2,2,4,0,290,2,2,4,0,2,0,1,0,0,0,8,1
2020,695,339,5,2,12,2,339,5,2,12,2,7,2,43,4,0,0,20,3
2020,1157,20,0,0,2,0,20,0,0,2,0,1,0,6,0,0,0,0,
2020,1163,13,0,0,3,0,13,0,0,3,0,1,0,0,0,0,2,1,3
2020,816,110,3,1,5,0,88,1,1,5,0,1,0,7,0,0,0,10,2
2020,833,110,2,1,5,0,110,2,1,5,0,3,0,5,0,0,9,10,1
2020,870,94,2,2,7,1,60,1,2,7,1,2,0,1,0,0,0,0,0
2020,927,51,1,1,2,0,45,0,1,2,0,1,0,1,0,0,0,0,1
2020,961,419,13,5,17,1,419,13,5,17,1,11,0,40,15,0,0,24,
2020,962,34,0,0,3,0,18,0,0,3,0,1,0,0,0,0,2,0,3
2020,1079,40,2,1,2,1,13,1,1,2,1,1,0,0,0,0,0,0,0
2020,1101,66,3,2,4,1,45,1,1,3,1,1,0,1,0,0,2,0,0
2020,666,513,25,2,16,1,513,25,2,16,1,5,5,12,0,0,0,23,0
2020,392,142,0,0,0,0,142,0,0,0,0,2,0,0,0,0,0,0,0
2020,790,226,0,0,7,0,236,0,0,4,0,4,0,36,60,0,6,0,0
2020,650,171,2,2,5,0,164,2,2,5,0,3,0,11,0,0,0,9,0
2020,876,258,9,2,10,0,267,9,2,10,0,5,0,20,0,0,0,9,0
2020,944,28,0,0,4,0,15,0,0,4,0,2,0,0,0,0,0,0,0
2020,952,96,12,2,10,0,90,12,2,10,0,3,0,5,0,0,0,0,1
2020,54,85,0,0,0,0,85,0,0,0,0,0,0,0,30,0,0,0,0
2020,367,47,0,0,4,0,19,0,0,3,0,1,0,1,0,0,0,0,0
2020,538,362,8,2,11,0,320,8,2,10,0,5,1,22,12,0,0,19,4
2020,557,118,3,2,5,0,78,3,2,2,0,3,0,15,0,0,0,6,0
2020,653,141,5,2,5,0,135,2,2,5,0,5,2,14,0,0,6,0,0
2020,647,103,2,3,6,0,102,0,3,5,0,4,0,2,0,0,0,6,0
2020,978,564,23,2,13,1,564,22,2,13,1,14,1,18,18,0,0,23,0
2020,996,155,3,1,4,0,78,3,1,4,0,3,0,9,0,0,12,12,0
2020,729,1100,28,8,37,4,1100,28,8,37,4,15,2,131,20,0,33,10,4
2020,182,98,0,1,8,1,98,0,1,8,1,1,0,8,0,0,0,0,0
2020,633,151,4,2,8,1,131,4,2,8,1,2,0,0,0,0,0,24,0
2020,685,212,9,3,7,0,212,9,3,7,0,5,0,12,20,0,12,0,0
2020,683,127,4,2,5,0,127,4,2,5,0,3,0,4,0,0,4,0,0
2020,945,85,2,2,4,0,75,2,2,4,0,3,0,5,0,0,8,0,0
2020,953,4,0,0,4,0,2,0,0,2,0,0,0,0,0,0,0,0,0
2020,1022,24,0,0,2,0,24,0,0,2,0,3,0,2,,,,,
2020,1049,18,0,0,2,0,18,0,0,2,0,2,0,8,,,0,,
2020,1151,134,8,3,8,1,85,8,3,8,1,1,0,8,0,0,8,0,0
2020,794,1348,28,3,33,3,1331,28,3,33,3,8,6,91,25,0,7,0,0
2020,415,56,0,0,4,0,56,0,0,4,0,1,0,24,0,0,0,0,0
2020,592,108,0,1,6,0,96,0,1,6,0,2,0,0,0,0,7,0,0
2020,497,120,0,0,5,1,120,0,0,5,1,2,0,0,0,0,0,0,0
2020,726,483,16,2,12,0,437,16,2,12,0,9,1,28,15,0,0,8,4
2020,272,142,0,0,4,0,101,0,0,4,0,3,0,0,0,0,0,0,0
2020,805,1389,35,3,31,4,1234,35,3,31,4,16,3,43,50,0,0,0,7
2020,64,98,0,0,0,0,84,0,0,0,0,0,0,0,0,0,0,0,0
2020,842,81,0,1,4,0,81,0,1,4,0,3,0,0,0,0,9,0,0
2020,843,78,2,1,3,0,78,2,1,3,0,4,0,4,0,0,3,4,0
2020,1127,143,10,2,10,1,143,9,2,10,1,4,0,3,0,0,0,0,0
2020,1158,113,2,1,14,0,110,2,1,13,0,2,0,13,0,0,0,0,0
2020,803,388,7,2,11,1,402,7,2,8,1,6,2,26,10,0,14,0,0
2020,211,30,0,0,3,0,30,0,0,3,0,3,0,0,0,0,3,3,3
2020,773,419,28,3,11,2,370,28,3,11,2,3,0,24,0,0,0,0,1
2020,424,48,2,1,3,0,48,2,1,3,0,2,0,8,0,0,8,4,1
2020,298,114,5,1,7,1,114,4,1,7,1,6,0,2,0,0,10,0,0
2020,594,28,1,0,3,0,19,0,0,3,0,1,0,0,0,0,14,14,3
2020,237,101,0,0,3,0,99,0,0,3,0,3,0,0,0,25,0,0,0
2020,16,23,0,0,0,0,23,0,0,0,0,0,0,0,0,0,0,0,0
2020,768,80,1,1,2,0,73,1,1,2,0,2,0,6,0,25,5,0,0
2020,617,155,3,5,6,0,138,3,5,6,0,3,0,10,0,0,0,15,0
2020,297,22,0,1,3,0,22,0,0,3,0,1,0,0,0,0,0,0,0
2020,105,63,0,0,0,0,63,0,0,0,0,0,0,0,0,10,0,0,0
2020,544,136,1,3,4,0,136,1,3,4,0,3,0,10,0,17,10,0,0
2020,804,142,2,4,5,0,117,2,4,5,0,3,0,11,0,0,15,0,0
2020,104,128,0,0,0,0,128,0,0,0,0,0,0,0,50,0,0,0,0
2020,20,36,0,0,0,0,36,0,0,0,0,0,0,0,0,0,0,0,0
2020,550,96,0,0,4,0,96,0,0,4,0,6,0,12,0,0,0,14,0
2020,112,24,0,0,0,0,24,0,0,0,0,0,0,0,0,25,0,0,0
2020,818,103,0,0,0,0,103,0,0,0,0,0,0,0,0,17,0,0,0
2020,882,52,0,0,0,0,52,0,0,0,0,0,0,0,0,20,0,0,0
2020,914,123,0,0,0,0,123,0,0,0,0,0,0,0,0,40,0,0,0
2020,928,39,0,0,0,0,39,0,0,0,0,0,0,25,0,0,0,0,0
2020,964,281,4,3,7,0,281,4,3,7,0,3,0,26,0,0,6,0,0
2020,1026,107,0,0,0,0,107,0,0,0,0,0,0,0,0,20,0,0,0
2020,1068,160,0,0,0,0,80,0,0,0,0,0,0,0,0,32,0,0,0
2020,1108,64,2,2,4,0,44,2,2,4,0,2,0,5,0,0,5,0,0
2020,404,124,0,0,2,0,124,0,0,2,0,1,0,0,0,0,0,7,2
2020,270,91,3,3,8,1,91,3,3,8,1,1,0,3,1,0,0,0,0
2020,676,121,4,4,5,0,121,4,4,5,0,4,0,11,0,0,,15,1
2020,709,178,3,4,7,1,178,3,4,7,1,6,0,18,20,0,11,16,1
2020,754,879,18,4,43,2,879,18,4,43,2,15,0,171,99,0,16,31,11
2020,997,50,0,2,2,0,50,0,2,2,0,2,0,3,0,0,10,0,0
2020,1069,24,0,0,1,0,22,0,0,1,0,2,0,2,,,6,,
2020,1118,73,2,2,9,1,73,1,1,7,1,6,0,6,10,0,5,23,0
2020,1116,514,8,6,27,2,514,8,6,23,2,6,0,138,20,0,52,0,0
2020,734,432,8,1,12,2,377,8,1,12,2,6,2,34,37,12,0,26,0
2020,299,57,0,0,2,0,39,0,0,2,0,1,0,0,0,0,0,3,2
2020,1046,147,0,0,0,0,76,0,0,0,0,0,0,0,0,0,0,0,0
2020,420,26,0,0,3,0,26,0,0,3,0,4,0,0,0,0,0,0,0
2020,802,129,0,0,0,0,105,0,0,0,0,1,0,0,0,0,0,0,0
2020,266,164,4,1,11,2,164,4,1,11,2,4,0,1,0,0,1,17,1
2020,769,107,0,0,3,0,40,0,0,3,0,8,0,35,0,0,0,0,0
2020,776,95,1,0,5,0,94,1,0,5,0,3,2,7,0,0,0,4,1
2020,640,105,1,3,6,0,75,1,3,5,0,3,0,4,0,0,8,0,0
2020,315,489,0,0,0,0,489,0,0,0,0,0,0,0,20,222,0,0,0
2020,40,276,0,0,0,0,276,0,0,0,0,0,0,0,0,0,0,0,0
2020,508,120,0,0,5,0,106,0,0,5,0,1,3,1,0,0,4,0,0
2020,46,80,0,0,0,0,80,0,0,0,0,0,0,0,0,0,0,0,0
2020,590,128,1,4,6,0,122,1,4,6,0,4,2,10,0,0,1,0,1
2020,777,148,2,4,5,0,130,2,4,5,0,8,8,20,0,0,0,0,0
2020,897,1171,23,9,34,1,1076,22,9,33,1,9,13,55,0,0,57,12,3
2020,965,88,0,0,0,0,81,0,0,0,0,0,0,0,0,0,0,0,0
2020,671,236,0,0,8,0,236,0,0,8,0,6,0,24,0,0,0,8,0
2020,376,33,1,1,5,0,29,1,1,5,0,2,0,0,0,0,0,0,0
2020,621,115,1,2,4,0,115,1,2,4,0,4,0,12,0,0,12,0,0
2020,793,584,23,8,21,2,584,23,8,21,2,9,8,62,32,0,12,27,7
2020,1102,55,4,2,6,1,40,1,1,5,1,1,0,2,0,0,5,0,0
2020,1147,60,1,1,4,0,31,0,0,3,0,1,0,0,0,0,0,0,0
2020,712,297,2,2,8,0,242,2,2,6,0,5,0,18,0,0,7,0,0
2020,32,110,0,0,0,0,107,0,0,0,0,0,0,0,15,0,0,0,0
2020,361,70,0,0,0,0,70,0,0,0,0,1,0,0,0,12,0,0,0
2020,486,40,1,1,3,0,30,0,0,3,0,1,0,0,0,0,0,0,0
2020,595,189,4,2,4,0,170,4,2,4,0,2,1,23,0,0,8,0,0
2020,433,50,0,2,2,0,44,0,2,2,0,2,0,0,0,0,5,0,0
2020,1058,24,0,0,1,0,20,0,0,1,0,1,0,0,0,0,0,0,0
2020,261,39,0,0,4,0,39,0,0,4,0,1,0,0,0,0,0,0,0
2020,730,181,4,2,7,0,181,4,2,7,0,7,0,21,20,0,0,16,0
2020,577,231,6,2,7,0,231,6,2,6,0,5,0,10,0,0,0,18,0
2020,788,751,27,4,24,2,751,27,4,24,2,11,5,113,53,0,1,1,5
2020,865,121,3,2,6,0,95,3,2,4,0,4,0,7,0,0,0,0,0
2020,979,25,0,0,2,0,25,0,0,2,0,2,0,2,0,0,0,0,0
2020,998,26,0,0,1,0,19,0,0,1,0,1,0,2,0,0,0,0,0
2020,1072,28,0,0,2,0,28,0,0,2,0,2,0,2,,,,8,2
2020,221,120,0,0,2,0,90,0,0,2,0,3,0,0,0,0,0,0,0
2020,506,75,3,2,6,0,75,3,2,6,0,2,0,0,0,0,0,0,4
2020,727,413,9,3,11,0,377,9,3,7,0,9,0,22,0,0,11,0,0
2020,355,72,0,0,2,0,60,0,0,2,0,3,0,0,0,0,0,0,0
2020,487,297,0,0,6,0,285,0,0,6,0,2,0,0,0,0,0,0,0
2020,938,1036,17,2,21,2,964,16,2,21,2,6,10,20,10,0,0,0,2
2020,999,15,0,0,0,0,12,0,0,0,0,1,0,0,0,0,0,0,0
2020,798,480,16,2,14,1,386,16,2,14,1,8,0,80,0,0,10,10,2
2020,504,192,0,0,5,0,187,0,0,5,0,5,0,15,20,20,0,8,0
2020,247,43,1,1,3,0,43,1,1,3,0,2,1,6,0,0,5,5,2
2020,216,55,2,1,3,0,49,2,1,3,0,2,0,2,0,0,3,3,1
2020,65,75,0,0,0,0,75,0,0,0,0,0,0,0,0,0,0,0,0
2020,472,78,2,1,3,0,76,1,1,3,0,2,0,4,0,9,0,0,0
2020,427,36,0,0,0,0,36,0,0,0,0,1,0,0,0,10,0,0,0
2020,491,64,2,1,2,0,60,2,1,2,0,2,0,3,0,0,8,0,0
2020,551,30,1,1,1,0,30,1,1,1,0,1,0,4,0,0,0,0,0
2020,106,120,0,0,0,0,120,0,0,0,0,0,0,0,0,17,0,0,0
2020,819,137,0,0,0,0,137,0,0,0,0,0,0,0,0,0,0,0,0
2020,836,20,0,0,0,0,20,0,0,0,0,0,0,0,0,0,0,0,0
2020,915,126,0,0,0,0,126,0,0,0,0,0,0,0,0,23,0,0,0
2020,942,14,0,0,0,0,12,0,0,0,0,0,0,0,0,0,0,0,0
2020,1140,130,0,0,0,0,125,0,0,0,0,0,0,0,0,0,0,0,0
2020,748,590,12,3,22,1,609,12,3,14,1,11,4,26,27,0,0,26,7
2020,198,87,0,0,0,0,87,0,0,0,0,0,0,0,0,0,0,0,0
2020,871,80,1,3,4,0,57,1,3,4,0,3,0,13,0,0,11,0,0
2020,948,52,0,1,3,1,52,0,1,3,1,2,0,0,0,0,0,0,0
2020,1051,140,0,0,0,0,137,0,0,0,0,0,0,0,0,0,0,0,0
2020,1083,26,0,0,0,0,26,0,0,0,0,0,0,0,0,0,0,0,0
2020,1096,75,0,0,0,0,75,0,0,0,0,1,0,0,0,0,0,0,0
2020,1159,2,0,0,1,0,2,0,0,1,0,0,0,0,0,0,0,0,0
2020,679,913,13,1,18,1,814,13,1,18,1,22,0,21,15,9,0,0,0
2020,176,75,0,0,5,0,75,0,0,5,0,1,0,4,0,0,0,0,0
2020,537,43,0,0,6,0,43,0,0,5,0,2,0,6,0,0,3,1,2
2020,608,156,8,2,6,0,156,8,2,5,0,7,0,19,0,0,0,4,0
2020,596,147,5,1,4,0,144,1,1,4,0,5,0,15,0,0,0,0,0
2020,749,857,0,0,45,3,811,0,0,24,3,29,6,79,21,0,36,9,4
2020,758,1196,50,5,38,3,1080,41,4,38,3,14,6,60,35,0,32,30,5
2020,1104,861,17,2,24,3,758,17,2,24,3,12,7,103,55,14,15,18,8
2020,567,156,0,0,11,0,118,0,0,6,0,2,0,0,50,0,0,30,3
2020,677,524,0,0,14,2,384,0,0,10,2,5,1,52,10,0,22,0,0
2020,670,170,0,0,6,0,140,0,0,6,0,3,0,45,30,0,10,10,0
2020,588,156,0,0,9,0,132,0,0,5,0,2,0,15,0,18,12,0,0
2020,753,1239,66,9,40,5,1091,49,9,26,5,9,4,171,44,0,0,55,12
2020,887,324,0,0,0,0,274,0,0,0,0,1,0,0,16,0,0,0,0
2020,245,165,5,2,10,1,165,5,2,10,1,4,0,0,0,0,0,0,0
2020,603,188,6,2,8,1,156,6,2,8,1,3,0,5,0,0,8,4,1
2020,426,71,0,0,3,0,71,0,0,3,0,3,0,0,0,0,0,0,0
2020,232,84,12,2,5,0,79,12,2,5,0,1,0,0,0,0,5,5,2
2020,288,163,0,0,7,0,163,0,0,7,0,5,0,9,0,0,0,9,2
2020,246,82,6,2,8,0,82,6,2,8,0,2,0,6,0,0,0,0,0
2020,284,168,12,1,12,1,168,8,1,12,1,4,0,0,0,0,0,0,0
2020,18,145,0,0,0,0,103,0,0,0,0,0,0,0,0,0,0,0,0
2020,356,99,0,0,0,0,99,0,0,0,0,0,0,0,60,0,0,0,0
2020,401,285,0,0,0,0,285,0,0,0,0,1,0,1,0,0,0,0,0
2020,733,651,15,5,22,1,512,9,5,22,1,5,4,26,4,0,7,0,3
2020,243,76,0,0,5,0,76,0,0,5,0,2,0,0,0,0,0,6,1
2020,380,250,0,0,0,0,207,0,0,0,0,1,0,30,0,0,0,0,0
2020,716,74,0,0,9,0,74,0,0,9,0,2,0,16,0,0,,0,
2020,534,89,0,0,7,1,89,0,0,7,1,4,0,7,0,0,0,0,0
2020,185,92,0,0,11,1,68,0,0,10,1,2,0,0,0,0,8,0,0
2020,258,152,0,0,10,1,72,0,0,10,1,3,0,12,0,0,4,4,3
2020,505,20,0,0,5,0,20,0,0,5,0,1,0,0,0,0,0,0,0
2020,268,173,0,0,10,1,173,0,0,10,1,1,0,20,0,0,,0,0
2020,602,143,7,2,10,1,143,7,2,10,1,2,0,3,0,0,4,0,0
2020,254,142,6,6,10,1,142,6,6,10,1,2,0,16,0,0,5,0,0
2020,705,116,14,3,7,1,116,14,3,7,1,3,0,7,0,0,3,0,0
2020,133,60,10,2,3,0,45,6,2,3,0,1,0,0,0,0,0,0,0
2020,33,96,0,0,0,0,96,0,0,0,0,0,0,0,20,0,0,0,0
2020,143,67,0,0,0,0,67,0,0,0,0,0,0,1,1,0,0,0,0
2020,36,190,0,0,0,0,146,0,0,0,0,0,0,0,30,0,0,0,0
2020,756,475,3,3,16,2,343,3,3,16,2,5,0,14,1,0,0,0,0
2020,662,507,10,3,15,1,452,9,3,10,1,6,4,23,30,0,18,0,0
2020,192,192,0,0,0,0,179,0,0,0,0,1,0,0,0,0,0,0,0
2020,382,371,0,0,0,0,371,0,0,0,0,1,0,0,0,0,0,0,0
2020,322,598,0,0,0,0,581,0,0,0,0,1,0,0,0,0,0,0,0
2020,478,133,0,0,5,0,133,0,0,5,0,4,0,0,0,0,0,0,0
2020,352,144,0,0,0,0,110,0,0,0,0,1,0,0,0,0,0,0,0
2020,628,386,7,4,14,1,353,7,4,8,1,10,5,40,0,0,0,0,0
2020,495,116,0,0,6,0,58,0,0,6,0,3,0,0,0,0,0,6,0
2020,845,328,11,4,12,0,274,11,3,8,0,5,2,19,30,0,3,23,3
2020,498,91,4,2,6,0,77,3,1,4,0,2,0,3,0,0,6,0,0
2020,314,202,0,0,0,0,179,0,0,0,0,1,0,0,0,0,0,0,0
2020,720,99,0,0,5,0,92,0,0,5,0,3,0,5,0,0,5,,
2020,721,543,5,2,17,1,390,3,2,15,1,14,3,28,30,15,13,0,0
2020,485,20,0,0,3,0,20,0,0,3,0,0,0,5,1,0,0,4,3
2020,273,190,2,1,14,1,177,1,1,14,1,2,0,16,0,0,14,8,0
2020,846,402,10,2,13,1,355,10,2,9,1,10,0,36,3,0,21,0,0
2020,847,94,0,0,9,0,85,0,0,9,0,2,2,0,0,0,0,23,3
2020,848,170,20,3,8,2,160,18,3,8,2,7,0,12,0,0,5,0,0
2020,916,96,0,0,4,0,85,0,0,4,0,2,0,16,0,0,4,0,0
2020,930,81,6,3,5,1,81,6,2,4,1,1,0,8,0,0,0,7,0
2020,954,406,14,3,11,1,349,14,3,9,1,5,2,30,0,0,12,0,0
2020,943,86,0,0,6,0,83,0,0,6,0,3,0,8,0,0,8,0,0
2020,949,1270,69,8,48,3,1085,63,8,46,3,25,8,118,82,8,45,0,0
2020,980,138,14,2,7,1,138,14,2,7,1,4,0,7,0,0,9,0,0
2020,981,51,0,0,5,0,36,0,0,5,0,1,0,1,0,0,12,8,2
2020,1024,291,15,5,16,1,229,8,5,12,1,2,0,27,0,0,1,19,0
2020,1017,47,0,0,0,0,47,0,0,0,0,0,0,10,0,0,0,0,0
2020,1000,198,0,0,13,1,179,0,0,12,1,3,0,34,0,0,7,0,0
2020,1018,182,4,4,10,1,158,2,4,10,1,2,0,17,1,1,0,0,0
2020,1001,88,10,2,10,1,85,6,2,10,1,2,0,8,0,0,2,6,0
2020,1007,276,10,7,14,0,289,9,7,9,0,8,0,25,30,0,20,0,0
2020,1008,249,8,3,7,0,254,6,3,7,0,4,0,25,0,1,20,0,0
2020,1010,132,8,3,5,0,148,1,1,3,0,4,0,13,0,0,0,18,0
2020,1011,102,4,2,5,0,102,4,2,4,0,3,0,9,0,0,18,0,0
2020,1012,188,8,8,9,0,184,6,6,9,0,5,0,24,0,0,0,13,0
2020,1013,613,24,12,21,2,551,14,12,17,2,10,0,62,25,0,42,0,0
2020,1041,160,0,0,0,0,149,0,0,0,0,0,0,0,0,0,0,0,0
2020,1073,250,10,8,10,1,169,7,8,10,1,3,0,20,15,0,12,26,10
2020,1087,364,6,6,13,1,348,2,6,13,1,4,0,56,2,0,0,0,0
2020,1109,217,12,4,9,1,190,3,4,9,1,3,0,24,6,0,0,0,0
2020,1110,182,8,6,9,1,142,8,6,9,1,5,0,7,0,0,2,2,2
2020,1112,20,0,0,3,0,15,0,0,3,0,1,0,4,0,0,0,0,0
2020,1156,50,0,0,3,0,30,0,0,3,0,3,0,0,0,0,0,0,0
2020,1155,74,0,0,0,0,74,0,0,0,0,0,0,0,0,0,0,0,0
2020,1148,72,7,2,7,1,57,4,2,5,1,2,0,10,0,0,0,4,4
2020,1126,361,10,8,13,0,343,10,8,9,0,7,4,55,16,0,21,9,0
2020,1160,45,0,0,0,0,45,0,0,0,0,1,0,80,0,0,0,0,0
2020,1152,181,0,0,0,0,175,0,0,0,0,0,0,0,146,0,0,0,0
2020,789,356,0,0,0,0,356,0,0,0,0,0,0,0,0,0,0,0,0
2020,326,133,0,0,0,0,137,0,0,0,0,0,0,0,15,0,0,0,0
2020,442,103,7,3,7,1,103,7,3,7,1,1,0,6,0,0,8,7,0
2020,294,128,2,1,5,1,128,2,1,5,1,1,0,9,0,0,1,0,0
2020,378,52,2,2,5,0,46,1,2,5,0,1,0,2,0,0,4,0,0
2020,402,105,0,0,7,1,82,0,0,7,1,3,0,0,0,0,0,0,0
2020,29,185,0,0,0,0,179,0,0,0,0,0,0,0,0,0,0,0,0
2020,450,32,0,0,4,0,2,0,0,4,0,1,0,0,0,0,5,0,0
2020,656,173,4,2,6,0,131,4,2,6,0,5,0,20,12,0,0,12,0
2020,333,81,1,1,5,1,81,1,1,5,1,1,0,21,0,0,0,0,0
2020,684,193,3,4,8,0,193,3,4,8,0,7,0,14,0,0,7,0,0
2020,422,90,0,0,4,1,40,0,0,4,1,1,0,5,0,0,0,1,1
2020,763,1031,70,13,39,2,1031,70,12,38,2,19,2,115,0,0,35,0,4
2020,741,710,4,5,25,2,582,4,5,24,2,11,6,69,35,0,0,22,0
2020,553,404,8,6,14,1,402,8,6,14,1,8,1,34,0,0,6,17,3
2020,899,73,0,0,0,0,73,0,0,0,0,0,0,0,0,0,0,0,0
2020,900,16,0,0,3,0,16,0,0,3,0,1,0,0,0,0,4,0,0
2020,950,6,0,0,2,0,1,0,0,1,0,1,0,0,0,0,0,0,1
2020,966,39,2,1,2,1,27,1,1,2,1,2,0,0,0,0,0,0,1
2020,967,15,0,0,0,0,9,0,0,0,0,0,0,20,0,0,0,0,0
2020,982,124,1,0,6,1,91,0,0,5,1,4,0,10,0,0,4,11,1
2020,1080,148,10,2,8,1,147,10,2,8,1,3,0,11,0,0,0,6,1
2020,1074,10,0,0,2,0,5,0,0,1,0,1,0,1,0,0,0,0,2
2020,1084,22,0,0,4,0,8,0,0,4,0,1,0,2,0,0,0,4,4
2020,1113,20,1,1,2,0,20,1,1,2,0,1,0,11,0,0,2,1,1
2020,1137,14,0,0,2,1,12,0,0,2,1,1,0,0,0,0,0,0,2
2020,1142,170,5,3,7,0,130,5,3,7,0,3,0,13,0,0,0,13,0
2020,722,937,93,15,29,3,937,93,15,26,3,18,2,81,0,0,19,10,2
2020,660,339,0,0,12,0,335,0,0,12,0,5,0,10,0,0,25,0,0
2020,75,94,0,0,0,0,94,0,0,0,0,0,0,0,30,0,0,0,0
2020,249,131,4,2,10,1,124,4,2,8,1,3,0,1,0,0,10,0,0
2020,227,123,6,4,11,1,123,6,4,11,1,2,0,13,0,0,0,0,0
2020,150,76,0,0,4,0,76,0,0,4,0,2,0,0,0,0,4,0,0
2020,47,50,0,0,0,0,50,0,0,0,0,0,0,0,0,0,0,0,0
2020,172,139,0,0,6,0,93,0,0,6,0,1,0,6,0,0,6,0,1
2020,581,103,3,2,6,0,103,3,2,6,0,4,0,1,0,0,1,0,0
2020,120,39,0,0,1,0,39,0,0,1,0,1,0,0,0,0,0,1,0
2020,445,154,0,0,2,0,140,0,0,2,0,0,0,0,0,0,0,0,0
2020,471,307,0,0,7,0,307,0,0,7,0,3,0,0,0,0,0,0,0
2020,53,40,0,0,0,0,40,0,0,0,0,0,0,0,0,0,0,0,0
2020,199,175,0,0,3,0,175,0,0,3,0,1,0,0,0,0,4,0,0
2020,575,255,6,7,10,0,193,6,7,10,0,4,0,9,0,0,9,0,0
2020,528,96,6,3,5,0,96,6,3,4,0,3,1,2,0,0,5,0,0
2020,631,289,7,5,9,0,281,7,5,4,0,4,2,12,0,0,6,0,1
2020,699,388,0,0,10,0,345,0,0,10,0,7,2,36,0,0,37,0,0
2020,823,26,0,0,3,0,26,0,0,3,0,1,0,0,0,0,3,0,0
2020,849,124,0,0,5,0,88,0,0,5,0,3,0,0,0,0,6,0,0
2020,869,83,0,0,5,0,83,0,0,5,0,3,0,0,0,0,0,0,0
2020,955,62,0,0,0,0,62,0,0,0,0,0,0,0,0,0,0,0,0
2020,983,99,0,0,0,0,99,0,0,0,0,0,0,0,0,0,0,0,0
2020,1002,60,0,0,0,0,60,0,0,0,0,0,0,0,0,0,0,0,0
2020,1015,751,14,8,25,2,664,14,8,25,2,22,0,69,0,0,43,0,0
2020,1153,40,0,0,4,0,40,0,0,2,0,2,0,0,0,0,,,
2020,51,84,0,0,0,0,81,0,0,0,0,0,0,0,32,0,0,0,0
2020,441,256,0,0,8,0,250,0,0,8,0,1,0,0,0,0,0,34,8
2020,327,237,0,0,0,0,237,0,0,0,0,0,0,0,40,20,0,0,0
2020,690,230,4,2,17,1,186,4,2,15,1,3,0,24,0,0,2,0,0
2020,262,72,2,2,6,1,72,2,2,6,1,2,1,6,0,0,0,6,0
2020,403,5,0,0,2,0,5,0,0,2,0,1,0,0,0,0,0,0,0
2020,312,158,0,0,0,0,158,0,0,0,0,0,0,0,15,0,0,0,0
2020,589,106,2,1,4,0,88,2,1,3,0,6,0,6,0,0,0,12,1
2020,665,198,3,2,5,0,191,3,2,5,0,4,0,30,10,0,0,15,1
2020,334,21,0,0,0,0,21,0,0,0,0,0,0,1,1,1,0,0,0
2020,1075,1077,19,3,39,1,964,19,3,39,1,13,14,100,0,0,0,45,0
2020,751,986,8,2,22,1,819,8,2,21,1,13,2,76,20,0,0,23,4
2020,186,43,1,0,3,1,43,1,0,3,1,3,0,0,0,0,0,0,0
2020,646,100,2,1,2,0,100,2,1,2,0,3,0,10,0,0,2,1,2
2020,536,80,1,1,3,0,80,1,1,3,0,5,0,8,0,0,3,1,0
2020,242,49,2,0,2,0,49,1,0,2,0,2,0,0,0,0,0,0,0
2020,490,204,0,0,5,0,180,0,0,4,0,1,0,10,0,15,2,15,0
2020,500,105,3,2,7,1,105,2,2,7,1,4,0,8,0,0,7,0,0
2020,206,48,0,0,3,0,48,0,0,3,0,1,0,0,0,0,0,0,0
2020,58,36,0,0,0,0,27,0,0,0,0,0,0,0,10,0,0,0,0
2020,572,436,12,4,11,0,380,12,4,9,0,10,0,17,50,0,12,0,0
2020,180,90,0,0,2,0,81,0,0,2,0,1,0,0,0,0,0,0,0
2020,549,103,3,2,3,0,103,3,2,3,0,6,0,6,0,0,0,0,0
2020,582,116,3,2,3,0,116,2,2,3,0,3,0,4,0,0,2,0,0
2020,743,457,15,2,14,1,410,15,2,12,1,6,3,38,0,0,24,0,0
2020,795,120,0,0,5,0,115,0,0,5,0,1,0,0,0,0,7,9,5
2020,269,28,0,0,3,0,28,0,0,3,0,1,0,0,0,0,0,0,0
2020,634,217,0,0,6,0,206,0,0,6,0,4,0,6,0,0,0,0,0
2020,1,42,0,0,4,0,42,0,0,4,0,1,0,1,0,0,0,0,0
2020,717,223,8,2,5,0,211,8,2,5,0,4,0,7,15,0,8,0,0
2020,373,140,0,0,0,0,138,0,0,0,0,1,0,0,0,0,0,0,0
2020,824,991,32,6,33,2,949,32,6,24,2,36,7,113,12,0,45,1,1
2020,888,90,2,1,3,0,90,2,1,3,0,2,0,0,0,0,0,0,0
2020,902,20,0,0,0,0,20,0,0,0,0,1,0,0,0,0,0,0,0
2020,968,42,0,0,0,0,42,0,0,0,0,0,0,0,0,0,0,0,0
2020,1154,176,3,3,7,0,155,3,3,3,0,3,0,5,20,0,0,14,0
2020,1130,40,0,0,0,0,24,0,0,0,0,0,0,0,0,0,0,0,0
2020,1141,3,0,0,2,0,3,0,0,2,0,0,0,0,0,0,0,0,0
2020,1145,32,0,0,0,0,32,0,0,0,0,1,0,0,0,0,0,0,0
2020,1122,28,0,0,0,0,20,0,0,0,0,0,0,0,0,0,0,0,0
2020,1133,13,0,0,6,0,13,0,0,6,0,0,0,0,0,0,2,6,6
2020,346,206,0,0,0,0,206,0,0,0,0,0,0,0,0,0,0,0,0
2020,27,97,0,0,0,0,97,0,0,0,0,0,0,0,0,0,0,0,0
2020,165,44,0,0,2,0,44,0,0,2,0,1,0,1,0,0,0,0,2
2020,956,495,12,2,12,0,464,12,2,7,0,12,0,20,12,0,0,15,0
2020,149,66,0,0,3,0,59,0,0,3,0,1,0,0,0,0,0,10,0
2020,612,157,11,3,5,1,157,11,3,5,1,9,0,6,0,0,7,3,0
2020,559,106,0,0,4,0,70,0,0,2,0,11,0,0,0,0,0,0,0
2020,7,125,0,0,5,0,125,0,0,5,0,1,0,0,0,0,0,0,0
2020,283,162,0,0,8,1,162,0,0,8,1,6,0,6,0,0,3,0,0
2020,37,64,0,0,0,0,55,0,0,0,0,0,0,0,0,0,0,0,0
2020,153,185,0,0,8,1,145,0,0,8,1,8,0,0,0,0,0,0,0
2020,547,296,4,5,9,0,254,4,5,9,0,5,0,19,0,0,1,2,1
2020,397,132,0,0,0,0,120,0,0,0,0,0,0,0,0,0,0,0,0
2020,556,131,6,4,5,0,131,6,4,5,0,4,0,18,0,0,0,6,1
2020,42,80,0,0,0,0,80,0,0,0,0,0,0,0,0,0,0,0,0
2020,31,219,0,0,0,0,219,0,0,0,0,1,0,0,0,0,0,0,0
2020,740,916,40,10,24,1,851,40,10,17,1,14,4,38,45,0,35,0,0
2020,217,84,0,0,3,0,39,0,0,3,0,1,0,0,0,0,0,0,0
2020,863,62,2,0,3,0,10,0,0,1,0,1,0,0,0,0,0,0,0
2020,889,911,0,0,22,3,812,0,0,13,3,13,8,67,0,0,0,24,4
2020,984,147,0,0,6,0,133,0,0,3,0,3,0,0,0,0,0,1,6
2020,1106,9,0,0,2,0,9,0,0,2,0,1,0,0,0,0,0,0,0
2020,1146,12,0,0,1,0,12,0,0,1,0,1,0,0,0,0,1,0,0
2020,34,62,0,0,0,0,62,0,0,0,0,0,0,0,0,0,0,0,0
2020,791,135,2,1,5,0,135,2,1,5,0,3,0,1,0,0,10,0,0
2020,430,17,0,0,2,0,15,0,0,2,0,1,0,0,0,0,0,4,0
2020,715,573,3,2,14,1,345,3,2,14,1,10,0,22,0,0,0,0,0
2020,524,168,2,1,9,1,168,2,1,9,1,2,0,5,0,0,0,6,0
2020,432,53,0,0,5,0,36,0,0,5,0,4,0,0,0,0,0,0,1
2020,19,24,2,1,2,0,24,2,1,2,0,1,0,0,0,0,0,0,0
2020,25,48,0,0,0,0,48,0,0,0,0,0,0,0,0,0,0,0,0
2020,26,84,0,0,0,0,68,0,0,0,0,0,0,0,0,0,0,0,0
2020,890,606,18,2,17,1,549,18,2,17,1,21,5,82,25,0,0,14,0
2020,904,129,1,1,5,0,118,1,1,5,0,3,0,2,0,0,0,0,0
2020,957,1366,30,12,36,2,1166,30,12,36,2,19,0,120,20,0,40,35,12
2020,939,911,18,3,26,2,828,18,3,26,2,12,1,38,67,0,0,40,6
2020,236,106,1,1,5,0,90,1,1,5,0,0,0,8,0,0,15,0,0
2020,735,1174,29,6,23,2,947,29,6,23,1,11,2,101,25,0,5,11,2
2020,363,135,0,0,5,1,127,0,0,5,1,1,0,4,0,0,8,14,2
2020,187,187,0,0,7,1,187,0,0,7,1,2,0,5,0,0,8,6,2
2020,295,108,0,0,5,1,53,0,0,3,1,2,0,6,0,0,0,0,0
2020,496,242,3,2,5,1,83,1,2,4,1,3,0,0,0,0,0,0,0
2020,391,29,0,0,2,0,29,0,0,2,0,1,0,0,0,0,0,0,0
2020,240,144,0,0,4,0,144,0,0,4,0,2,0,0,0,0,0,0,0
2020,448,40,2,1,2,0,40,2,1,2,0,1,0,3,0,0,2,0,0
2020,425,34,2,1,2,0,36,2,1,2,0,1,0,1,0,0,0,0,0
2020,300,62,0,0,2,0,62,0,0,2,0,2,0,2,0,0,2,0,0
2020,339,97,1,1,5,1,38,1,1,5,1,3,0,0,0,0,0,0,0
2020,874,198,3,2,5,0,198,3,2,5,0,6,1,3,0,0,4,1,0
2020,905,843,18,4,21,3,804,18,4,17,3,9,5,45,0,0,0,25,7
2020,1123,13,0,0,2,0,12,0,0,2,0,1,0,1,0,0,0,0,2
2020,736,978,24,10,32,2,916,24,10,22,2,12,0,39,80,3,62,0,0
2020,459,30,0,0,2,0,30,0,0,2,0,1,0,0,0,0,0,0,0
2020,320,127,0,0,3,0,112,0,0,3,0,1,0,0,0,0,0,8,3
2020,45,434,0,0,0,0,434,0,0,0,0,0,0,0,140,57,0,0,0
2020,618,131,2,1,5,0,149,2,1,5,0,5,1,12,0,0,20,0,0
2020,463,313,0,2,10,0,295,0,0,6,0,6,3,39,15,0,22,0,0
2020,891,105,2,3,9,0,93,2,3,9,0,3,0,0,0,0,0,0,0
2020,958,381,10,2,9,0,345,10,2,9,0,10,0,30,20,10,18,0,0
2020,244,40,0,1,2,0,40,0,1,2,0,6,0,1,0,0,0,0,2
2020,28,56,0,0,0,0,35,0,0,0,0,0,0,0,0,0,0,0,0
2020,444,27,0,0,5,0,27,0,0,5,0,1,0,2,0,0,0,0,0
2020,479,63,0,0,2,0,63,0,0,2,0,1,0,1,0,0,0,36,2
2020,285,76,5,1,5,1,76,1,1,5,1,2,0,7,0,0,0,0,0
2020,253,140,12,5,10,1,140,5,5,10,1,6,0,0,0,0,2,18,3
2020,481,70,3,3,6,1,50,1,1,6,1,3,0,0,1,0,0,0,4
2020,540,121,5,3,8,1,119,5,3,8,1,5,0,10,0,0,0,0,8
2020,332,10,0,0,2,0,10,0,0,2,0,0,0,0,0,0,0,0,0
2020,41,60,0,0,0,0,50,0,0,0,0,0,0,0,0,0,0,0,0
2020,510,93,0,0,5,1,42,0,0,5,1,4,0,1,0,0,1,1,1
2020,305,12,0,0,0,0,12,0,0,0,0,1,0,3,,,,,
2020,708,210,3,2,7,0,210,3,2,7,0,5,0,11,20,0,20,0,0
2020,755,1138,59,4,50,3,1138,52,4,42,3,14,6,176,34,0,0,57,8
2020,750,759,21,3,24,3,759,21,3,24,3,11,5,45,20,0,0,26,4
2020,696,582,22,2,16,2,582,22,2,16,2,9,7,74,25,0,12,21,4
2020,421,97,0,0,3,0,32,0,0,3,0,3,0,0,0,0,0,0,0
2020,827,184,0,0,0,0,155,0,0,0,0,0,0,0,0,0,0,0,0
2020,933,217,0,0,10,0,185,0,0,8,0,8,0,7,0,0,32,32,0
2020,1030,151,7,5,18,1,151,7,2,10,1,1,0,5,0,0,0,0,0
2020,1003,16,0,0,2,0,16,0,0,2,0,2,0,6,,,12,,
2020,1050,8,0,0,1,0,8,0,0,1,0,2,0,8,,,,,
2020,1043,112,8,6,11,1,106,8,6,11,1,1,0,0,0,0,0,13,3
2020,1128,36,0,2,4,0,27,0,2,4,0,2,0,2,,,3,5,2
2020,1125,25,0,0,0,0,20,0,0,0,0,0,0,,12,0,0,0,0
2020,1135,22,0,0,2,0,22,0,0,2,0,1,0,6,,,,,
2020,1164,21,0,0,0,0,21,0,0,0,0,0,0,3,30,0,0,0,0
2020,1165,25,0,0,0,0,23,0,0,0,0,0,0,0,3,0,0,0,0
2020,934,323,5,4,8,0,272,5,4,4,0,6,0,20,8,0,0,16,0
2020,629,364,15,2,13,2,320,15,2,13,2,8,0,42,7,0,7,27,4
2020,21,156,0,0,0,0,147,0,0,0,0,0,0,0,0,50,0,0,0
2020,615,179,2,1,8,0,179,2,1,8,0,5,0,12,0,0,0,8,2
2020,626,52,1,1,5,0,52,1,1,5,0,0,0,0,0,0,0,0,0
2020,417,24,0,0,2,0,18,0,0,2,0,1,0,6,0,0,0,0,0
2020,597,102,2,1,3,0,80,2,1,3,0,2,0,6,0,20,0,6,0
2020,539,368,9,7,10,0,359,9,7,10,0,20,0,74,0,20,22,0,0
2020,343,38,1,1,3,0,38,0,0,3,0,1,0,0,0,0,0,0,0
2020,135,350,0,0,0,0,316,0,0,0,0,0,0,0,0,0,0,0,0
2020,158,565,0,0,0,0,527,0,0,0,0,1,0,0,84,20,0,0,0
2020,775,237,6,6,7,0,178,6,6,7,0,4,0,14,0,0,0,4,0
2020,177,240,0,0,0,0,231,0,0,0,0,1,0,0,0,40,0,0,0
2020,578,40,2,1,3,0,40,2,1,3,0,2,0,0,0,0,0,0,0
2020,416,151,0,0,2,0,151,0,0,2,0,5,0,0,0,12,0,0,0
2020,561,103,2,1,4,0,103,2,1,4,0,4,0,21,0,10,0,6,1
2020,62,46,0,0,0,0,46,0,0,0,0,0,0,0,0,24,0,0,0
2020,828,85,0,0,0,0,85,0,0,0,0,0,0,0,0,25,0,0,0
2020,860,90,2,1,3,0,78,2,1,3,0,2,0,3,0,20,0,8,1
2020,935,46,0,0,0,0,46,0,0,0,0,0,0,0,0,20,0,0,0
2020,936,77,0,0,0,0,77,0,0,0,0,0,0,0,0,0,0,0,0
2020,986,42,0,0,0,0,42,0,0,0,0,0,0,0,40,0,0,0,0
2020,987,117,1,1,3,0,117,1,1,3,0,4,0,21,0,0,0,0,0
2020,1021,30,0,0,0,0,30,0,0,0,0,0,0,0,0,10,0,0,0
2020,1085,70,0,0,0,0,70,0,0,0,0,0,0,0,0,0,0,0,0
2020,658,215,4,2,5,0,217,4,2,5,0,4,0,12,0,0,0,7,0
2020,353,51,0,0,0,0,46,0,0,0,0,1,0,0,0,14,0,0,0
2020,323,150,0,0,0,0,150,0,0,0,0,0,0,0,20,0,0,0,0
2020,620,131,4,2,3,0,131,4,2,3,0,3,0,12,0,0,0,7,0
2020,384,210,0,0,1,0,189,0,0,1,0,4,0,3,0,0,0,0,0
2020,554,312,12,2,11,0,303,9,2,11,0,9,0,16,15,0,0,0,0
2020,209,15,0,0,2,0,15,0,0,2,0,2,0,0,0,0,0,0,0
2020,707,945,39,3,29,2,886,39,3,19,2,7,7,37,20,12,0,0,0
2020,395,10,0,0,1,0,10,0,0,1,0,1,0,0,0,0,0,0,0
2020,969,80,0,0,4,0,75,0,0,4,0,2,0,9,0,0,0,0,0
2020,1052,30,0,0,0,0,30,0,0,0,0,0,0,0,0,0,0,0,0
2020,739,1004,54,8,41,3,955,53,8,41,3,46,4,79,30,0,0,56,0
2020,613,542,6,4,19,1,489,6,4,13,1,6,3,24,0,0,0,18,4
2020,593,282,0,0,12,0,282,0,0,12,0,6,2,18,0,0,19,0,0
2020,704,591,22,3,22,2,587,22,3,22,2,10,6,41,0,0,24,14,0
2020,686,553,10,1,26,2,539,6,1,26,2,6,4,61,0,0,30,23,6
2020,257,192,18,3,12,1,155,18,3,12,1,2,0,0,0,0,0,0,0
2020,681,117,0,0,8,0,117,0,0,8,0,2,0,37,0,0,0,0,0
2020,286,74,0,0,11,1,45,0,0,8,1,2,0,0,0,0,0,0,0
2020,255,79,12,2,9,1,79,12,2,9,1,3,0,9,0,0,11,3,0
2020,79,40,0,0,0,0,22,0,0,0,0,0,0,0,0,0,0,0,0
2020,81,76,0,0,0,0,75,0,0,0,0,0,0,0,0,0,0,0,0
2020,688,315,6,3,8,0,295,6,3,8,0,5,0,18,8,0,12,18,0
2020,531,240,7,2,8,0,240,7,2,8,0,6,2,23,0,0,0,8,0
2020,514,56,0,1,3,0,42,0,1,3,0,3,0,4,0,0,0,14,0
2020,499,230,0,0,8,0,142,0,0,8,0,3,0,0,0,0,0,0,0
2020,532,301,4,4,11,0,257,4,4,11,0,9,4,15,0,0,19,0,0
2020,190,186,0,0,0,0,154,0,0,0,0,2,0,0,0,0,0,0,0
2020,598,119,3,1,3,0,93,3,1,3,0,5,0,8,0,0,0,6,0
2020,260,268,10,6,21,1,166,8,6,21,1,5,0,0,0,0,0,0,0
2020,838,12,0,0,2,0,12,0,0,2,0,1,0,0,0,0,0,0,1
2020,839,96,1,1,4,0,26,0,0,4,0,1,0,16,0,0,0,0,0
2020,851,7,0,0,2,0,7,0,0,2,0,0,0,0,0,0,2,0,0
2020,852,364,4,5,14,1,364,4,5,14,1,3,5,16,1,0,0,30,3
2020,988,125,0,0,0,0,120,0,0,0,0,1,0,12,25,0,0,0,0
2020,1056,348,7,2,12,1,272,7,2,12,1,4,4,24,0,0,5,0,0
2020,1044,80,0,0,0,0,57,0,0,0,0,0,0,0,0,0,0,0,0
2020,1114,92,0,0,5,0,92,0,0,5,0,3,1,8,0,0,8,0,0
2020,1129,186,9,2,15,1,130,6,1,15,1,2,0,10,0,0,0,6,3
2020,644,606,17,6,20,0,572,17,6,13,0,4,2,29,45,0,30,0,2
2020,752,777,8,2,22,3,648,8,2,22,3,10,1,34,30,0,0,0,0
2020,238,70,0,0,10,0,70,0,0,10,0,3,0,6,0,0,18,0,10
2020,325,242,0,0,0,0,242,0,0,0,0,0,0,0,0,0,0,0,0
2020,622,119,3,2,4,0,118,3,2,3,0,2,0,2,0,0,0,0,0
2020,879,79,0,0,4,0,79,0,0,4,0,1,0,0,0,0,0,0,0
2020,906,126,5,1,5,1,126,5,1,5,1,1,0,11,0,0,0,0,0
2020,370,234,0,0,0,0,164,0,0,0,0,2,0,0,0,5,0,0,0
2020,418,44,0,0,3,0,44,0,0,3,0,2,0,0,0,0,0,0,0
2020,574,22,0,0,2,0,22,0,0,2,0,2,0,0,0,0,0,0,0
2020,399,70,0,0,5,0,70,0,0,5,0,1,0,0,0,0,2,2,1
2020,195,31,0,0,3,0,28,0,0,3,0,1,0,0,0,0,0,0,0
2020,783,683,15,6,21,1,663,15,6,20,1,6,9,51,4,0,36,0,0
2020,263,76,0,0,6,0,30,0,0,6,0,2,0,11,0,0,0,10,0
2020,194,48,0,0,3,0,30,0,0,2,0,1,0,0,0,0,0,0,0
2020,214,32,0,0,3,0,20,0,0,3,0,1,0,0,0,0,0,0,0
2020,785,858,20,8,33,2,813,19,8,33,2,11,14,100,15,0,21,0,0
2020,780,112,0,0,6,0,105,0,0,6,0,2,5,23,0,0,15,0,1
2020,782,479,0,0,18,2,386,0,0,18,2,15,15,32,10,0,48,0,2
2020,369,174,0,0,0,0,129,0,0,0,0,1,0,0,0,0,0,0,0
2020,713,100,0,0,5,0,92,0,0,5,0,1,0,0,0,0,11,0,5
2020,941,24,0,0,0,0,24,0,0,0,0,0,0,0,3,0,0,0,0
2020,1091,348,0,0,0,0,341,0,0,0,0,0,0,0,471,0,0,0,0
2020,1045,110,3,2,7,1,65,3,1,4,1,2,0,1,0,0,9,0,0
2020,1086,171,4,2,12,1,161,2,2,9,1,3,0,11,0,0,18,0,0
2020,1149,192,0,0,9,0,110,0,0,7,0,4,4,13,0,0,32,14,2
2020,937,540,8,2,14,0,451,8,2,14,0,14,0,42,11,0,0,34,6
2020,1004,44,3,1,3,0,44,0,1,3,0,0,0,1,0,0,0,0,0
2020,737,797,10,3,19,1,765,10,3,13,1,8,4,22,15,0,17,0,0
2020,765,1196,24,3,36,2,1074,24,3,26,2,23,4,74,17,0,6,0,11
2020,329,254,0,0,7,0,241,0,0,6,0,3,5,15,0,0,20,0,0
2020,87,210,0,0,0,0,175,0,0,0,0,0,0,0,0,0,0,0,0
2020,527,144,0,0,7,0,138,0,0,7,0,2,0,0,0,18,0,24,2
2020,562,81,0,0,7,1,81,0,0,7,1,3,0,0,0,0,0,0,0
2020,251,90,2,3,7,1,90,2,3,7,1,3,0,0,0,0,0,0,0
2020,129,278,0,0,0,0,278,0,0,0,0,0,0,0,0,0,0,0,0
2020,154,188,0,0,0,0,188,0,0,0,0,1,0,5,0,0,0,0,0
2020,516,104,4,1,10,1,104,4,1,10,1,3,0,15,0,0,0,0,0
2020,184,34,0,0,4,0,34,0,0,4,0,1,0,0,0,0,0,0,0
2020,652,200,0,0,5,0,93,0,0,4,0,3,0,5,0,4,0,6,1
2020,637,122,4,2,5,0,122,3,2,5,0,5,0,12,0,0,0,6,0
2020,88,45,0,0,0,0,45,0,0,0,0,0,0,0,0,0,0,0,0
2020,907,39,0,0,0,0,39,0,0,0,0,0,0,0,0,0,0,0,0
2020,970,50,0,0,0,0,50,0,0,0,0,0,0,0,50,0,0,0,0
2020,1019,32,0,0,2,0,17,0,0,2,0,2,0,2,0,0,0,0,2
2020,1016,68,2,2,5,1,68,2,2,5,1,1,0,0,0,0,0,0,0
2020,1161,30,0,1,4,1,30,0,0,4,1,1,0,6,0,0,2,6,4
2020,1047,252,10,3,7,0,174,10,3,6,0,3,0,27,0,0,0,20,0
2020,635,168,12,2,4,0,167,12,2,3,0,5,0,4,2,0,0,0,0
