año,NCODI,biopsias_hosp,biopsias_CEP,necropsias_hosp,angio_hosp,angio_CEP,densiometrias_hosp,densiometrias_CEP,gamma_hosp,gamma_CEP,mamo_hosp,mamo_CEP,pet_hosp,pet_CEP,resonancia_hosp,resonancia_CEP,rx_hosp,rx_CEP,spect_hosp,spect_CEP,tac_hosp,tac_CEP,Colonosopia,Broncoscopia,ERCP
2020,113,0,0,0,0,0,0,0,0,0,0,0,0,0,0,0,0,0,0,0,0,0,0,0,0
2020,619,0,0,0,0,0,0,0,0,0,1359,0,0,0,3917,0,7758,0,0,0,1895,0,,,
2020,163,887,0,0,0,0,164,0,0,0,356,0,0,0,4375,0,502,0,0,0,1535,0,0,0,0
2020,131,0,0,0,0,0,0,0,0,0,0,0,0,0,0,0,0,0,0,0,0,0,0,0,0
2020,375,0,0,0,0,0,0,0,0,0,0,0,0,0,0,0,1508,0,0,0,0,0,0,0,0
2020,1090,24670,1751,231,2,0,1713,0,0,0,4017,0,2249,0,5,0,125963,41773,224,0,27816,0,7161,623,3
2020,764,16684,0,21,58,0,1483,0,0,0,3150,0,0,0,9738,0,158836,0,0,0,25312,0,2160,612,380
2020,14,0,0,0,0,0,0,0,0,0,0,0,0,0,0,0,0,0,0,0,0,0,563,0,0
2020,657,4036,0,2,0,0,0,0,0,0,847,0,0,0,4105,0,33493,0,0,0,4871,0,797,30,0
2020,362,532,0,0,0,0,0,0,791,0,16977,0,0,0,4038,0,14021,0,0,0,1684,0,1142,8,0
2020,989,0,0,0,0,0,0,0,0,0,1321,0,0,0,0,0,27091,0,0,0,4470,0,948,21,0
2020,990,0,0,0,0,0,0,0,0,0,2034,0,0,0,666,0,35989,0,0,0,3809,0,516,83,0
2020,680,24569,0,50,2722,0,7467,0,0,0,5951,0,0,0,10018,0,137294,17739,0,0,28278,0,3742,857,376
2020,411,6494,0,0,340,0,5151,0,0,0,5298,0,0,0,5490,0,18616,0,0,0,5488,0,959,34,19
2020,241,4641,0,0,0,0,0,0,0,0,0,0,0,0,4406,0,13506,0,0,0,3669,0,794,7,0
2020,558,8089,0,6,0,0,2006,0,0,0,3328,0,0,0,0,0,54790,0,0,0,9690,0,1421,176,86
2020,248,2976,0,0,402,0,916,0,729,0,1531,581,622,0,11185,1455,25654,3593,0,0,9203,704,764,62,0
2020,224,1030,0,0,0,0,510,0,0,0,1141,0,0,0,2421,0,11261,127,0,0,2320,0,883,2,0
2020,591,12738,0,24,0,0,2401,0,0,0,2622,0,0,0,12915,0,99330,0,0,0,16000,0,1825,251,107
2020,586,17244,0,12,0,0,3462,0,0,0,10806,0,0,0,6559,0,126646,488,0,0,24674,0,1290,333,154
2020,453,0,0,0,0,0,0,0,0,0,0,0,0,0,0,0,11957,0,0,0,2691,0,0,7,0
2020,145,0,0,0,0,0,0,0,0,0,0,0,0,0,0,0,0,0,0,0,0,0,0,0,0
2020,511,9757,0,6,0,0,0,0,0,0,4112,0,0,0,2850,0,54881,14897,0,0,12464,0,2873,435,86
2020,530,13548,0,13,0,0,0,0,0,0,2096,0,0,0,0,0,49050,23016,0,0,13349,0,2803,275,94
2020,6,8490,0,0,67,0,1812,0,680,0,3450,0,499,0,5225,0,29453,0,181,0,4183,0,626,6,0
2020,161,0,0,0,0,0,0,0,0,0,0,0,0,0,0,0,0,0,0,0,0,0,0,0,0
2020,623,17470,0,6,0,0,0,2439,0,0,8828,0,4312,0,7141,0,110497,6549,11316,0,20518,0,1980,1394,88
2020,875,4304,0,0,25,0,1340,0,171,0,2743,0,654,0,6587,0,27945,0,21,0,7332,0,848,70,6
2020,946,4894,0,0,241,0,1565,0,259,0,2574,0,0,0,7408,0,35771,0,0,0,6055,0,806,23,7
2020,1023,12004,0,16,534,0,2197,0,0,0,5168,0,0,0,5481,0,109173,0,0,0,16454,0,3087,427,89
2020,1054,8774,0,11,1689,0,3045,0,0,0,2716,0,0,0,10214,0,58605,5999,0,0,14831,0,1893,144,66
2020,1057,0,0,0,0,0,0,0,0,0,0,0,0,0,0,0,827,0,0,0,212,0,0,0,0
2020,1031,0,0,0,0,0,0,0,0,0,0,0,0,0,0,0,0,0,0,0,0,0,0,0,0
2020,1032,10905,0,3,454,0,3256,0,0,0,4879,0,4679,0,5383,0,91854,0,1664,0,12481,0,2047,459,199
2020,1064,6944,0,0,248,0,2373,0,0,0,3216,0,0,0,9946,0,43841,0,0,0,6341,0,1403,21,14
2020,226,348,0,0,0,0,2127,0,373,0,2320,320,0,0,7831,0,9570,520,0,0,3412,0,1984,0,0
2020,687,12017,0,0,,,0,,0,,4350,0,,,0,,113180,0,,,9023,,1463,123,
2020,745,10581,0,8,994,,2656,,2635,,9078,11788,,,5813,,119189,65151,1428,,26961,,4967,937,
2020,109,4998,0,0,0,0,0,0,0,0,1106,0,0,0,11222,0,26439,0,0,0,5495,0,2392,23,2
2020,808,11784,0,13,0,,,,0,,10042,0,,,7401,,133385,0,,,11333,,2480,2180,
2020,971,2531,0,0,,,,,,,608,0,,,0,,44426,0,,,2336,,890,533,
2020,128,0,0,0,0,0,397,0,0,0,1019,0,0,0,0,0,12896,0,0,0,0,0,135,0,0
2020,919,7316,0,11,0,0,773,0,0,0,1599,5497,0,0,7268,0,80901,10253,0,0,20352,0,2267,98,67
2020,1150,0,0,0,0,0,0,0,0,0,0,0,0,0,0,0,0,0,0,0,0,0,0,0,0
2020,725,18320,0,6,274,0,2896,0,0,0,4910,0,4417,0,13662,0,132117,0,8227,0,25287,0,2896,589,287
2020,3,0,0,0,0,0,0,0,0,0,0,0,0,0,0,0,0,0,0,0,0,0,0,0,0
2020,306,0,0,0,0,0,0,0,0,0,0,0,0,0,0,0,0,0,0,0,0,0,0,0,0
2020,15,0,0,0,0,0,0,0,0,0,26,0,0,0,0,0,1357,0,0,0,0,0,0,0,0
2020,264,0,0,0,0,0,0,0,0,0,2072,0,0,0,5749,0,16061,0,0,0,5229,0,987,24,0
2020,867,0,0,0,0,0,391,0,0,0,923,0,0,0,0,0,9771,0,0,0,0,0,260,0,0
2020,910,5002,0,4,0,0,0,0,0,0,1910,0,0,0,2005,0,53079,0,0,0,8051,0,1233,74,0
2020,1053,9201,0,4,0,0,0,0,0,0,5661,0,0,0,4711,0,54456,3360,0,0,11845,0,2909,137,0
2020,1055,12170,0,6,0,0,1305,0,0,0,5250,0,0,0,3376,0,105049,0,0,0,16980,0,2258,283,0
2020,1081,0,0,0,0,0,0,0,0,0,0,0,0,0,0,0,0,0,0,0,0,0,0,0,0
2020,1115,0,0,0,0,0,470,0,0,0,1065,0,0,0,1544,0,7272,0,0,0,1492,0,775,0,0
2020,529,0,0,0,0,0,0,0,0,0,0,0,0,0,0,0,751,0,0,0,0,0,0,0,0
2020,345,0,0,0,0,0,0,0,0,0,0,0,0,0,0,0,0,0,0,0,0,0,0,0,0
2020,515,0,0,0,0,0,0,0,0,0,0,0,0,0,2577,0,20492,0,0,0,825,0,0,0,0
2020,174,2740,0,0,0,0,0,0,0,0,0,0,0,0,0,0,0,0,0,0,0,0,2856,0,0
2020,523,0,0,0,0,0,0,0,0,0,349,0,0,0,6407,0,21023,0,0,0,3552,0,0,0,0
2020,697,4656,0,0,37,0,3302,0,1820,0,8847,0,904,0,11510,0,50927,0,282,0,8547,0,946,9,12
2020,239,1684,0,0,0,0,1519,0,0,0,4421,0,0,0,7163,0,55201,0,0,0,6178,0,1224,37,0
2020,287,6426,0,2,154,0,2778,0,144,0,3754,0,0,0,11393,0,52565,0,0,0,9110,0,1861,115,56
2020,377,0,0,0,0,0,0,0,0,0,0,0,0,0,0,0,3619,0,0,0,0,0,0,0,0
2020,692,5574,0,11,0,0,747,0,0,0,5051,0,0,0,4865,0,58166,0,0,0,10469,0,1016,114,24
2020,435,2806,0,0,278,0,183,0,0,0,2494,0,0,0,7127,0,16077,0,0,0,5395,0,732,0,0
2020,423,0,0,0,0,0,197,0,0,0,546,0,0,0,2135,0,5537,0,0,0,2221,0,165,0,0
2020,351,128,0,0,0,0,202,0,0,0,849,0,0,0,1716,0,11009,0,0,0,1631,0,37,0,0
2020,810,0,0,0,0,0,0,0,0,0,638,0,0,0,0,0,4877,0,0,0,993,0,6,0,0
2020,830,7745,0,0,0,0,0,0,0,0,4102,0,0,0,2363,0,50750,0,0,0,6788,0,981,0,0
2020,892,15523,0,67,75,0,929,0,0,0,9496,0,0,0,4973,0,82307,0,0,0,14970,0,1022,338,78
2020,921,5478,0,2,584,0,3347,0,0,0,6945,0,0,0,15162,0,36790,0,0,0,10962,0,3112,19,6
2020,991,0,0,0,0,0,0,0,0,0,272,0,0,0,0,0,4056,0,0,0,701,0,19,0,0
2020,992,6377,0,11,0,0,0,0,0,0,1603,0,0,0,3590,0,46473,0,0,0,6758,0,1101,74,71
2020,993,5067,0,7,0,0,1821,0,0,0,1368,0,0,0,3424,0,27533,11761,0,0,5216,0,982,97,0
2020,1070,26834,0,109,839,0,1470,0,5889,0,5943,0,2696,0,20377,0,126274,0,853,0,28797,0,2633,605,292
2020,1095,609,0,0,0,0,809,0,0,0,759,0,0,0,1904,0,8501,0,0,0,1984,0,273,0,0
2020,1094,0,0,0,0,0,0,0,0,0,350,0,0,0,1859,0,2039,0,0,0,348,0,57,0,0
2020,1124,127,0,0,0,0,0,0,0,0,0,0,0,0,0,0,42,0,0,0,0,0,12,0,0
2020,473,0,0,0,0,0,0,0,0,0,0,0,0,0,3794,0,901,0,0,0,0,0,0,0,0
2020,663,22732,0,0,600,0,2488,0,2050,0,11999,0,852,0,11365,0,63393,7403,1005,0,34984,0,4835,705,216
2020,552,0,0,0,125,0,0,0,0,0,5642,0,0,0,0,0,16991,0,0,0,1005,0,0,0,0
2020,772,357506,0,261,3633,0,4125,0,4148,0,9096,0,4669,0,20963,0,192793,0,2454,0,41155,0,4417,837,280
2020,568,0,0,0,0,0,0,0,0,0,0,0,0,0,4368,0,14363,0,0,0,1609,0,0,0,0
2020,398,0,0,0,0,0,0,0,0,0,0,0,0,0,4027,0,10084,0,0,0,3103,0,0,0,0
2020,394,0,0,0,0,0,0,0,0,0,0,0,0,0,477,0,4897,0,0,0,0,0,0,0,0
2020,614,0,0,0,0,0,0,0,0,0,0,0,0,0,0,0,0,0,0,0,0,0,0,0,0
2020,235,0,0,0,0,0,0,0,0,0,0,0,0,0,2713,0,4967,0,0,0,1050,0,0,0,0
2020,616,3460,0,0,0,0,0,0,0,0,0,0,0,0,2841,0,36163,0,0,0,2589,0,802,12,10
2020,267,1495,0,0,53,0,495,0,0,0,1021,0,0,0,9668,0,24613,0,0,0,8555,0,1516,357,42
2020,565,2173,0,0,0,0,523,0,0,0,523,0,0,0,6177,0,9519,0,0,0,3241,0,1097,0,0
2020,220,0,0,0,0,0,271,0,0,0,709,0,0,0,0,0,10129,0,0,0,1977,0,975,0,12
2020,278,0,0,0,0,0,0,0,0,0,0,0,0,0,0,0,0,0,0,0,0,0,0,0,0
2020,107,0,0,0,0,0,0,0,0,0,0,0,0,0,0,0,0,0,0,0,0,0,0,0,0
2020,711,24765,0,28,748,0,2795,0,0,0,11601,0,4969,0,11893,0,87098,0,2949,0,32160,0,5963,1182,265
2020,204,0,0,0,0,0,0,0,0,0,0,0,0,0,0,0,264,0,0,0,0,0,0,0,0
2020,348,0,0,0,0,0,0,0,0,0,0,0,0,0,0,0,1733,0,0,0,0,0,0,0,0
2020,766,2669,0,0,151,0,0,0,0,0,0,0,0,0,973,0,15721,0,0,0,3313,0,0,0,0
2020,761,0,0,0,0,0,0,0,0,0,0,0,0,0,0,0,0,0,0,0,0,0,0,0,0
2020,728,16706,0,4,0,0,0,0,2077,0,4091,0,0,0,8158,0,70079,0,132,0,14742,0,3092,154,0
2020,280,0,0,0,0,0,746,0,0,0,9096,0,0,0,22468,0,93562,0,0,0,12841,0,2435,47,75
2020,222,0,0,0,0,0,283,0,0,0,1089,0,0,0,2274,0,271,0,0,0,1615,0,0,0,0
2020,276,26601,0,0,14,0,3303,0,1492,0,9980,0,2701,0,25553,0,60792,0,0,0,28912,0,1742,2101,47
2020,11,5106,0,0,189,0,587,0,252,0,3682,0,117,0,6588,0,13250,0,152,0,6915,0,0,0,0
2020,302,0,0,0,0,0,980,0,0,0,2846,0,0,0,5880,0,0,0,0,0,3560,0,610,0,0
2020,682,3798,0,0,0,0,345,0,0,0,105,0,71,0,2984,0,20502,0,57,0,3904,0,762,18,4
2020,279,11780,0,11,0,0,0,0,0,0,0,0,0,0,23335,0,73115,0,0,0,16911,0,3795,16,32
2020,282,6332,0,0,80,0,0,0,0,0,8101,0,0,0,21161,0,72695,0,0,0,20379,0,11069,120,263
2020,281,5086,0,3,622,0,0,0,0,0,0,0,0,0,1214,0,34957,0,0,0,6589,0,299,207,102
2020,183,1269,0,0,0,0,0,0,0,0,267,0,0,0,2058,0,5457,0,0,0,2026,0,195,0,0
2020,610,0,0,0,432,0,0,0,0,0,0,0,0,0,0,0,0,0,0,0,0,0,0,0,0
2020,116,0,0,0,0,0,0,0,0,0,0,0,0,0,0,0,0,0,0,0,0,0,0,0,0
2020,115,0,0,0,0,0,0,0,0,0,0,0,0,0,0,0,151,0,0,0,0,0,0,0,0
2020,114,0,0,0,0,0,0,0,0,0,0,0,0,0,0,0,0,0,0,0,0,0,0,0,0
2020,119,0,0,0,0,0,7,0,0,0,484,0,0,0,0,0,294,0,0,0,0,0,179,0,0
2020,770,24203,0,71,3965,0,3808,0,0,0,23271,0,0,0,16488,0,277305,0,7961,0,31602,0,3520,1305,301
2020,583,0,0,0,0,0,768,0,0,0,5545,0,0,0,3031,0,51784,0,0,0,6019,0,1030,59,0
2020,136,0,0,0,0,0,0,0,0,0,0,0,0,0,0,0,99,0,0,0,0,0,0,0,0
2020,469,2464,0,0,0,0,0,0,0,0,2244,0,0,0,0,0,21900,0,0,0,4015,0,493,33,0
2020,642,7655,0,0,0,0,0,0,0,0,5115,0,0,0,0,0,52877,0,0,0,10506,0,1397,158,0
2020,674,4699,0,67,246,0,0,0,0,0,5091,0,0,0,7630,0,38105,528,0,0,3226,0,116,29,0
2020,193,0,0,0,0,0,0,0,0,0,0,0,0,0,0,0,107,0,0,0,0,0,0,0,0
2020,526,14537,0,14,0,0,0,0,0,0,9970,0,0,0,6802,0,84196,0,0,0,13105,0,2066,294,110
2020,698,32832,0,93,2126,0,5622,0,8918,0,9335,0,8460,0,23114,0,140797,0,0,0,60851,0,4663,1733,643
2020,630,3939,0,1,0,0,0,0,0,0,3756,0,0,0,3083,0,28510,0,0,0,7537,0,1331,0,0
2020,124,0,0,0,0,0,0,0,0,0,0,0,0,0,0,0,0,0,0,0,0,0,0,0,0
2020,364,0,0,0,0,0,0,0,0,0,0,0,0,0,0,0,0,0,0,0,0,0,0,0,0
2020,439,0,0,0,0,0,0,0,0,0,912,0,0,0,0,0,25317,0,0,0,2371,0,0,0,0
2020,570,17027,0,20,0,0,0,0,0,0,2948,0,0,0,7883,0,79703,0,0,0,17905,0,2690,409,190
2020,123,0,0,0,0,0,0,0,0,0,0,0,0,0,0,0,0,0,0,0,0,0,0,0,0
2020,310,0,0,0,0,0,0,0,0,0,0,0,0,0,0,0,0,0,0,0,0,0,0,0,0
2020,571,0,0,0,24,0,0,0,0,0,6052,0,0,0,3758,0,48273,0,0,0,7174,0,2854,45,0
2020,296,0,0,0,0,0,0,0,0,0,445,0,0,0,0,0,4746,0,0,0,0,0,0,0,0
2020,566,5319,0,0,0,0,0,0,0,0,8087,0,0,0,5936,0,49929,0,0,0,11156,0,1970,137,0
2020,784,16077,0,77,0,0,0,0,6977,0,20873,0,2289,0,16491,0,119911,0,0,0,33189,0,3417,377,205
2020,102,0,0,0,0,0,0,0,0,0,0,0,0,0,0,0,489,0,0,0,0,0,0,0,0
2020,639,12815,0,35,24,0,314,0,0,0,4212,0,0,0,3458,0,0,0,0,0,9024,0,1912,128,0
2020,457,1548,0,0,0,0,0,0,0,0,2178,0,0,0,0,0,20155,0,0,0,2708,0,693,0,0
2020,609,16703,0,9,658,0,2053,0,0,0,7754,0,0,0,17763,0,62840,0,1378,0,14186,0,3468,217,55
2020,101,0,0,0,0,0,0,0,0,0,0,0,0,0,0,0,0,0,0,0,0,0,0,0,0
2020,454,9918,0,8,0,0,0,0,0,0,1683,0,0,0,7137,0,33081,0,0,0,10556,0,2116,73,82
2020,318,0,0,0,0,0,0,0,0,0,0,0,0,0,0,0,0,0,0,0,0,0,0,0,0
2020,600,4717,0,4,0,0,871,0,0,0,5020,0,0,0,0,0,59861,0,0,0,8493,0,2601,176,0
2020,545,9968,0,18,1192,0,459,0,0,0,8182,0,0,0,4655,0,66040,0,0,0,11234,0,2485,172,113
2020,100,0,0,0,0,0,0,0,0,0,0,0,0,0,0,0,0,0,0,0,0,0,0,0,0
2020,702,16168,0,36,117,0,0,0,0,0,13197,0,0,0,13287,0,133037,0,0,0,23673,0,2403,466,311
2020,778,7882,0,10,0,0,0,0,0,0,6605,0,0,0,4451,0,38878,0,0,0,10438,0,3888,142,0
2020,341,0,0,0,0,0,0,0,0,0,0,0,0,0,0,0,13005,0,0,0,0,0,102,60,42
2020,99,0,0,0,0,0,0,0,0,0,0,0,0,0,0,0,0,0,0,0,0,0,0,0,0
2020,767,0,0,0,0,0,0,0,0,0,5405,0,0,0,5112,0,46730,0,0,0,5708,0,3422,115,0
2020,359,0,0,0,0,0,539,0,0,0,3996,0,0,0,0,0,15960,0,0,0,0,0,0,0,0
2020,98,0,0,0,0,0,0,0,0,0,0,0,0,0,0,0,0,0,0,0,0,0,0,0,0
2020,132,0,0,0,0,0,0,0,0,0,0,0,0,0,0,0,0,0,0,0,0,0,0,0,0
2020,97,0,0,0,0,0,0,0,0,0,0,0,0,0,0,0,0,0,0,0,0,0,0,0,0
2020,103,0,0,0,0,0,0,0,0,0,0,0,0,0,0,0,0,0,0,0,0,0,0,0,0
2020,110,0,0,0,0,0,0,0,0,0,0,0,0,0,0,0,0,0,0,0,0,0,0,0,0
2020,94,0,0,0,0,0,0,0,0,0,0,0,0,0,0,0,0,0,0,0,0,0,0,0,0
2020,91,0,0,0,0,0,0,0,0,0,0,0,0,0,0,0,0,0,0,0,0,0,0,0,0
2020,664,12169,0,31,251,0,0,0,0,0,2087,0,0,0,7259,0,78480,0,0,0,13920,0,3469,255,136
2020,918,34424,0,204,2513,0,5391,0,8652,0,12654,0,5064,0,42564,0,177250,0,2292,0,98731,0,3797,2178,302
2020,92,0,0,0,0,0,0,0,0,0,0,0,0,0,0,0,0,0,0,0,0,0,0,0,0
2020,95,0,0,0,0,0,0,0,0,0,0,0,0,0,0,0,0,0,0,0,0,0,0,0,0
2020,301,0,0,0,0,0,0,0,0,0,0,0,0,0,0,0,4123,381,0,0,0,0,228,0,0
2020,492,0,0,0,0,0,0,0,0,0,7155,0,0,0,0,0,35921,0,0,0,6249,0,1580,49,0
2020,811,0,0,0,0,0,0,0,0,0,0,3464,0,0,0,3239,0,1835,0,0,0,1215,1396,14,3
2020,812,0,0,0,0,0,0,0,0,0,0,0,0,0,0,0,0,0,0,0,0,0,0,0,0
2020,832,0,0,0,0,0,0,0,0,0,0,0,0,0,0,0,0,0,0,0,0,0,0,0,0
2020,841,0,0,0,0,0,0,0,0,0,0,0,0,0,0,0,0,0,0,0,0,0,0,0,0
2020,856,0,0,0,0,0,0,0,0,0,0,0,0,0,0,0,0,0,0,0,0,0,0,0,0
2020,859,0,0,0,0,0,0,0,0,0,0,0,0,0,0,0,0,0,0,0,0,0,0,0,0
2020,861,0,0,0,0,0,0,0,0,0,0,0,0,0,0,0,0,0,0,0,0,0,0,0,0
2020,880,0,0,0,0,0,0,0,0,0,0,0,0,0,0,0,0,0,0,0,0,0,0,0,0
2020,883,0,0,0,0,0,0,0,0,0,0,0,0,0,0,0,0,0,0,0,0,0,0,0,0
2020,884,0,0,0,0,0,0,0,0,0,0,0,0,0,0,0,0,0,0,0,0,0,0,0,0
2020,877,0,0,0,0,0,0,0,0,0,0,0,0,0,0,0,0,0,0,0,0,0,0,0,0
2020,911,0,0,0,0,0,0,0,0,0,0,0,0,0,0,0,0,0,0,0,0,0,0,0,0
2020,913,0,0,0,0,0,0,0,0,0,0,0,0,0,0,0,0,0,0,0,0,0,0,0,0
2020,922,8291,0,0,0,0,2160,0,0,0,4096,0,0,0,7569,0,20886,0,0,0,8242,0,4952,140,0
2020,923,0,0,0,0,0,0,0,0,0,0,0,0,0,0,0,0,0,0,0,0,0,0,0,0
2020,924,0,0,0,0,0,0,0,0,0,0,0,0,0,0,0,0,0,0,0,0,0,0,0,0
2020,947,0,0,0,0,0,0,0,0,0,0,0,0,0,0,0,0,0,0,0,0,0,0,0,0
2020,951,0,0,0,0,0,0,0,0,0,0,0,0,0,0,0,0,0,0,0,0,0,0,0,0
2020,1103,0,0,0,0,0,0,0,0,0,0,0,0,0,0,0,0,0,0,0,0,0,0,0,0
2020,972,0,0,0,0,0,0,0,0,0,0,0,0,0,0,0,0,0,0,0,0,0,0,0,0
2020,973,2044,0,0,19,0,0,0,0,0,798,0,0,0,16402,0,13693,0,0,0,4850,0,911,1,0
2020,974,0,0,0,0,0,0,0,0,0,0,0,0,0,0,0,0,0,0,0,0,0,0,0,0
2020,975,0,0,0,0,0,0,0,0,0,0,0,0,0,0,0,0,0,0,0,0,0,0,0,0
2020,960,0,0,0,0,0,0,0,0,0,0,0,0,0,0,0,0,0,0,0,0,0,0,0,0
2020,1028,0,0,0,0,0,0,0,0,0,0,0,0,0,0,0,0,0,0,0,0,0,0,0,0
2020,976,0,0,0,0,0,0,0,0,0,0,0,0,0,0,0,0,0,0,0,0,0,0,0,0
2020,977,0,0,0,0,0,0,0,0,0,0,0,0,0,0,0,0,0,0,0,0,0,0,0,0
2020,1020,0,0,0,0,0,0,0,0,0,0,0,0,0,0,0,0,0,0,0,0,0,0,0,0
2020,994,0,0,0,0,0,0,0,0,0,5536,0,0,0,3779,0,40205,0,0,0,8285,0,2090,83,0
2020,995,0,0,0,0,0,0,0,0,0,0,0,0,0,0,0,0,0,0,0,0,0,0,0,0
2020,1060,0,0,0,0,0,0,0,0,0,0,0,0,0,0,0,0,0,0,0,0,0,0,0,0
2020,1005,0,0,0,0,0,0,0,0,0,0,0,0,0,0,0,0,0,0,0,0,0,0,0,0
2020,1061,0,0,0,0,0,0,0,0,0,0,0,0,0,0,0,0,0,0,0,0,0,0,0,0
2020,1062,0,0,0,0,0,0,0,0,0,0,0,0,0,0,0,0,0,0,0,0,0,0,0,0
2020,1006,0,0,0,0,0,0,0,0,0,0,0,0,0,0,0,0,0,0,0,0,0,0,0,0
2020,1088,0,0,0,0,0,0,0,0,0,0,0,0,0,0,0,217,0,0,0,0,0,168,0,0
2020,1089,2950,0,1,0,0,695,0,0,0,24,0,0,0,7344,0,21743,0,0,0,4454,0,672,6,0
2020,1076,0,0,0,0,0,0,0,0,0,0,0,0,0,0,0,0,0,0,0,0,0,0,0,0
2020,1078,0,0,0,0,0,0,0,0,0,0,0,0,0,0,0,0,0,0,0,0,0,0,0,0
2020,1033,13136,0,10,0,0,0,0,0,0,1217,0,0,0,8558,0,60716,0,0,0,19965,0,3329,594,217
2020,1037,0,0,0,0,0,0,0,0,0,0,0,0,0,0,0,0,0,0,0,0,0,0,0,0
2020,1039,0,0,0,0,0,0,0,0,0,0,0,0,0,0,0,0,0,0,0,0,0,0,0,0
2020,1067,0,0,0,0,0,0,0,0,0,0,0,0,0,0,0,0,0,0,0,0,0,0,0,0
2020,1065,0,0,0,0,0,0,0,0,0,0,0,0,0,0,0,623,0,0,0,0,0,0,0,0
2020,1066,0,0,0,0,0,0,989,0,0,1895,1452,0,0,7030,2074,9821,4925,0,0,5257,0,6943,82,52
2020,1100,0,0,0,0,0,0,0,0,0,0,0,0,0,0,0,0,0,0,0,0,0,0,0,0
2020,1105,0,0,0,0,0,0,0,0,0,0,0,0,0,0,0,0,0,0,0,0,0,0,0,0
2020,1107,0,0,0,0,0,0,0,0,0,0,0,0,0,0,0,0,0,0,0,0,0,0,0,0
2020,1111,0,0,0,0,0,0,0,0,0,0,0,0,0,0,0,0,0,0,0,0,0,0,0,0
2020,1121,0,0,0,0,0,0,0,0,0,0,0,0,0,0,0,0,0,0,0,0,0,0,0,0
2020,1119,0,0,0,0,0,0,0,0,0,0,0,0,0,0,0,0,0,0,0,0,0,0,0,0
2020,207,1027,0,0,0,0,0,0,0,0,0,0,0,0,0,0,0,0,0,0,0,0,495,9,0
2020,431,4,0,0,0,0,0,0,0,0,0,0,0,0,0,0,1751,0,0,0,0,0,0,0,0
2020,387,2851,0,3,0,0,0,0,0,0,2872,0,0,0,0,0,25262,0,0,0,4979,0,823,0,0
2020,179,0,0,0,0,0,0,0,0,0,0,0,0,0,0,0,92,0,0,0,0,0,0,0,0
2020,606,2183,0,7,0,0,0,0,0,0,1759,888,0,0,0,0,21780,2373,0,0,3998,0,869,0,0
2020,925,12867,0,32,3246,0,1536,0,5264,0,4715,0,0,0,10277,0,116921,0,0,0,20116,0,3547,485,237
2020,541,1418,0,0,0,0,0,0,0,0,1748,0,0,0,0,0,20860,0,0,0,4135,0,767,0,0
2020,797,2004,0,0,0,0,0,0,0,0,1494,0,0,0,0,0,25601,0,0,0,5105,0,341,0,0
2020,627,7599,0,0,0,0,0,0,0,0,1570,0,0,0,2616,0,42151,13633,0,0,9075,0,1665,138,98
2020,173,0,0,0,0,0,0,0,0,0,0,0,0,0,0,0,0,0,0,0,0,0,0,0,0
2020,636,10678,0,9,0,0,0,0,2418,0,7188,0,0,0,6239,0,89480,0,485,0,17077,0,2290,947,190
2020,205,0,0,0,0,0,0,0,0,0,322,0,0,0,738,0,6176,0,0,0,373,0,915,0,0
2020,814,0,0,0,0,0,0,0,0,0,0,0,0,0,0,0,4753,0,0,0,0,0,243,0,0
2020,881,1130,0,0,0,0,0,0,0,0,507,0,0,0,0,0,10909,0,0,0,0,0,94,13,0
2020,771,18470,0,29,761,,0,,6183,,5352,0,2965,,18174,,189840,14797,2264,,26229,,3833,531,
2020,533,869,0,0,0,0,0,0,0,0,169,0,0,0,0,0,6287,0,0,0,0,0,356,0,0
2020,447,3083,0,0,0,0,0,0,0,0,74,0,0,0,1153,0,14800,0,0,0,928,0,255,0,9
2020,815,433,0,0,29,0,189,0,0,0,523,0,0,0,2880,0,11897,0,0,0,1169,0,264,0,0
2020,801,15083,0,7,,,5859,,,,28931,0,,,6858,,235615,0,,,22565,,5986,411,
2020,800,5353,0,0,0,0,0,0,0,0,235,0,0,0,84,0,3830,0,0,0,279,0,1569,0,0
2020,389,3325,0,0,0,0,0,0,0,0,585,0,0,0,3573,0,60574,0,0,0,4749,0,1115,34,71
2020,695,12218,0,3,592,,759,,,,5948,0,,,7034,,91640,36840,,,16444,,3934,385,
2020,1157,1401,0,0,,,,,,,3219,0,,,,,25320,0,,,935,,874,809,
2020,1163,2000,0,0,0,0,0,0,0,0,19,0,0,0,0,0,25,0,0,0,0,0,160,0,0
2020,816,2516,0,0,0,0,0,0,0,0,2657,0,0,0,1909,0,45100,0,0,0,3727,0,771,24,0
2020,833,3116,0,2,0,0,0,0,0,0,4046,0,0,0,2509,0,63971,0,0,0,5150,0,1144,9,63
2020,870,5528,0,0,0,0,599,0,0,0,1174,0,0,0,6514,0,20655,0,0,0,6484,0,1101,28,30
2020,927,1905,0,0,0,0,0,0,0,0,602,0,0,0,7132,0,10068,0,0,0,0,0,3122,0,0
2020,961,7333,0,4,,,955,,1930,,22634,0,,,3428,,216345,0,719,,13350,,2487,187,
2020,962,0,0,0,0,0,0,0,0,0,161,0,0,0,638,0,2212,0,0,0,491,0,1328,0,0
2020,1079,378,0,0,0,0,52,0,0,0,102,0,0,0,1045,0,1518,0,0,0,0,0,73,0,0
2020,1101,2395,0,0,0,0,0,0,0,0,1017,0,0,0,2596,0,19089,0,0,0,3295,0,2349,4,61
2020,666,17819,0,56,324,0,0,1954,0,0,5112,0,0,0,10220,0,79437,26597,0,0,19091,0,1721,426,234
2020,392,0,0,0,0,0,0,0,0,0,0,0,0,0,0,0,1462,0,0,0,0,0,0,0,0
2020,790,4096,0,0,0,0,2246,0,3341,0,3707,0,2144,0,5785,0,12877,0,422,0,8878,0,1221,17,7
2020,650,4645,0,2,0,0,0,0,0,0,718,0,0,0,2214,0,48831,0,0,0,4284,0,919,33,0
2020,876,12453,0,37,0,0,0,0,0,0,1515,0,0,0,7805,0,45154,0,0,0,10747,0,1892,88,99
2020,944,0,0,0,0,0,0,0,0,0,0,0,0,0,1773,0,6907,0,0,0,531,0,0,0,0
2020,952,0,0,0,0,0,867,0,0,0,2506,0,0,0,6703,0,0,0,0,0,3172,0,0,0,0
2020,54,0,0,0,0,0,0,0,0,0,0,0,0,0,0,0,0,0,0,0,0,0,0,0,0
2020,367,2888,0,0,0,0,1049,0,0,0,30132,0,0,0,9483,0,18302,0,0,0,4878,0,1688,4,0
2020,538,10157,0,7,0,0,0,0,0,0,2629,0,0,0,7765,0,91440,3337,0,0,9472,0,1566,163,217
2020,557,4192,0,0,0,0,0,0,0,0,1165,0,0,0,0,0,28130,0,0,0,3856,0,880,14,0
2020,653,5020,0,3,0,0,0,0,0,0,777,0,0,0,4899,0,49990,3274,0,0,6008,189,1375,73,0
2020,647,4281,0,0,0,0,0,0,0,0,895,0,0,0,0,0,42793,0,0,0,5133,0,543,45,0
2020,978,16659,0,12,178,0,3220,0,8344,0,2833,0,10013,0,9786,0,145167,9742,2603,0,19664,382,2074,301,188
2020,996,0,0,0,0,0,0,0,0,0,671,0,0,0,7193,0,33765,0,0,0,3376,0,1155,36,0
2020,729,20604,0,49,2601,,13959,,4274,,12084,0,5321,,26445,,319008,56660,1716,,56631,,7411,1122,
2020,182,2383,0,0,0,0,0,0,0,0,255,0,0,0,7653,0,7653,0,0,0,3677,0,1571,9,0
2020,633,993,0,0,480,0,2225,0,0,0,4261,0,0,0,11464,0,48607,0,0,0,9209,0,364,3,58
2020,685,4021,0,0,,,,,,,2431,0,,,366,,92119,0,,,12443,,1090,219,
2020,683,4381,0,0,,,,,,,1362,,,,,,43921,0,,,5158,,1322,825,
2020,945,0,0,0,,,,,,,2843,0,,,0,,39811,0,,,4419,,1321,35,
2020,953,0,0,0,231,0,0,0,0,0,0,0,0,0,0,0,0,0,0,0,0,0,0,0,0
2020,1022,0,0,0,,,,,,,516,,,,,,29452,0,,,1761,,464,1,
2020,1049,0,0,0,0,,,,,,307,0,,,0,,14977,0,,,1227,,347,,
2020,1151,3417,0,0,6,0,624,0,40,0,1989,0,0,0,7196,0,28450,0,0,0,3422,0,1717,43,0
2020,794,46335,0,88,673,0,0,1744,0,0,8092,0,0,0,13137,0,172336,45611,0,0,45491,0,9173,1151,364
2020,415,113,0,0,0,0,0,0,0,0,601,0,2696,0,0,0,625,0,4543,0,4067,0,4,0,0
2020,592,5696,0,0,29,0,556,0,0,0,2693,0,0,0,3774,0,35125,0,0,0,4172,0,993,0,0
2020,497,2278,0,0,35,0,247,0,0,0,1560,0,0,0,6178,0,20869,0,0,0,5367,0,1049,8,29
2020,726,19545,0,27,0,0,1860,0,0,0,3657,0,0,0,4525,0,69397,13324,0,0,18795,0,2804,388,128
2020,272,1876,0,0,0,0,343,0,0,0,991,0,0,0,7807,0,22272,0,0,0,3621,0,756,5,0
2020,805,51019,0,84,2675,0,3500,0,3787,0,6515,0,4282,0,14047,0,165662,22747,1032,0,38175,0,6843,1761,606
2020,64,0,0,0,0,0,0,0,0,0,0,0,0,0,0,0,0,0,0,0,0,0,0,0,0
2020,842,0,0,0,0,0,0,0,0,0,436,0,0,0,2417,0,32455,0,0,0,5728,0,692,0,0
2020,843,0,0,0,0,0,0,0,0,0,405,0,0,0,0,0,23326,0,0,0,4110,0,610,0,0
2020,1127,6129,0,2,32,0,2183,0,1320,0,5904,0,408,0,6237,0,34899,0,350,0,6942,0,2086,78,25
2020,1158,14007,0,0,0,0,715,0,0,0,2511,0,0,0,10553,0,24014,0,0,0,4461,0,2020,4,11
2020,803,9666,0,4,0,0,940,0,0,0,2520,0,0,0,5271,0,62361,10331,1244,0,8749,92,2652,136,111
2020,211,1247,0,0,0,0,360,0,0,0,2150,0,0,0,1045,0,6974,0,0,0,1470,0,397,2,0
2020,773,17209,0,58,1601,0,3087,0,2013,0,3487,0,40,0,14875,0,71138,0,3618,0,32310,0,2374,589,433
2020,424,0,0,0,0,0,0,0,0,0,0,0,0,0,0,0,145324,0,0,0,0,0,1457,5,0
2020,298,14042,0,1,171,0,1953,0,3945,0,7021,0,1000,0,18006,0,18892,0,343,0,7064,0,1963,45,87
2020,594,624,0,0,0,0,0,0,0,0,467,0,0,0,804,0,4369,0,0,0,699,0,635,0,0
2020,237,0,0,0,0,0,0,0,0,0,0,0,0,0,103,0,8431,0,0,0,0,0,40,0,0
2020,16,0,0,0,0,0,0,0,0,0,0,0,0,0,0,0,0,0,0,0,0,0,0,0,0
2020,768,1459,0,0,0,0,0,0,0,0,1091,0,0,0,0,0,10011,0,0,0,1596,0,319,0,0
2020,617,7904,0,22,0,0,0,0,0,0,5138,0,0,0,3702,0,47291,0,0,0,7854,0,1153,279,0
2020,297,10364,0,0,0,0,1045,0,0,0,3061,0,0,0,5783,0,11421,0,0,0,0,0,503,0,0
2020,105,0,0,0,0,0,0,0,0,0,0,0,0,0,0,0,0,0,0,0,0,0,0,0,0
2020,544,2477,0,2,0,0,0,0,0,0,2716,0,0,0,0,0,31279,0,0,0,3091,0,722,0,0
2020,804,8752,0,12,0,0,1171,0,0,0,5083,0,0,0,4385,0,22273,0,0,0,6636,0,923,75,0
2020,104,0,0,0,0,0,0,0,0,0,0,0,0,0,0,0,0,0,0,0,0,0,1,0,0
2020,20,0,0,0,0,0,0,0,0,0,0,0,0,0,0,0,0,0,0,0,0,0,0,0,0
2020,550,0,0,0,0,0,0,0,0,0,4452,0,0,0,0,0,41934,0,0,0,0,0,771,0,0
2020,112,0,0,0,0,0,0,0,0,0,0,0,0,0,0,0,0,0,0,0,0,0,0,0,0
2020,818,0,0,0,0,0,0,0,0,0,0,0,0,0,0,0,0,0,0,0,0,0,0,0,0
2020,882,0,0,0,0,0,0,0,0,0,0,0,0,0,0,0,0,0,0,0,0,0,0,0,0
2020,914,0,0,0,0,0,0,0,0,0,0,0,0,0,0,0,0,0,0,0,0,0,0,0,0
2020,928,0,0,0,0,0,0,0,0,0,0,0,0,0,0,0,0,0,0,0,0,0,0,0,0
2020,964,6812,0,16,0,0,0,0,0,0,2495,0,0,0,4920,0,36297,0,0,0,6851,0,1605,0,0
2020,1026,0,0,0,0,0,0,0,0,0,0,0,0,0,0,0,0,0,0,0,0,0,0,0,0
2020,1068,0,0,0,0,0,0,0,0,0,0,0,0,0,0,0,0,0,0,0,0,0,0,0,0
2020,1108,0,0,0,0,0,0,0,0,0,1368,0,0,0,2694,0,19071,0,0,0,4608,0,262,0,0
2020,404,1365,0,0,0,0,0,0,0,0,0,0,0,0,23,0,2987,0,0,0,3,0,2357,0,0
2020,270,5680,0,1,0,0,3563,0,688,0,4873,0,0,0,5879,0,21397,0,95,0,5743,0,1299,15,8
2020,676,0,0,0,0,,,,,,3766,0,,,1874,,67444,0,,,5995,,670,22,40
2020,709,8110,0,18,,,,,,,7506,0,,,0,,123400,0,,,10485,,2650,473,
2020,754,50896,0,86,3401,,5540,,3367,,5414,0,3303,,27438,,258790,0,824,,51412,,5479,862,15
2020,997,2433,0,0,,,,,,,3210,0,,,0,,34995,0,,,2666,,797,532,
2020,1069,1570,0,0,,,,,,,2919,0,,,,,25116,0,,,2074,,730,337,
2020,1118,0,0,0,0,0,1464,0,945,0,2812,0,0,0,8603,0,9789,0,0,0,3691,0,2465,0,0
2020,1116,25750,0,47,1378,,7494,,3912,,7787,0,,,13666,,211019,0,2262,,37555,,5537,390,
2020,734,19960,0,13,278,0,0,0,0,0,3084,0,0,0,9077,0,93253,19808,0,0,16288,255,384,772,154
2020,299,2498,0,0,0,0,2778,0,0,0,2716,0,0,0,4837,0,20093,0,0,0,1490,0,544,0,0
2020,1046,0,0,0,0,0,0,0,0,0,0,0,0,0,0,0,0,0,0,0,0,0,0,0,0
2020,420,0,0,0,0,0,0,0,0,0,0,0,0,0,1597,0,4717,0,0,0,0,0,0,0,0
2020,802,0,0,0,0,0,0,0,0,0,0,0,0,0,0,0,1106,0,0,0,0,0,0,0,0
2020,266,4905,0,1,0,0,0,0,0,0,844,0,0,0,12084,0,26858,0,0,0,4610,0,0,0,0
2020,769,3104,0,14,0,0,53,0,3206,0,29681,0,2071,0,2525,0,5283,0,1285,0,7263,0,1342,0,3
2020,776,3154,166,0,0,0,0,0,0,0,0,0,0,0,0,0,22940,14513,0,0,6719,0,1211,65,0
2020,640,0,0,0,0,0,0,0,0,0,0,0,0,0,0,0,33718,0,0,0,3745,0,398,0,0
2020,315,0,0,0,0,0,0,0,0,0,0,0,0,0,0,0,0,0,0,0,0,0,0,0,0
2020,40,0,0,0,0,0,0,0,0,0,0,0,0,0,0,0,0,0,0,0,0,0,0,0,0
2020,508,2532,0,0,0,0,0,0,0,0,0,0,0,0,4998,0,14109,2958,0,0,5402,0,0,0,0
2020,46,0,0,0,0,0,0,0,0,0,0,0,0,0,0,0,0,0,0,0,0,0,0,0,0
2020,590,4502,665,2,0,0,0,0,0,0,0,0,0,0,0,0,30508,14499,0,0,5899,0,2013,81,0
2020,777,4075,920,6,0,0,0,0,0,0,0,0,0,0,0,0,40223,0,0,0,4461,0,688,120,0
2020,897,22793,3513,38,609,0,0,4677,0,0,7503,0,11,0,253,0,105285,81086,0,0,32615,6034,4298,1150,5
2020,965,0,0,0,0,0,0,0,0,0,0,0,0,0,0,0,0,0,0,0,0,0,0,0,0
2020,671,5132,0,2,,,,,,,6872,,,,6693,,83180,0,,,10753,,1146,164,112
2020,376,14967,0,0,0,0,306,0,0,0,1186,0,0,0,0,0,6356,0,0,0,5333,0,3672,0,0
2020,621,1707,0,0,,,,,,,3531,0,,,4298,,74977,0,,,4540,,536,105,
2020,793,11768,0,27,1211,,6757,,3350,,5779,0,,,8513,,152018,65405,3295,,23577,,3912,480,3
2020,1102,3574,0,0,0,0,361,0,0,0,1371,0,0,0,4078,0,26314,0,0,0,2980,0,1496,0,0
2020,1147,366,0,0,0,0,0,0,0,0,29,0,0,0,0,0,22499,0,0,0,741,0,127,0,0
2020,712,6714,0,10,0,0,0,0,0,0,1640,0,0,0,1834,0,45234,0,0,0,8469,0,2414,129,223
2020,32,0,0,0,0,0,0,0,0,0,0,0,0,0,0,0,0,0,0,0,0,0,0,0,0
2020,361,0,0,0,0,0,0,0,0,0,8697,0,0,0,0,0,2085,0,0,0,1071,0,0,0,0
2020,486,0,0,0,0,0,0,0,1062,0,509,0,0,0,312,0,4805,0,0,0,1378,0,306,0,0
2020,595,4389,0,1,0,0,0,0,0,0,3387,0,0,0,0,0,44790,7776,0,0,8451,0,1239,60,0
2020,433,0,0,0,0,0,0,0,0,0,696,0,0,0,0,0,14648,0,0,0,1558,0,0,0,0
2020,1058,0,0,0,0,0,0,0,0,0,251,0,0,0,0,0,5187,0,0,0,0,0,72,0,0
2020,261,2009,0,0,0,0,0,0,0,0,0,0,0,0,0,0,6055,0,0,0,0,0,0,0,0
2020,730,0,0,0,,,,,,,10795,0,,,0,,117365,0,,,6704,,2713,124,
2020,577,3680,0,1,,,,,,,10386,0,,,0,,110834,0,,,8115,,1561,1328,
2020,788,16539,0,27,80,,3712,,3558,,4238,0,,,12613,,149200,22542,1331,,27662,,4247,300,
2020,865,0,0,0,,,,,,,4988,,,,0,,44881,0,,,5130,,933,11,
2020,979,0,0,0,,,,,,,1280,,,,0,,13987,0,,,1761,,273,5,
2020,998,0,0,0,,,,,,,661,,,,,,8733,0,,,0,,41,,
2020,1072,0,0,0,,,,,,,1719,0,,,0,,26228,0,,,2032,,201,,
2020,221,1993,0,0,0,0,14,0,0,0,275,0,0,0,3335,0,19261,0,0,0,1485,0,167,11,0
2020,506,230,0,0,0,0,564,0,8,0,5,0,0,0,3937,0,39569,0,0,0,2521,0,1065,5,0
2020,727,12586,0,8,0,0,0,0,0,0,2569,0,0,0,5954,0,70409,0,0,0,18788,0,2658,222,14
2020,355,2531,0,0,0,0,0,0,0,0,823,0,0,0,1982,0,9423,0,0,0,1107,0,233,0,0
2020,487,523,0,0,0,0,4,0,0,0,12,0,0,0,3665,0,10379,0,0,0,2568,0,437,1,0
2020,938,15145,0,26,1932,0,2757,0,6794,0,3913,4108,0,0,10831,0,128258,48913,1891,0,25858,0,5509,485,268
2020,999,0,0,0,0,0,0,0,0,0,0,0,0,0,0,0,100,0,0,0,0,0,0,0,0
2020,798,19506,0,38,590,0,0,0,0,0,6487,0,0,0,0,0,99969,0,0,0,24422,0,2395,1021,329
2020,504,947,0,0,1191,0,0,0,0,0,899,0,0,0,17773,0,34057,0,0,0,11341,0,1602,18,0
2020,247,2705,2705,0,0,0,0,891,0,0,0,3698,0,0,0,0,7526,11289,0,0,3762,0,858,0,0
2020,216,2532,0,0,0,0,1226,0,0,0,2126,0,0,0,3558,0,16254,0,0,0,3279,0,628,1,1
2020,65,0,0,0,0,0,0,0,0,0,0,0,0,0,0,0,0,0,0,0,0,0,0,0,0
2020,472,0,0,0,0,0,0,0,0,0,1168,0,0,0,0,0,11393,0,0,0,1961,0,169,0,0
2020,427,0,0,0,0,0,0,0,0,0,0,0,0,0,0,0,2770,0,0,0,0,0,0,0,0
2020,491,507,0,0,0,0,0,0,0,0,1402,0,0,0,0,0,10483,0,0,0,0,0,251,0,0
2020,551,425,0,0,0,0,0,0,0,0,587,0,0,0,0,0,5606,0,0,0,883,0,80,0,0
2020,106,0,0,0,0,0,0,0,0,0,0,0,0,0,0,0,0,0,0,0,0,0,0,0,0
2020,819,0,0,0,0,0,0,0,0,0,0,0,0,0,0,0,0,0,0,0,0,0,0,0,0
2020,836,0,0,0,0,0,0,0,0,0,0,0,0,0,0,0,0,0,0,0,0,0,0,0,0
2020,915,0,0,0,0,0,0,0,0,0,0,0,0,0,0,0,0,0,0,0,0,0,0,0,0
2020,942,0,0,0,0,0,0,0,0,0,0,0,0,0,0,0,0,0,0,0,0,0,0,0,0
2020,1140,0,0,0,0,0,0,0,0,0,0,0,0,0,0,0,0,0,0,0,0,0,0,0,0
2020,748,14493,4727,27,0,0,0,1467,0,1389,5819,10879,0,1667,15363,2624,105917,38190,0,584,27669,3654,3489,516,269
2020,198,0,0,0,0,0,0,0,0,0,0,0,0,0,0,0,0,0,0,0,0,0,0,0,0
2020,871,2619,0,0,0,0,456,0,0,0,232,0,0,0,6319,0,26282,0,0,0,4579,0,942,57,10
2020,948,0,0,0,0,0,57,0,0,0,0,0,0,0,3352,0,18684,0,0,0,1553,0,452,0,0
2020,1051,0,0,0,0,0,0,0,0,0,0,0,0,0,0,0,0,0,0,0,0,0,0,0,0
2020,1083,0,0,0,0,0,0,0,0,0,0,0,0,0,0,0,0,0,0,0,0,0,0,0,0
2020,1096,0,0,0,0,0,0,0,0,0,0,0,0,0,0,0,0,0,0,0,0,0,0,0,0
2020,1159,393,0,0,0,0,1023,0,0,0,3570,0,0,0,0,0,0,0,0,0,0,0,0,0,0
2020,679,14398,0,10,1562,0,619,0,1690,0,6468,0,0,0,7931,0,161874,0,118,0,28336,0,4197,419,484
2020,176,0,0,0,0,0,0,0,0,0,443,0,0,0,6853,0,13410,0,0,0,2738,0,367,0,0
2020,537,738,0,1,0,0,0,0,0,0,584,0,0,0,2256,0,5622,0,0,0,1394,0,1054,0,0
2020,608,7909,0,3,0,0,0,0,0,0,1361,0,0,0,4182,0,45717,0,0,0,6546,0,813,61,0
2020,596,1891,0,0,0,0,0,0,0,0,516,0,0,0,0,0,27285,0,0,0,4252,0,733,48,0
2020,749,33938,0,35,2394,0,1896,0,2913,0,8257,1204,2186,0,22793,0,163556,49561,942,0,52122,0,10591,1525,1357
2020,758,27384,1312,136,1015,0,5502,0,8003,0,7524,0,3719,0,28294,0,177811,64295,1215,0,54454,0,6979,797,288
2020,1104,20644,0,63,1112,0,4878,0,2617,0,10853,2231,4975,0,15387,0,34892,42504,494,0,13935,0,5558,44,337
2020,567,4777,0,0,0,0,3791,0,0,0,3326,0,0,0,0,0,6296,0,0,0,1210,0,864,0,0
2020,677,10084,0,7,345,0,1838,0,0,0,6124,0,0,0,12039,0,84926,12891,2060,0,25006,0,4142,937,494
2020,670,2269,0,0,0,0,0,0,0,0,0,0,0,0,7551,0,23026,0,0,0,2011,0,135,45,0
2020,588,2540,0,0,0,0,0,0,965,0,964,0,0,0,0,0,13500,0,0,0,2706,0,316,0,0
2020,753,24403,0,38,1442,0,6425,0,4220,0,8160,0,4232,0,18814,0,178183,37940,962,0,47834,0,7284,825,408
2020,887,0,0,0,0,0,0,0,0,0,0,0,0,0,0,0,1393,0,0,0,0,0,0,0,0
2020,245,0,0,0,0,0,7717,0,0,0,19059,0,0,0,19502,0,48491,0,0,0,10801,0,693,26,9
2020,603,5201,0,0,0,0,0,0,0,0,2061,0,0,0,10030,0,62876,0,0,0,6364,0,1491,7,0
2020,426,0,0,0,0,0,0,0,0,0,565,0,0,0,3480,0,4206,0,0,0,1793,0,485,0,0
2020,232,15430,0,0,0,0,2025,0,0,0,4530,0,0,0,2471,0,7420,0,0,0,0,0,583,0,0
2020,288,1799,0,0,0,0,369,0,0,0,3860,0,0,0,13169,0,56891,0,0,0,9991,0,5259,1,1
2020,246,3410,0,0,0,0,1167,0,0,0,,0,0,0,4737,0,10244,0,0,0,1998,0,1919,0,0
2020,284,0,0,0,0,0,3149,0,0,0,10521,0,0,0,11962,0,62034,0,0,0,5645,0,2022,965,0
2020,18,0,0,0,0,0,0,0,0,0,0,0,0,0,0,0,0,0,0,0,0,0,0,0,0
2020,356,0,0,0,0,0,0,0,0,0,0,0,0,0,0,0,0,0,0,0,0,0,0,0,0
2020,401,0,0,0,0,0,0,0,0,0,0,0,0,0,0,0,528,0,0,0,0,0,0,0,0
2020,733,36318,0,24,4151,0,3690,5065,2846,0,5630,21125,0,0,48574,9556,153519,78925,0,0,36205,12040,11687,2233,995
2020,243,0,0,0,0,0,0,0,0,0,826,0,0,0,5287,0,18671,0,0,0,3238,0,2888,0,0
2020,380,0,0,0,0,0,0,0,0,0,0,0,0,0,0,0,0,0,0,0,0,0,0,0,0
2020,716,7877,0,0,0,0,0,0,0,0,0,0,0,0,10145,0,33696,0,0,0,7443,0,2351,0,0
2020,534,8272,0,0,32,0,2148,0,1907,0,1888,0,0,0,15864,0,44365,0,0,0,8368,0,1423,53,0
2020,185,0,0,0,0,0,0,0,0,0,754,0,0,0,1498,0,2278,0,0,0,762,0,221,0,0
2020,258,7677,0,0,0,0,1217,0,0,0,3071,0,480,0,7838,0,24287,0,0,0,6746,0,3226,29,11
2020,505,0,0,0,0,0,748,0,3,0,743,0,0,0,2408,0,4628,0,0,0,854,0,3401,0,0
2020,268,3701,0,0,110,0,1235,0,0,0,2443,0,0,0,8162,0,30136,0,0,0,6820,0,441,3081,0
2020,602,5621,0,0,180,0,1954,0,0,0,5611,0,1128,0,9307,0,35574,0,870,0,5181,0,1092,26,2
2020,254,3524,0,0,0,0,1610,0,1622,0,3432,0,1180,0,1740,0,9622,0,0,0,4111,0,1637,6,8
2020,705,17304,0,0,518,0,0,0,0,0,3931,0,0,0,12452,0,40610,0,0,0,9823,0,2257,81,87
2020,133,2638,0,0,0,0,2196,0,0,0,8160,0,0,0,0,0,1285,0,0,0,0,0,0,0,0
2020,33,0,0,0,0,0,0,0,0,0,0,0,0,0,0,0,0,0,0,0,0,0,0,0,0
2020,143,0,0,0,0,0,0,0,0,0,0,0,0,0,0,0,0,0,0,0,0,0,0,0,0
2020,36,0,0,0,0,0,0,0,0,0,0,0,0,0,0,0,0,0,0,0,0,0,0,0,0
2020,756,10910,0,10,467,0,1845,0,0,0,2528,0,0,0,7628,0,92749,0,1365,0,14669,0,2543,221,119
2020,662,36165,0,6,544,0,0,1062,1321,0,2707,5462,0,0,4922,5177,116532,30519,0,0,15752,3729,5484,576,139
2020,192,0,0,0,0,0,0,0,0,0,0,0,0,0,0,0,0,0,0,0,0,0,0,0,0
2020,382,0,0,0,0,0,0,0,0,0,0,0,0,0,0,0,1929,0,0,0,0,0,0,0,0
2020,322,0,0,0,0,0,0,0,0,0,0,0,0,0,0,0,1880,0,0,0,0,0,0,0,0
2020,478,0,0,0,0,0,0,0,0,0,0,0,0,0,4147,0,11585,0,0,0,1488,0,0,0,0
2020,352,0,0,0,0,0,0,0,0,0,0,0,0,0,0,0,3324,0,0,0,0,0,0,0,0
2020,628,17222,0,14,72,0,0,0,0,0,4966,0,0,0,5900,0,67065,18361,0,0,15720,0,3738,293,141
2020,495,0,0,0,0,0,0,0,0,0,0,0,0,0,5925,0,35563,0,0,0,2559,0,0,0,0
2020,845,10924,0,14,0,0,0,0,0,0,4535,4059,0,0,8671,0,78744,18834,0,0,11014,0,2915,296,198
2020,498,4018,0,0,0,0,0,0,0,0,3639,0,0,0,20540,0,40182,0,0,0,4428,0,1045,8,0
2020,314,0,0,0,0,0,0,0,0,0,0,0,0,0,0,0,2710,0,0,0,0,0,0,0,0
2020,720,4397,0,0,0,0,0,0,0,0,4071,0,0,0,13790,0,41098,0,0,0,5291,0,1577,48,26
2020,721,11555,0,35,2536,0,0,0,0,0,4506,3411,3403,0,12879,0,76162,21417,4430,0,16152,0,3257,401,125
2020,485,6,0,0,0,0,0,0,0,0,0,0,0,0,0,0,0,0,0,0,0,0,0,0,0
2020,273,3829,0,0,717,0,212,0,0,0,3635,0,0,0,7305,0,37119,0,0,0,9319,0,1730,81,61
2020,846,10875,0,36,124,0,1043,0,2780,0,8576,0,0,0,10189,0,91246,0,0,0,19992,0,2844,355,73
2020,847,0,0,0,0,0,0,0,0,0,0,0,0,0,29122,5537,56255,21295,0,0,6052,0,992,0,0
2020,848,22873,0,8,210,0,2110,0,0,0,6570,0,0,0,14961,0,67792,0,0,0,7625,0,2104,58,55
2020,916,9925,0,0,0,0,1537,0,1241,0,6062,0,935,0,7831,0,6564,0,0,0,11103,0,1599,58,57
2020,930,0,0,0,0,0,2336,0,0,0,4654,0,0,0,16833,0,44745,0,0,0,7482,0,2368,35,33
2020,954,14849,0,29,57,0,0,1431,1959,0,5149,4266,1614,0,8144,0,89561,17834,468,0,18491,0,3935,3053,90
2020,943,7163,0,0,0,0,0,0,0,0,3928,0,0,0,14415,0,44821,0,0,0,5663,0,1739,13,0
2020,949,48234,0,97,10,0,4309,0,5398,0,14694,0,3315,0,25841,0,176868,10532,1234,0,62909,0,9307,1289,255
2020,980,17801,0,0,1191,0,1556,0,0,0,5072,0,826,0,11986,0,19069,0,4118,0,7052,0,0,0,0
2020,981,0,0,0,0,0,0,0,0,0,6,0,0,0,3216,0,5241,0,0,0,925,0,121,0,0
2020,1024,27507,0,0,66,0,1802,0,3172,0,8939,0,2416,0,23908,0,54631,0,228,0,14914,0,3758,516,115
2020,1017,0,0,0,0,0,0,0,0,0,0,0,0,0,0,0,0,0,0,0,0,0,0,0,0
2020,1000,27766,0,0,0,0,2174,0,2718,0,5838,0,2259,0,20666,0,85493,0,284,0,24511,0,4491,177,160
2020,1018,10955,0,5,17,0,2373,0,904,0,6605,0,0,0,16859,0,91595,0,0,0,16109,0,3089,253,58
2020,1001,8864,0,1,1,0,1439,0,0,0,500,0,0,0,8004,0,5714,0,0,0,2531,0,2323,,
2020,1007,13150,0,32,0,0,2368,0,0,0,11356,0,0,0,11742,0,129739,0,0,0,18623,0,4222,317,140
2020,1008,12346,0,4,0,0,0,0,0,0,7674,0,0,0,6567,0,86648,0,0,0,10688,0,3208,317,63
2020,1010,8947,0,3,0,0,0,0,0,0,4432,0,0,0,5592,0,66410,0,0,0,7314,0,1752,181,56
2020,1011,5058,0,2,0,0,0,0,0,0,3600,0,0,0,4093,0,50779,0,0,0,5450,0,792,74,23
2020,1012,12054,0,2,0,0,0,0,0,0,6291,0,0,0,5928,0,66234,0,0,0,9640,0,1955,215,76
2020,1013,42771,0,40,2173,0,2437,0,0,0,18286,0,5477,0,22255,0,188545,0,5101,0,38578,0,7549,1525,387
2020,1041,0,0,0,0,0,0,0,0,0,0,0,0,0,0,0,0,0,0,0,0,0,0,0,0
2020,1073,11535,0,2,171,0,1638,0,0,0,7569,0,0,0,7087,0,63911,0,0,0,13539,0,2126,10,87
2020,1087,16643,0,19,91,0,3278,0,1912,0,7921,0,4605,0,25085,0,132238,0,1912,0,20716,0,4147,752,90
2020,1109,10766,0,6,3,0,1009,0,1325,0,6291,0,0,0,15525,0,97717,0,427,0,14420,0,3023,197,119
2020,1110,15465,0,2,293,0,0,0,1052,0,4566,0,570,0,14119,0,31963,0,179,0,8012,0,1991,87,43
2020,1112,3915,0,0,0,0,1945,0,486,0,2560,0,0,0,3021,0,22194,0,0,0,1066,0,1009,0,0
2020,1156,0,0,0,0,0,0,0,0,0,0,0,0,0,1913,0,11227,0,0,0,1257,0,0,0,0
2020,1155,0,0,0,0,0,0,0,0,0,0,0,0,0,0,0,0,0,0,0,0,0,0,0,0
2020,1148,5947,0,0,393,0,1094,0,0,0,3096,0,1184,0,7094,0,21319,0,649,0,9318,0,1655,47,27
2020,1126,23822,0,9,0,0,2086,0,0,0,4026,3358,0,0,7790,0,100415,35828,0,0,16319,0,5379,242,134
2020,1160,0,0,0,0,0,0,0,0,0,0,0,0,0,0,0,44,0,0,0,0,0,0,0,0
2020,1152,0,0,0,0,0,0,0,0,0,0,0,0,0,0,0,0,0,0,0,0,0,0,0,0
2020,789,0,0,0,0,0,0,0,0,0,0,0,0,0,0,0,0,0,0,0,0,0,0,0,0
2020,326,0,0,0,0,0,0,0,0,0,0,0,0,0,0,0,0,0,0,0,0,0,0,0,0
2020,442,7002,0,0,0,0,1358,0,855,0,3293,0,0,0,8752,0,40442,0,0,0,8357,0,2715,0,47
2020,294,0,0,0,0,0,1040,0,0,0,2422,0,0,0,5942,0,27122,0,0,0,6860,0,1263,16,48
2020,378,958,0,0,0,0,0,0,0,0,0,0,0,0,0,0,2188,0,0,0,537,0,436,0,0
2020,402,0,0,0,42,0,0,0,0,0,2012,0,0,0,1254,0,6584,0,0,0,450,0,5380,0,0
2020,29,0,0,0,0,0,0,0,0,0,0,0,0,0,0,0,0,0,0,0,0,0,0,0,0
2020,450,999,0,0,0,0,0,0,0,0,0,0,0,0,0,0,4200,0,0,0,0,0,1042,0,0
2020,656,9700,0,0,,,,,,,6427,0,,,2117,,94714,0,,,7793,,1353,703,
2020,333,10523,0,0,158,0,793,0,0,0,1158,0,0,0,5611,0,4749,0,0,0,3393,0,1188,101,0
2020,684,0,0,0,,,,,,,8128,0,,,7887,,129470,0,,,14129,,3236,184,
2020,422,371,0,0,30,0,0,0,0,0,504,0,0,0,1145,0,5145,0,0,0,380,0,810,1,0
2020,763,20570,0,7,5289,,,,6126,,6992,0,2923,,26150,,264797,29118,3387,,48249,,5234,531,
2020,741,27295,0,21,788,,6210,,4985,,9182,3236,1170,,13566,,262002,90614,2755,,37904,,4033,533,4
2020,553,16920,0,11,1474,0,0,0,0,0,8148,0,0,0,20234,0,180378,10970,0,0,29466,0,4194,1330,0
2020,899,0,0,0,0,0,0,0,0,0,0,0,0,0,0,0,0,0,0,0,0,0,0,0,0
2020,900,991,0,0,0,0,0,0,0,0,615,0,474,0,1690,0,1446,0,0,0,1374,0,300,0,0
2020,950,5761,0,0,0,0,1437,0,0,0,4107,0,0,0,4196,0,49008,0,0,0,1672,0,1197,0,0
2020,966,2919,0,0,112,0,650,0,0,0,1093,0,0,0,2295,0,13201,0,0,0,1364,0,640,4,7
2020,967,0,0,0,0,0,0,0,0,0,0,0,0,0,0,0,0,0,0,0,0,0,0,0,0
2020,982,5983,0,0,0,0,913,0,,0,3471,0,0,0,10753,0,41840,0,1694,0,11634,0,703,64,30
2020,1080,16130,0,3,382,0,2904,0,0,0,4820,0,0,0,12921,0,34225,0,0,0,11325,0,2529,180,49
2020,1074,275,0,0,0,0,0,0,0,0,658,0,0,0,2589,0,3597,0,0,0,983,0,186,0,8
2020,1084,1238,0,0,0,0,14,0,0,0,788,0,0,0,277,0,9293,0,0,0,546,0,498,0,0
2020,1113,9,0,1,0,0,0,0,0,0,0,0,0,0,0,0,85,0,0,0,0,0,0,0,0
2020,1137,0,0,0,46,0,0,0,0,0,73,0,0,0,616,0,1275,0,0,0,830,0,19,2,0
2020,1142,3174,0,5,,,,,,,4321,0,,,3645,,51859,0,,,6293,,872,61,
2020,722,20231,0,38,743,0,4904,0,5309,0,3869,0,5034,0,9134,0,126549,16294,611,0,27431,0,3539,726,271
2020,660,18957,0,37,193,0,0,0,0,0,3088,0,0,0,4132,0,99171,0,0,0,19216,0,3030,381,62
2020,75,0,0,0,0,0,0,0,0,0,0,0,0,0,0,0,0,0,0,0,0,0,0,0,0
2020,249,4213,0,0,129,0,374,0,0,0,1019,0,0,0,4223,0,21211,0,0,0,2984,0,972,0,22
2020,227,2289,0,0,0,0,4499,0,0,0,2882,0,0,0,8346,0,27144,0,0,0,6807,0,1525,10,1
2020,150,1094,0,0,0,0,0,0,0,0,540,0,0,0,0,0,6089,0,0,0,0,0,1200,0,0
2020,47,0,0,0,0,0,0,0,0,0,0,0,0,0,0,0,0,0,0,0,0,0,0,0,0
2020,172,205,0,0,0,0,0,0,0,0,0,0,0,0,6268,0,11599,0,0,0,1918,0,12,0,0
2020,581,5004,0,3,0,0,0,0,0,0,716,0,0,0,0,0,43437,0,0,0,5500,0,932,172,0
2020,120,259,0,0,0,0,0,0,0,0,0,0,0,0,0,0,648,0,0,0,0,0,0,0,0
2020,445,0,0,0,0,0,0,0,0,0,0,0,0,0,0,0,0,0,0,0,0,0,0,0,0
2020,471,0,0,0,0,0,0,0,0,0,0,0,0,0,0,0,9237,0,0,0,167,0,120,4,0
2020,53,0,0,0,0,0,0,0,0,0,0,0,0,0,0,0,0,0,0,0,0,0,0,0,0
2020,199,479,0,0,0,0,104,0,0,0,285,0,0,0,0,0,10365,0,0,0,0,0,547,0,0
2020,575,4884,0,0,0,0,0,0,0,0,960,0,0,0,154,0,59887,0,0,0,5605,0,1212,154,0
2020,528,5989,0,1,0,0,0,0,0,0,741,0,0,0,0,0,21590,5011,0,0,3868,0,931,0,0
2020,631,9950,0,5,0,0,0,0,0,0,2825,0,0,0,0,0,73684,35051,0,0,7039,0,1927,156,0
2020,699,19014,0,0,0,0,0,0,0,0,3942,0,0,0,3291,0,70528,9253,0,0,16183,0,3243,259,133
2020,823,0,0,0,0,0,0,0,0,0,0,0,0,0,0,0,10187,0,0,0,0,0,0,0,0
2020,849,3935,0,0,0,0,0,0,0,0,3133,0,0,0,0,0,26209,0,0,0,3762,0,754,23,0
2020,869,659,0,0,0,0,40,0,0,0,119,0,0,0,0,0,54300,0,0,0,1344,0,595,0,0
2020,955,0,0,0,0,0,0,0,0,0,0,0,0,0,0,0,0,0,0,0,0,0,0,0,0
2020,983,0,0,0,0,0,0,0,0,0,0,0,0,0,0,0,0,0,0,0,0,0,0,0,0
2020,1002,0,0,0,0,0,0,0,0,0,0,0,0,0,0,0,0,0,0,0,0,0,0,0,0
2020,1015,23607,0,72,424,0,0,0,1848,0,3854,0,3649,0,8317,0,165216,0,205,0,18934,0,3725,680,332
2020,1153,0,0,0,0,0,856,0,0,0,1007,0,0,0,7805,0,23675,0,0,0,1786,0,2416,0,0
2020,51,0,0,0,0,0,0,0,0,0,0,0,0,0,0,0,0,0,0,0,0,0,0,0,0
2020,441,749,0,0,0,0,0,0,0,0,0,0,0,0,0,0,3412,0,0,0,0,0,0,0,0
2020,327,0,0,0,0,0,0,0,0,0,0,0,0,0,0,0,0,0,0,0,0,0,0,0,0
2020,690,10289,0,4,1007,0,1346,0,0,0,6109,0,4778,0,10142,0,39927,0,1665,0,16255,0,2325,194,82
2020,262,4156,0,2,0,0,377,0,0,0,1463,325,0,0,4448,1152,25816,2713,0,0,4133,0,907,42,37
2020,403,0,0,0,0,0,0,0,0,0,0,0,0,0,0,0,1043,0,0,0,0,0,0,0,0
2020,312,0,0,0,0,0,0,0,0,0,0,0,0,0,0,0,0,0,0,0,0,0,0,0,0
2020,589,0,0,0,0,0,0,0,0,0,251,0,0,0,0,0,38091,0,0,0,3262,0,1276,16,0
2020,665,4836,0,14,0,0,0,0,0,0,502,0,0,0,4671,0,56627,0,0,0,7744,0,1327,40,0
2020,334,0,0,0,0,0,0,0,0,0,0,0,0,0,0,0,0,0,0,0,0,0,0,0,0
2020,1075,78161,0,132,1595,0,2459,0,4764,0,10552,0,0,0,10680,3690,145959,162280,2233,0,30622,7258,7221,709,767
2020,751,24788,0,43,300,0,4122,0,2440,0,8323,0,0,0,8489,0,120465,10805,1467,0,24731,0,4537,731,499
2020,186,0,0,0,0,0,64,0,0,0,309,0,0,0,3828,0,4277,0,0,0,752,0,75,0,0
2020,646,1555,0,5,0,0,0,0,0,0,222,0,0,0,0,0,19374,0,0,0,2744,0,441,0,0
2020,536,0,0,0,0,0,0,0,0,0,458,0,0,0,0,0,23538,0,0,0,3012,0,660,0,0
2020,242,209,0,0,0,0,0,0,0,0,0,0,0,0,0,0,0,0,0,0,0,0,407,0,0
2020,490,0,0,0,0,0,0,0,0,0,9247,0,0,0,0,0,4896,0,0,0,0,0,0,0,0
2020,500,5034,0,0,0,0,2029,0,520,0,8409,0,378,0,10910,0,14887,0,51,0,4001,0,1467,59,25
2020,206,2049,0,0,0,0,265,0,0,0,1713,0,0,0,9071,0,7342,0,0,0,1953,0,599,0,0
2020,58,0,0,0,0,0,0,0,0,0,0,0,0,0,0,0,0,0,0,0,0,0,0,0,0
2020,572,8944,0,12,0,0,0,0,0,0,3429,0,0,0,5136,0,86607,0,0,0,13441,0,2893,301,170
2020,180,806,0,0,0,0,2082,0,0,0,5489,0,0,0,0,0,2228,0,0,0,0,0,0,0,0
2020,549,1476,0,5,0,0,0,0,0,0,1551,0,0,0,0,0,19376,0,0,0,2085,0,499,27,0
2020,582,1745,0,1,0,0,0,0,0,0,2719,0,0,0,0,0,23624,0,0,0,3157,0,408,69,18
2020,743,13246,0,50,0,0,0,0,0,0,3592,0,0,0,7740,0,97725,26451,0,0,16500,0,4304,167,166
2020,795,4320,0,0,0,0,0,0,0,0,10864,0,0,0,0,0,6955,0,0,0,0,0,0,0,0
2020,269,546,0,1,0,0,0,0,0,0,0,0,0,0,1,0,35824,0,0,0,0,0,654,0,0
2020,634,3430,0,5,0,0,0,0,0,0,1811,0,0,0,4368,0,33028,0,0,0,5751,0,1664,58,136
2020,1,0,0,0,0,0,528,0,0,0,2805,0,0,0,4800,0,25770,0,0,0,2052,0,895,760,88
2020,717,3911,0,5,0,0,0,0,0,0,1900,0,0,0,3837,0,46988,0,0,0,7223,0,1506,73,0
2020,373,0,0,0,0,0,0,0,0,0,3497,0,0,0,0,0,1040,0,0,0,0,0,0,0,0
2020,824,22466,0,88,645,0,5470,0,8177,0,18759,0,2554,0,18371,0,212379,32269,900,0,45683,0,5526,1450,387
2020,888,1529,0,3,0,0,0,0,0,0,723,0,0,0,0,0,23397,0,0,0,2956,0,219,55,0
2020,902,0,0,0,0,0,0,0,0,0,0,0,0,0,0,0,39,0,0,0,0,0,0,0,0
2020,968,0,0,0,0,0,0,0,0,0,0,0,0,0,0,0,0,0,0,0,0,0,0,0,0
2020,1154,5835,0,4,0,0,0,0,0,0,5404,0,0,0,3392,0,36387,0,0,0,6244,0,1248,85,37
2020,1130,0,0,0,0,0,0,0,0,0,0,0,0,0,0,0,0,0,0,0,0,0,0,0,0
2020,1141,0,0,0,0,0,0,0,0,0,0,0,0,0,0,0,0,0,0,0,0,0,0,0,0
2020,1145,0,0,0,0,0,0,0,0,0,0,0,0,0,8,0,10,0,0,0,0,0,0,0,0
2020,1122,0,0,0,0,0,0,0,0,0,0,0,0,0,0,0,0,0,0,0,0,0,0,0,0
2020,1133,0,0,0,0,0,0,0,0,0,0,0,0,0,0,0,0,0,0,0,0,0,0,0,0
2020,346,0,0,0,0,0,0,0,0,0,0,0,0,0,0,0,0,0,0,0,0,0,0,0,0
2020,27,0,0,0,0,0,0,0,0,0,0,0,0,0,0,0,0,0,0,0,0,0,0,0,0
2020,165,1211,464,0,0,0,0,39,0,0,573,0,0,0,3772,0,5098,0,0,0,1289,0,679,0,0
2020,956,8406,0,6,0,0,767,0,0,0,3610,0,0,0,11069,0,96235,0,0,0,22703,0,3037,258,631
2020,149,0,0,0,0,0,0,0,0,0,410,0,0,0,0,0,1522,0,0,0,0,0,0,0,0
2020,612,1986,0,0,0,0,1400,0,0,0,5401,0,0,0,6420,0,48386,0,0,0,3543,0,1405,827,0
2020,559,271,0,0,0,0,0,0,0,0,250,0,0,0,1592,0,3949,0,0,0,425,0,0,0,0
2020,7,0,0,0,0,0,0,0,0,0,83,0,0,0,126,0,182,0,0,0,164,0,0,0,0
2020,283,2360,0,0,350,0,1744,0,5973,0,5642,0,3839,0,16372,0,36206,0,835,0,8262,0,1805,14,42
2020,37,0,0,0,0,0,0,0,0,0,0,0,0,0,0,0,0,0,0,0,0,0,0,0,0
2020,153,4384,0,0,486,0,1374,0,0,0,3784,0,0,0,12566,0,58730,0,0,0,6316,0,1142,43,0
2020,547,13782,0,12,0,0,0,0,0,0,941,0,0,0,2224,0,74898,0,0,0,6847,0,4149,117,13
2020,397,0,0,0,0,0,0,0,0,0,0,0,0,0,0,0,0,0,0,0,0,0,0,0,0
2020,556,3976,0,4,0,0,0,0,0,0,697,0,0,0,3809,0,27893,0,0,0,4536,0,1039,0,0
2020,42,0,0,0,0,0,0,0,0,0,0,0,0,0,0,0,0,0,0,0,0,0,0,0,0
2020,31,0,0,0,0,0,0,0,0,0,0,0,0,0,2405,0,1463,0,0,0,286,0,0,0,0
2020,740,25613,0,89,988,0,917,0,3601,0,5690,7268,0,0,6422,0,174291,37089,2140,0,27641,1857,4240,605,286
2020,217,2781,0,0,0,0,460,0,0,0,1655,0,0,0,5595,0,20345,0,0,0,2487,0,1006,15,4
2020,863,648,0,0,0,0,177,0,0,0,820,0,0,0,3254,0,8208,0,0,0,1309,0,202,0,0
2020,889,24499,0,33,808,0,2443,0,4636,0,4647,0,3353,0,7822,0,144183,74989,647,0,34699,0,5096,548,297
2020,984,2530,0,0,0,0,316,0,0,0,1149,0,0,0,3534,0,42129,0,0,0,4049,0,782,52,0
2020,1106,0,0,0,0,0,0,0,0,0,517,0,0,0,4538,0,11488,,0,0,1922,0,0,0,0
2020,1146,0,0,0,0,0,0,0,0,0,0,0,0,0,0,0,2237,0,0,0,135,0,169,0,0
2020,34,0,0,0,0,0,0,0,0,0,0,0,0,0,0,0,0,0,0,0,0,0,0,0,0
2020,791,2245,0,0,0,0,1402,0,0,0,1050,0,0,0,5998,0,46759,0,0,0,5369,0,1801,11,0
2020,430,0,0,0,0,0,0,0,0,0,0,0,0,0,0,0,2328,0,0,0,0,0,0,0,0
2020,715,21238,0,2,53,0,1175,0,1015,0,4783,0,0,0,12938,0,97035,0,280,0,21582,0,3992,284,115
2020,524,0,0,0,233,0,0,0,388,0,3412,0,0,0,4849,0,18257,0,0,0,3173,0,943,59,19
2020,432,0,0,0,0,0,0,0,0,0,0,0,0,0,1334,0,6000,0,0,0,242,0,73,0,0
2020,19,0,0,0,0,0,0,0,0,0,0,0,0,0,0,0,0,0,0,0,0,0,0,0,0
2020,25,0,0,0,0,0,0,0,0,0,0,0,0,0,0,0,0,0,0,0,0,0,0,0,0
2020,26,0,0,0,0,0,0,0,0,0,0,0,0,0,0,0,0,0,0,0,0,0,0,0,0
2020,890,20536,0,18,1237,0,0,0,0,0,5825,0,0,0,8251,0,84069,23559,0,0,20754,0,5095,444,212
2020,904,0,0,0,0,0,0,0,0,0,1403,0,0,0,0,0,34688,0,0,0,6297,0,503,0,0
2020,957,34865,0,70,514,0,2977,0,0,0,8691,0,4532,0,19997,0,232153,0,9048,0,50853,0,4057,938,329
2020,939,30517,0,18,792,0,2180,0,4895,0,4999,23,5009,0,14937,0,135894,4554,824,0,29304,0,6100,1098,552
2020,236,0,0,0,0,0,0,0,0,0,0,0,0,0,0,0,0,0,0,0,0,0,1132,2,0
2020,735,21826,0,21,2209,0,5752,0,5635,0,9834,0,3777,0,10776,0,155622,59877,1189,0,26587,0,5902,746,368
2020,363,3567,0,0,0,0,0,0,0,0,0,0,0,0,6191,0,14520,0,0,0,4111,0,1668,34,0
2020,187,2434,0,0,0,0,110,0,0,0,1048,0,0,0,7301,0,19033,0,0,0,2855,0,469,4,43
2020,295,987,0,0,0,0,765,0,0,0,2251,0,0,0,9031,0,25344,0,0,0,2240,0,1022,0,0
2020,496,3120,0,0,948,0,612,0,0,0,1718,0,0,0,8474,0,35329,0,0,0,7664,0,749,9,0
2020,391,432,0,0,0,0,0,0,0,0,121,0,0,0,0,0,2154,0,0,0,1192,0,89,0,0
2020,240,1127,0,0,0,0,323,0,0,0,920,0,0,0,6125,0,31998,0,0,0,5533,0,740,0,0
2020,448,0,0,0,0,0,0,0,0,0,205,0,0,0,0,0,5274,0,0,0,865,0,349,0,182
2020,425,0,0,0,0,0,0,0,0,0,74,0,0,0,0,0,2965,0,0,0,542,0,113,0,0
2020,300,0,0,0,0,0,0,0,0,0,1164,0,0,0,1471,0,13923,0,0,0,987,0,406,0,0
2020,339,3487,0,0,3326,0,717,0,798,0,1753,0,0,0,7740,0,18410,0,29,0,3582,0,839,28,0
2020,874,5373,0,1,0,0,0,0,0,0,714,0,0,0,3207,0,25734,9216,0,0,4740,0,656,92,0
2020,905,35878,0,39,2511,0,4808,0,3784,0,3621,2773,0,0,12821,0,132141,112681,2025,0,29527,0,5461,492,302
2020,1123,282,0,0,0,0,294,0,0,0,783,0,0,0,2212,0,1268,0,0,0,0,0,244,0,0
2020,736,35289,0,118,3118,0,3135,0,3303,0,6776,0,2994,0,23945,0,184686,0,812,0,43760,0,5425,1389,809
2020,459,0,0,0,0,0,0,0,0,0,0,0,0,0,3570,0,7098,0,0,0,0,0,0,0,0
2020,320,69,0,0,0,0,0,0,0,0,0,0,0,0,0,0,7262,0,0,0,0,0,0,0,0
2020,45,0,0,0,0,0,0,0,0,0,0,0,0,0,0,0,0,0,0,0,0,0,0,0,0
2020,618,3241,0,0,0,0,0,0,0,0,2457,0,0,0,0,0,45882,2234,0,0,3805,,934,74,0
2020,463,8356,0,5,0,0,0,0,0,0,2544,0,0,0,4055,0,64289,15446,0,0,10854,0,2583,171,115
2020,891,0,0,0,0,0,0,0,0,0,0,0,0,0,0,0,0,0,0,0,0,0,0,0,0
2020,958,7110,0,3,0,0,608,0,0,0,2864,0,0,0,4808,0,63059,0,0,0,15395,0,2261,210,81
2020,244,1124,0,0,0,0,0,0,0,0,1246,0,0,0,2125,0,7096,0,0,0,1677,0,437,0,0
2020,28,0,0,0,0,0,0,0,0,0,0,0,0,0,0,0,0,0,0,0,0,0,0,0,0
2020,444,3348,0,0,0,0,16,0,0,0,443,0,0,0,217,0,5999,0,0,0,218,0,1241,0,0
2020,479,207,0,0,0,0,0,0,0,0,0,0,0,0,0,0,987,0,0,0,0,0,0,0,0
2020,285,0,0,0,0,0,3855,0,0,0,3917,0,0,0,4518,0,14493,0,0,0,4963,0,8178,29,33
2020,253,8966,0,3,51,0,3711,0,0,0,11055,0,0,0,16098,0,60802,0,0,0,10758,0,3420,105,57
2020,481,2696,0,0,100,0,1193,0,0,0,2121,0,0,0,7792,0,36231,0,0,0,4610,0,1088,0,17
2020,540,0,0,0,298,0,2058,0,1384,0,4248,0,863,0,10533,0,28787,0,0,0,7818,0,1486,32,0
2020,332,0,0,0,0,0,0,0,0,0,0,0,0,0,0,0,0,0,0,0,0,0,0,0,0
2020,41,0,0,0,0,0,0,0,0,0,0,0,0,0,0,0,0,0,0,0,0,0,0,0,0
2020,510,0,0,0,0,0,452,0,0,0,864,0,0,0,3098,0,26889,0,0,0,1940,0,285,0,13
2020,305,0,0,0,,,,,,,8,,,,,,18637,0,,,,,,,
2020,708,4372,0,4,,,0,,,,3549,0,,,0,,111484,0,,,11386,,1411,418,
2020,755,29179,0,109,3457,,9983,,6398,,11237,8723,5786,,30065,,289399,75390,4020,,89346,,4289,1153,
2020,750,0,0,0,1356,,,,3346,,8018,3175,0,,14468,,212707,70186,1603,,48097,,4786,994,
2020,696,12843,0,26,1759,,0,,,,6997,0,,,6886,,163453,126031,,,26529,,4442,751,
2020,421,0,0,0,0,0,0,0,0,0,0,0,0,0,3715,0,22364,0,0,0,2151,0,0,0,0
2020,827,0,0,0,0,0,0,0,0,0,0,0,0,0,0,0,0,0,0,0,0,0,0,0,0
2020,933,18937,0,0,0,0,0,0,0,0,4226,0,0,0,6315,0,127512,0,0,0,11561,0,3226,398,155
2020,1030,0,0,0,0,0,0,0,0,0,0,0,0,0,0,0,0,0,0,0,0,0,0,0,0
2020,1003,2211,0,0,,,,,,,984,,,,,,23438,,,,1602,,1192,694,
2020,1050,490,0,0,,,,,,,1720,0,,,,,14510,0,,,725,,366,268,
2020,1043,6212,0,3,0,0,1165,0,0,0,7493,0,0,0,7474,0,33181,0,0,0,9500,0,1118,0,3
2020,1128,2001,0,0,,,,,,,1462,0,,,0,,33393,,,,2143,,834,1190,
2020,1125,0,0,0,0,0,0,0,0,0,0,0,0,0,0,0,0,0,0,0,0,0,0,0,0
2020,1135,1732,0,0,,,,,,,290,,,,,,26979,,,,1311,,798,655,
2020,1164,0,0,0,0,0,0,0,0,0,0,0,0,0,0,0,0,0,0,0,0,0,0,0,0
2020,1165,0,0,0,0,0,0,0,0,0,0,0,0,0,0,0,0,0,0,0,0,0,0,0,0
2020,934,9372,0,3,0,0,1382,0,0,0,5183,0,0,0,4255,0,40033,0,0,0,7803,0,1529,52,0
2020,629,11234,0,38,413,0,2644,0,3864,0,6390,0,1417,0,9683,0,98499,0,0,0,20333,0,2819,263,257
2020,21,0,0,0,0,0,0,0,0,0,0,0,0,0,0,0,0,0,0,0,0,0,0,0,0
2020,615,2351,0,7,0,0,1776,0,0,0,3656,0,0,0,6671,0,47680,0,0,0,8843,0,1037,140,0
2020,626,2118,0,0,0,0,428,0,0,0,748,0,0,0,0,0,0,0,0,0,1430,0,597,0,0
2020,417,0,0,0,0,0,0,0,0,0,0,0,0,0,0,0,2916,0,0,0,0,0,0,0,0
2020,597,0,0,0,0,0,302,0,0,0,2262,0,0,0,0,0,20126,0,0,0,2007,0,291,0,0
2020,539,13833,0,0,191,0,1308,0,1835,0,8046,0,2813,0,8097,0,37288,0,126,0,16989,0,1959,435,0
2020,343,0,0,0,0,0,0,0,0,0,1802,0,0,0,0,0,26113,0,0,0,0,0,250,0,0
2020,135,0,0,0,0,0,0,0,0,0,0,0,0,0,0,0,0,0,0,0,0,0,0,0,0
2020,158,0,0,0,0,0,0,0,0,0,0,0,0,0,0,0,858,0,0,0,0,0,0,0,0
2020,775,12340,0,20,0,0,1198,0,0,0,4777,0,0,0,4886,0,43432,0,0,0,12306,0,2309,113,96
2020,177,0,0,0,0,0,0,0,0,0,0,0,0,0,0,0,1017,0,0,0,0,0,0,0,0
2020,578,2800,0,0,0,0,0,0,0,0,1108,0,0,0,0,0,10433,0,0,0,0,0,597,0,0
2020,416,582,0,0,0,0,404,0,0,0,1094,0,0,0,3596,0,9409,0,0,0,1942,0,235,0,0
2020,561,2787,0,2,0,0,396,0,0,0,2492,0,0,0,0,0,33112,0,0,0,4486,0,814,45,0
2020,62,0,0,0,0,0,0,0,0,0,0,0,0,0,0,0,0,0,0,0,0,0,0,0,0
2020,828,0,0,0,0,0,0,0,0,0,0,0,0,0,0,0,0,0,0,0,0,0,0,0,0
2020,860,0,0,0,0,0,0,0,0,0,2844,0,0,0,560,0,18080,0,0,0,1848,0,209,0,0
2020,935,0,0,0,0,0,0,0,0,0,0,0,0,0,0,0,0,0,0,0,0,0,0,0,0
2020,936,0,0,0,0,0,0,0,0,0,0,0,0,0,0,0,0,0,0,0,0,0,0,0,0
2020,986,0,0,0,0,0,0,0,0,0,0,0,0,0,0,0,0,0,0,0,0,0,0,0,0
2020,987,1389,0,0,0,0,0,0,0,0,3779,0,0,0,0,0,47710,0,0,0,9207,0,1057,69,0
2020,1021,0,0,0,0,0,0,0,0,0,0,0,0,0,0,0,0,0,0,0,0,0,0,0,0
2020,1085,0,0,0,0,0,0,0,0,0,0,0,0,0,0,0,0,0,0,0,0,0,0,0,0
2020,658,5793,0,7,0,0,0,0,0,0,1396,0,0,0,2809,0,35615,0,0,0,5161,0,1285,22,0
2020,353,0,0,0,0,0,0,0,0,0,20913,0,0,0,0,0,13131,0,0,0,0,0,0,0,0
2020,323,0,0,0,0,0,0,0,0,0,0,0,0,0,0,0,0,0,0,0,0,0,0,0,0
2020,620,2654,0,4,0,0,0,0,0,0,796,0,0,0,0,0,30595,0,0,0,3703,0,837,82,0
2020,384,0,0,0,0,0,0,0,0,0,0,0,0,0,5018,0,9111,0,0,0,0,0,0,33,0
2020,554,8189,0,0,0,0,1685,0,0,0,1957,0,0,0,6232,0,85468,0,0,0,13146,0,2762,740,121
2020,209,715,0,0,0,0,625,0,0,0,817,0,0,0,3950,0,24062,0,0,0,2611,0,1308,0,0
2020,707,28844,0,21,87,0,0,0,0,0,20984,0,0,0,15900,0,132158,58486,0,0,32490,1184,6629,622,380
2020,395,10,0,0,0,0,0,0,0,0,0,0,0,0,0,0,9605,0,0,0,0,0,0,0,0
2020,969,9927,0,0,0,0,602,0,0,0,1640,0,0,0,5923,0,26924,0,802,0,4304,0,841,0,0
2020,1052,0,0,0,0,0,0,0,0,0,0,0,0,0,0,0,0,0,0,0,0,0,0,0,0
2020,739,1135,0,78,443,0,4403,0,4910,0,10754,0,3863,0,34425,0,161426,23179,561,0,36140,0,2822,1198,211
2020,613,18168,0,32,1554,0,0,2990,0,0,6284,0,1194,0,9194,0,93491,5127,3956,0,20788,0,2444,348,100
2020,593,20074,0,6,0,0,0,3909,0,0,3024,0,0,0,10304,0,54213,22995,0,0,14553,0,3238,503,183
2020,704,33864,0,64,2260,0,7361,0,3438,0,4375,0,0,0,23474,0,136795,19591,0,0,34111,0,4439,1098,377
2020,686,16537,0,41,1425,0,3462,0,1034,0,5616,0,0,0,23450,0,134708,0,0,0,19243,0,3212,276,254
2020,257,7894,0,0,0,0,2901,0,0,0,5419,0,0,0,11687,0,36645,0,0,0,5890,0,1543,0,4
2020,681,26626,0,1,15,0,2796,0,1555,0,5738,0,1469,0,3521,0,7354,0,201,0,26721,0,1033,74,0
2020,286,11569,0,0,91,0,1741,0,0,0,14126,0,0,0,6101,0,21641,0,0,0,3888,0,2241,1,17
2020,255,8337,0,0,0,0,2147,0,0,0,4343,0,0,0,19044,0,95814,0,0,0,10921,0,7811,66,0
2020,79,0,0,0,0,0,0,0,0,0,0,0,0,0,0,0,0,0,0,0,0,0,0,0,0
2020,81,0,0,0,0,0,0,0,0,0,0,0,0,0,0,0,0,0,0,0,0,0,0,0,0
2020,688,12661,0,8,0,0,1757,0,0,0,2336,0,0,0,7323,0,92542,0,0,0,13923,0,2066,25,139
2020,531,2101,0,9,0,0,0,3756,0,0,3738,0,0,0,8538,0,49504,18745,0,0,9307,0,2251,148,227
2020,514,0,0,0,0,0,0,0,0,0,599,0,0,0,0,0,25230,0,0,0,3003,0,0,0,0
2020,499,119,0,0,0,0,0,0,0,0,0,0,0,0,11327,0,35026,0,0,0,7426,0,1,0,0
2020,532,12108,0,9,0,0,1134,184,0,0,4227,37,0,0,10210,0,47374,12910,0,0,13530,0,2128,232,69
2020,190,0,0,0,0,0,0,0,0,0,0,0,0,0,0,0,2917,0,0,0,0,0,0,0,0
2020,598,2609,0,1,0,0,0,0,0,0,3174,0,0,0,540,0,28274,0,0,0,3845,0,830,43,0
2020,260,20436,0,0,517,0,3446,0,803,0,25533,0,3917,0,16018,0,98424,0,0,0,10797,0,2419,491,56
2020,838,562,0,0,0,0,0,0,0,0,823,0,0,0,3459,0,10702,0,0,0,1133,0,0,0,0
2020,839,660,0,0,0,0,459,0,0,0,1681,0,0,0,1298,0,11567,0,0,0,969,0,318,0,0
2020,851,0,0,0,0,0,0,0,0,0,0,0,0,0,0,0,0,0,0,0,0,0,0,0,0
2020,852,19326,0,15,0,0,0,2448,1072,0,3186,0,273,0,10919,0,77693,54515,590,0,23175,0,2680,341,132
2020,988,0,0,0,0,0,0,0,0,0,0,0,0,0,0,0,619,0,0,0,0,0,0,0,0
2020,1056,12189,748,7,43,0,0,3797,0,0,5422,0,0,0,8582,0,81554,13422,0,0,15186,0,2330,153,138
2020,1044,0,0,0,0,0,0,0,0,0,0,0,0,0,0,0,0,0,0,0,0,0,0,0,0
2020,1114,0,0,0,0,0,0,0,0,0,974,0,0,0,0,0,39118,2563,0,0,7153,0,0,0,0
2020,1129,6928,0,0,528,0,2333,0,0,0,5501,0,0,0,19863,0,83425,0,0,0,7962,0,1595,18,18
2020,644,14495,0,14,3229,0,2611,0,0,0,3742,0,0,0,13675,0,112658,26999,0,0,28237,0,3457,361,763
2020,752,13576,0,28,1214,0,0,0,8486,0,2865,0,0,0,16711,0,126387,20948,0,0,26062,0,3334,1571,214
2020,238,0,0,0,0,0,0,0,0,0,0,0,0,0,0,0,0,0,0,0,0,0,0,0,0
2020,325,0,0,0,0,0,0,0,0,0,0,0,0,0,0,0,0,0,0,0,0,0,0,0,0
2020,622,2552,0,3,0,0,0,0,0,0,548,0,0,0,0,0,31227,0,0,0,5482,0,1099,0,0
2020,879,1014,0,0,0,0,0,0,0,0,0,0,0,0,1678,0,5242,0,0,0,1469,0,0,0,0
2020,906,4818,0,0,0,0,0,0,0,0,42,0,0,0,144,0,11677,0,0,0,1707,0,994,115,83
2020,370,0,0,0,0,0,0,0,0,0,0,0,0,0,0,0,9239,0,0,0,0,0,0,11,1
2020,418,0,0,0,0,0,0,0,0,0,0,0,0,0,3358,0,16688,0,0,0,0,0,0,0,0
2020,574,0,0,0,0,0,0,0,0,0,0,0,0,0,3519,0,10261,0,0,0,0,0,0,0,0
2020,399,0,0,0,0,0,0,0,0,0,0,0,0,0,0,0,5351,0,0,0,0,0,0,0,0
2020,195,0,0,0,0,0,0,0,0,0,0,0,0,0,0,0,6632,0,0,0,0,0,0,0,0
2020,783,16101,3827,67,23,0,0,0,2224,0,6790,0,0,0,11184,0,111324,84775,597,0,25696,5572,2763,575,171
2020,263,0,0,0,0,0,0,0,0,0,0,0,0,0,0,0,27200,0,0,0,0,0,0,0,0
2020,194,0,0,0,0,0,0,0,0,0,1530,0,0,0,0,0,18980,0,0,0,0,0,0,0,0
2020,214,0,0,0,0,0,0,0,0,0,323,0,0,0,0,0,3471,0,0,0,0,0,0,0,0
2020,785,27720,31927,79,0,0,600,0,0,0,5650,0,7022,0,10464,0,101932,66452,1447,0,46966,0,1459,876,462
2020,780,0,0,0,0,0,0,0,0,0,1210,0,0,0,0,0,31951,37524,0,0,8023,0,2377,79,0
2020,782,13494,1785,21,0,0,0,0,0,0,4071,0,0,0,0,0,101502,67110,0,0,26229,0,5513,439,0
2020,369,0,0,0,0,0,0,0,0,0,0,0,0,0,0,0,2564,0,0,0,0,0,0,0,0
2020,713,0,0,0,0,0,0,0,0,0,388,0,0,0,6264,0,25848,0,0,0,5016,0,0,0,0
2020,941,0,0,0,0,0,0,0,0,0,0,0,0,0,0,0,0,0,0,0,0,0,0,0,0
2020,1091,0,0,0,0,0,0,0,0,0,0,0,0,0,0,0,0,0,0,0,0,0,0,0,0
2020,1045,2249,0,0,0,0,311,0,239,0,1883,0,559,0,5362,0,16911,0,0,0,3133,0,0,0,0
2020,1086,0,0,0,0,0,1124,0,1790,0,3342,0,1538,0,13912,0,66723,0,0,0,16445,0,0,0,0
2020,1149,0,0,0,0,0,0,0,0,0,1103,0,0,0,1812,0,72054,0,0,0,10707,0,1778,159,15
2020,937,9223,0,6,0,0,2503,0,0,0,3337,0,0,0,5811,0,68920,0,0,0,16775,0,6149,126,123
2020,1004,0,0,0,0,0,0,0,0,0,0,0,0,0,0,0,0,0,0,0,0,0,503,0,0
2020,737,24962,0,47,268,0,0,0,2384,0,4414,1720,3115,0,4001,3888,88259,30428,816,0,18757,0,4609,735,378
2020,765,41461,0,119,82,0,5655,0,4914,0,6501,4716,0,0,20170,0,197412,45604,601,0,38115,0,7004,822,522
2020,329,6532,0,0,0,0,0,0,0,0,0,0,0,0,0,0,49046,27487,0,0,8251,0,2607,205,0
2020,87,0,0,0,0,0,0,0,0,0,0,0,0,0,0,0,0,0,0,0,0,0,0,0,0
2020,527,3334,0,0,0,0,0,0,0,0,3190,0,0,0,4959,0,10675,0,0,0,2434,0,0,0,0
2020,562,0,0,0,1,0,0,0,0,0,0,0,0,0,6252,0,52209,0,0,0,2462,0,0,0,0
2020,251,0,0,0,0,0,1216,0,0,0,1013,0,0,0,5246,0,23277,0,0,0,3591,0,500,2,8
2020,129,0,0,0,0,0,0,0,0,0,0,0,0,0,0,0,0,0,0,0,0,0,0,0,0
2020,154,0,0,0,0,0,0,0,0,0,0,0,0,0,0,0,1539,0,0,0,0,0,0,0,0
2020,516,0,0,0,0,0,888,0,0,0,2797,0,1768,0,11399,0,78038,0,0,0,5828,0,1304,5,0
2020,184,0,0,0,0,0,0,0,0,0,0,0,0,0,179,0,3822,0,0,0,286,0,221,0,0
2020,652,1223,0,0,0,0,524,0,0,0,233,0,0,0,0,0,12869,0,0,0,1006,0,1082,29,0
2020,637,4089,0,0,0,0,0,0,0,0,967,0,0,0,2557,0,27360,0,0,0,3730,0,807,83,0
2020,88,0,0,0,0,0,0,0,0,0,0,0,0,0,0,0,0,0,0,0,0,0,0,0,0
2020,907,0,0,0,0,0,0,0,0,0,0,0,0,0,0,0,0,0,0,0,0,0,0,0,0
2020,970,0,0,0,0,0,0,0,0,0,0,0,0,0,0,0,0,0,0,0,0,0,0,0,0
2020,1019,0,0,0,0,0,0,0,0,0,12,0,0,0,861,0,7378,0,0,0,370,0,128,0,0
2020,1016,0,0,0,8,0,0,0,0,0,515,0,0,0,6361,0,19213,0,0,0,2003,0,354,0,16
2020,1161,5,0,1,0,0,0,0,0,0,0,0,0,0,323,0,1166,0,0,0,160,0,5,0,0
2020,1047,3298,0,0,0,0,774,0,0,0,961,0,0,0,1907,0,29880,0,0,0,4568,0,448,97,0
2020,635,2570,0,1,0,0,0,0,0,0,0,0,0,0,0,0,30670,0,0,0,5764,0,395,52,0
