año,NCODI,totHemodina_Paciente,totPaciente_radioInterv,totLitofrag_Paciente,totLitofrag_Sesion,totAceleLineal_Paciente,totAceleLineal_Sesion,totBomCobal_Paciente,totBomCobal_Sesion,totOtraRadio_Paciente,totOtraRadio_Sesion,totFisiot_Paciente,totFisiot_Sesion,totLogop_Paciente,totLogop_Sesion,totTerapOcupa_Paciente,totTerapOcupa_Sesion,totHemodial_Paciente,totHemodial_Sesion,totHemodialDom_Paciente,totHemodialDom_Sesion,totDialPerito_Paciente,totDialPerito_Sesion
2020,976,0,0,0,0,0,0,0,0,0,0,708,1157,0,0,0,0,0,0,0,0,0,0
2020,977,0,0,0,0,0,0,0,0,0,0,560,8569,125,219,134,2932,0,0,0,0,0,0
2020,1020,0,0,0,0,0,0,0,0,0,0,71,196,0,0,0,0,0,0,0,0,0,0
2020,994,0,0,0,0,0,0,0,0,0,0,1683,24500,0,0,0,0,129,11347,0,0,135,13207
2020,995,0,0,0,0,0,0,0,0,0,0,273,6817,45,64,16,368,0,0,0,0,0,0
2020,1060,0,0,0,0,0,0,0,0,0,0,0,0,0,0,0,0,0,0,0,0,0,0
2020,1005,0,0,0,0,0,0,0,0,0,0,119,6312,0,0,3,20,0,0,0,0,0,0
2020,1061,0,0,0,0,0,0,0,0,0,0,8,553,0,0,5,470,0,0,0,0,0,0
2020,1062,0,0,0,0,0,0,0,0,0,0,74,7980,0,0,0,0,0,0,0,0,0,0
2020,1006,0,0,0,0,0,0,0,0,0,0,0,0,0,0,0,0,0,0,0,0,0,0
2020,1088,0,0,0,0,0,0,0,0,0,0,43,0,32,0,0,0,0,0,0,0,0,0
2020,1089,0,0,0,0,0,0,0,0,0,0,0,0,0,0,0,0,0,0,0,0,0,0
2020,1076,0,5,0,0,0,0,0,0,5,0,0,0,0,0,0,0,0,0,0,0,0,0
2020,1078,0,0,0,0,0,0,0,0,0,0,107,6510,0,0,90,5056,0,0,0,0,0,0
2020,1033,0,1536,0,0,0,0,0,0,0,0,4256,34505,0,0,0,0,215,1397,0,0,233,6659
2020,1037,0,0,0,0,0,0,0,0,0,0,0,0,0,0,90,8934,0,0,0,0,0,0
2020,1039,0,0,0,0,0,0,0,0,0,0,0,0,0,0,0,0,0,0,0,0,0,0
2020,1067,0,0,0,0,0,0,0,0,0,0,296,12569,0,0,51,1615,0,0,0,0,0,0
2020,1065,0,0,0,0,0,0,0,0,0,0,1574,7710,405,1907,1522,523,0,0,0,0,0,0
2020,1066,0,0,0,0,0,0,0,0,0,0,3051,47026,0,0,0,0,0,0,0,0,0,0
2020,1100,0,0,0,0,0,0,0,0,0,0,0,0,0,0,325,15324,0,0,0,0,0,0
2020,1105,0,0,0,0,0,0,0,0,0,0,1227,17410,139,212,220,2323,0,0,0,0,0,0
2020,1107,0,0,0,0,0,0,0,0,0,0,122,0,0,0,0,0,0,0,0,0,0,0
2020,1111,0,0,0,0,0,0,0,0,0,0,0,0,0,0,0,0,0,0,0,0,0,0
2020,1121,0,0,0,0,0,0,0,0,0,0,0,0,0,0,0,0,0,0,0,0,0,0
2020,1119,0,0,0,0,0,0,0,0,0,0,258,6316,105,2002,147,4383,0,0,0,0,0,0
2020,207,0,0,0,0,0,0,0,0,0,0,1661,44872,25,1103,0,0,0,0,0,0,0,0
2020,431,0,0,0,0,0,0,0,0,0,0,1317,13892,64,220,385,3833,0,0,0,0,0,0
2020,387,0,0,0,0,0,0,0,0,0,0,1121,42538,0,0,0,0,0,0,0,0,0,0
2020,179,0,0,0,0,0,0,0,0,0,0,8,450,0,0,0,0,0,0,0,0,0,0
2020,606,0,0,0,0,0,0,0,0,0,0,4728,25434,0,0,0,0,30,3165,0,0,0,0
2020,925,2521,3246,0,0,1000,18561,0,0,0,0,8859,222915,0,0,745,29602,133,16662,5,989,17,5139
2020,541,0,0,0,0,0,0,0,0,0,0,1873,52862,0,0,0,0,0,0,0,0,0,0
2020,797,0,0,0,0,0,0,0,0,0,0,354,6972,0,0,0,0,0,0,0,0,0,0
2020,627,0,0,0,0,401,15373,0,0,0,0,2285,59653,1130,1734,0,0,79,2100,0,0,14,168
2020,173,0,0,0,0,0,0,0,0,0,0,38,2245,0,0,688,10434,0,0,0,0,0,0
2020,636,1446,923,0,0,0,0,0,0,0,0,4358,51806,655,2036,0,0,990,8014,36,821,398,11823
2020,205,0,0,0,0,0,0,0,0,0,0,0,0,0,0,0,0,0,0,0,0,0,0
2020,814,0,0,0,0,0,0,0,0,0,0,0,0,0,0,0,0,0,0,0,0,0,0
2020,881,70,10,0,0,0,0,0,0,0,0,0,0,0,0,0,0,0,0,0,0,0,0
2020,771,641,606,232,372,984,13876,0,0,104,166,,,,,,,109,5312,0,0,0,0
2020,533,108,10,0,0,0,0,0,0,0,0,1570,26450,0,0,0,0,0,0,0,0,0,0
2020,447,0,0,0,0,0,0,0,0,0,0,219,2237,0,0,0,0,0,0,0,0,0,0
2020,815,0,29,0,0,0,0,0,0,0,0,258,7740,0,0,0,0,0,0,0,0,0,0
2020,801,3194,1203,0,0,826,6817,0,0,0,0,,,,,,,1174,11460,0,0,0,0
2020,800,0,0,0,0,0,0,0,0,0,0,1371,8012,1349,2876,0,0,0,0,0,0,0,0
2020,389,0,166,0,0,0,0,0,0,0,0,2317,30696,0,0,0,0,0,0,0,0,0,0
2020,695,71,266,0,0,0,0,0,0,0,0,,,,,,,288,25706,0,0,0,0
2020,1157,0,0,0,0,0,0,0,0,0,0,,,,,,,0,0,0,0,0,0
2020,1163,0,200,0,0,0,0,0,0,0,0,70,1162,0,0,0,0,0,0,0,0,0,0
2020,816,0,0,0,0,0,0,0,0,0,0,1333,18507,35,728,126,4127,0,0,0,0,0,0
2020,833,0,0,0,0,0,0,0,0,0,0,1937,31090,0,0,0,0,0,0,0,0,0,0
2020,870,302,0,0,0,0,0,0,0,0,0,513,20453,151,1802,27,241,0,0,0,0,0,0
2020,927,0,0,0,0,0,0,0,0,0,0,4155,71521,0,0,0,0,0,0,0,0,0,0
2020,961,741,0,1,3,912,8334,0,0,0,0,,,,,,,338,2277,0,0,0,0
2020,962,0,0,0,0,0,0,0,0,0,0,572,11564,0,0,0,0,0,0,0,0,0,0
2020,1079,12,0,0,0,0,0,0,0,0,0,1559,17931,0,0,0,0,0,0,0,0,0,0
2020,1101,358,101,0,0,0,0,0,0,0,0,986,12892,0,0,0,0,0,0,0,0,0,0
2020,666,1230,2192,0,0,0,0,0,0,0,0,7966,221884,0,0,0,0,924,9409,30,5827,78,21749
2020,392,0,0,0,0,0,0,0,0,0,0,3903,48397,384,1905,488,3430,0,0,0,0,0,0
2020,790,0,218,321,522,991,19065,0,0,0,0,1192,83103,161,1964,0,0,0,0,0,0,0,0
2020,650,0,311,0,0,0,0,0,0,0,0,2528,25154,0,0,0,0,0,0,0,0,0,0
2020,876,0,727,0,0,0,0,0,0,0,0,3185,52957,0,0,0,0,0,0,0,0,0,0
2020,944,0,0,0,0,0,0,0,0,0,0,0,0,0,0,0,0,0,0,0,0,0,0
2020,952,0,0,0,0,0,0,0,0,0,0,0,0,0,0,0,0,0,0,0,0,0,0
2020,54,0,0,0,0,0,0,0,0,0,0,0,0,0,0,28,1320,0,0,0,0,0,0
2020,367,0,25,0,0,0,0,0,0,0,0,0,0,0,0,0,0,0,0,0,0,0,0
2020,538,0,318,0,0,0,0,0,0,0,0,1304,25117,0,0,289,2440,0,0,0,0,0,0
2020,557,0,0,2,2,0,0,0,0,0,0,2856,22426,0,0,366,2868,0,0,0,0,0,0
2020,653,0,223,0,0,0,0,0,0,0,0,2698,14742,0,0,0,0,0,0,0,0,0,0
2020,647,0,0,0,0,0,0,0,0,0,0,524,15818,0,0,84,1438,0,0,0,0,0,0
2020,978,1177,1510,0,0,899,14195,0,0,1179,1251,10056,39656,0,0,130,778,1189,13163,0,0,555,15270
2020,996,0,0,0,0,0,0,0,0,0,0,1860,12361,0,0,176,1294,0,0,0,0,0,0
2020,729,2124,5881,373,548,2018,28636,0,0,36,58,,,,,,,208,14911,0,0,0,0
2020,182,141,104,0,0,0,0,0,0,0,0,198,2326,0,0,0,0,0,0,0,0,0,0
2020,633,54,191,0,0,250,4250,0,0,0,0,229,4586,1547,12378,0,0,0,0,0,0,0,0
2020,685,,366,,0,,0,0,0,0,0,,,,,,,,0,0,0,0,0
2020,683,0,0,0,0,0,0,0,0,0,0,,,,,,,21,2168,0,0,0,0
2020,945,0,0,0,0,0,0,0,0,0,0,,,,,,,0,0,0,0,0,0
2020,953,0,0,0,0,0,0,0,0,0,0,0,0,0,0,0,0,0,0,0,0,0,0
2020,1022,0,0,0,0,0,0,0,0,0,0,,,,,,,0,0,0,0,0,0
2020,1049,0,0,0,0,0,0,0,0,0,0,,,,,,,0,0,0,0,0,0
2020,1151,133,27,0,0,0,0,0,0,0,0,391,7039,0,0,0,0,0,0,0,0,0,0
2020,794,3900,4164,331,558,0,0,0,0,0,0,5376,98747,834,11209,1769,24101,1576,13820,980,153860,240,54000
2020,415,0,0,0,0,2233,32072,0,0,193,490,4,12,118,341,0,0,0,0,0,0,0,0
2020,592,0,0,0,0,0,0,0,0,0,0,1504,28259,0,0,0,0,128,15345,0,0,0,0
2020,497,160,12597,0,0,0,0,0,0,0,0,1616,26782,0,0,0,0,160,27520,0,0,0,0
2020,726,0,204,0,0,0,0,0,0,0,0,2985,176890,121,8738,246,11173,94,4281,0,0,0,0
2020,272,0,0,0,0,0,0,0,0,0,0,1616,25357,98,1623,0,0,132,15426,0,0,0,0
2020,805,3643,3909,329,408,1343,23940,0,0,57,276,1732,88690,11,739,85,6128,102,11855,3,780,38,148
2020,64,0,0,0,0,0,0,0,0,0,0,0,0,0,0,0,0,0,0,0,0,0,0
2020,842,0,0,0,0,0,0,0,0,0,0,780,36139,0,0,0,0,53,6079,0,0,0,0
2020,843,0,0,0,0,0,0,0,0,0,0,470,12686,0,0,0,0,29,3476,0,0,0,0
2020,1127,398,70,0,0,0,0,0,0,0,0,380,5160,0,0,0,0,0,0,0,0,0,0
2020,1158,0,0,0,0,0,0,0,0,0,0,915,17123,,,0,0,96,14233,0,0,0,0
2020,803,262,977,0,0,0,0,0,0,0,0,2735,22398,0,0,187,1088,101,6720,0,0,27,4268
2020,211,0,0,0,0,0,0,0,0,0,0,874,15741,0,0,0,0,0,0,0,0,0,0
2020,773,1555,2566,0,0,0,0,0,0,0,0,5014,50797,116,1120,0,0,193,6761,0,0,0,35036
2020,424,0,0,0,0,0,0,0,0,0,0,0,0,0,0,0,0,0,0,0,0,0,0
2020,298,312,0,0,0,0,0,0,0,0,0,1328,24251,0,0,0,0,159,24810,0,0,159,24810
2020,594,0,0,0,0,0,0,0,0,0,0,0,0,0,0,0,0,0,0,0,0,0,0
2020,237,0,0,0,0,0,0,0,0,0,0,620,20999,85,593,0,0,0,0,0,0,0,0
2020,16,0,0,0,0,0,0,0,0,0,0,88,1345,1,1,4,8,0,0,0,0,0,0
2020,768,0,0,0,0,0,0,0,0,0,0,278,6691,0,0,0,0,0,0,0,0,0,0
2020,617,0,0,0,0,0,0,0,0,0,0,3379,32931,97,740,80,1084,134,9940,0,0,144,13154
2020,297,0,0,0,0,0,0,0,0,0,0,367,20383,0,0,0,0,0,0,0,0,0,0
2020,105,0,0,0,0,0,0,0,0,0,0,171,3637,0,0,38,533,0,0,0,0,0,0
2020,544,0,0,0,0,0,0,0,0,0,0,2029,24175,145,1582,161,1087,0,0,0,0,0,0
2020,804,0,0,0,0,0,0,0,0,0,0,3204,31122,427,2523,109,1021,105,9383,0,0,105,9383
2020,104,0,0,0,0,0,0,0,0,0,0,0,0,0,0,0,0,0,0,0,0,0,0
2020,20,0,0,0,0,0,0,0,0,0,0,24,1202,0,0,35,1161,0,0,0,0,0,0
2020,550,0,0,0,0,0,0,0,0,0,0,2932,33535,8,13,0,0,0,0,0,0,0,0
2020,112,0,0,0,0,0,0,0,0,0,0,0,0,0,0,0,0,0,0,0,0,0,0
2020,818,0,0,0,0,0,0,0,0,0,0,612,71687,0,0,102,11368,0,0,0,0,0,0
2020,882,0,0,0,0,0,0,0,0,0,0,131,1668,25,89,81,672,0,0,0,0,0,0
2020,914,0,0,0,0,0,0,0,0,0,0,391,10408,36,336,139,5988,0,0,0,0,0,0
2020,928,0,1566,0,0,1566,29169,0,0,0,0,0,0,0,0,0,0,0,0,0,0,0,0
2020,964,0,0,0,0,0,0,0,0,0,0,769,18382,0,0,0,0,0,0,0,0,0,0
2020,1026,0,0,0,0,0,0,0,0,0,0,319,8997,85,1655,27,1848,0,0,0,0,0,0
2020,1068,0,0,0,0,0,0,0,0,0,0,152,1512,38,241,161,1282,0,0,0,0,0,0
2020,1108,0,0,0,0,0,0,0,0,0,0,0,0,0,0,0,0,22,2144,0,0,22,2144
2020,404,0,0,0,0,0,0,0,0,0,0,4090,39885,209,2041,15,147,0,0,0,0,0,0
2020,270,138,713,0,0,463,7658,0,0,0,0,2022,37686,0,0,0,0,0,0,0,0,0,0
2020,676,0,0,0,0,0,0,0,0,0,0,,,,,,,0,0,0,0,0,0
2020,709,0,0,0,0,0,0,0,0,0,0,,,,,,,0,0,0,0,0,0
2020,754,1638,894,0,0,1072,8882,0,0,109,174,,,,,,,2582,22688,0,0,0,0
2020,997,0,8,0,0,0,0,0,0,0,0,,,,,,,0,0,0,0,0,0
2020,1069,0,14,0,0,0,0,0,0,0,0,,,,,,,0,0,0,0,0,0
2020,1118,175,62,27,32,0,0,0,0,0,0,2865,64896,0,0,0,0,0,0,0,0,0,0
2020,1116,1296,1250,700,1350,1223,19411,0,0,1,2,,,,,,,234,11422,0,0,0,0
2020,734,965,849,0,0,0,0,0,0,0,0,2906,41077,357,2967,361,4707,102,9519,3,903,26,6096
2020,299,0,0,0,0,0,0,0,0,0,0,1135,21424,0,0,0,0,0,0,0,0,0,0
2020,1046,0,0,0,0,0,0,0,0,0,0,149,4457,38,45,140,1385,0,0,0,0,0,0
2020,420,0,0,0,0,0,0,0,0,0,0,766,10444,0,0,0,0,0,0,0,0,0,0
2020,802,0,0,0,0,0,0,0,0,0,0,6367,108726,616,11225,34,339,0,0,0,0,0,0
2020,266,506,1,0,0,0,0,0,0,0,0,43,627,0,0,0,0,69,10635,0,0,0,0
2020,769,0,0,0,0,811,20643,0,0,401,1589,205,762,0,0,0,0,0,0,0,0,0,0
2020,776,0,118,0,0,0,0,0,0,0,0,19170,95851,0,0,0,0,0,0,0,0,0,0
2020,640,0,148,0,0,0,0,0,0,0,0,1796,41299,0,0,0,0,0,0,0,0,0,0
2020,315,0,0,0,0,0,0,0,0,0,0,351,11931,149,3566,136,3565,0,0,0,0,0,0
2020,40,0,0,0,0,0,0,0,0,0,0,0,0,0,0,276,245,0,0,0,0,0,0
2020,508,0,0,0,0,0,0,0,0,0,0,2954,46725,0,0,0,0,0,0,0,0,0,0
2020,46,0,0,0,0,0,0,0,0,0,0,0,0,0,0,236,790,0,0,0,0,0,0
2020,590,0,151,0,0,0,0,0,0,0,0,6941,69406,0,0,0,0,0,0,0,0,0,0
2020,777,0,296,0,0,0,0,0,0,0,0,693,48505,0,0,144,2013,0,0,0,0,0,0
2020,897,0,988,0,0,1109,26170,0,0,0,0,17363,52089,1069,3207,1209,1814,0,0,0,0,0,0
2020,965,0,0,0,0,0,0,0,0,0,0,0,0,0,0,183,4889,0,0,0,0,0,0
2020,671,0,0,0,0,0,0,0,0,0,0,,,,,,,0,0,0,0,0,0
2020,376,0,0,0,0,0,0,0,0,0,0,452,16266,0,0,0,0,0,0,0,0,0,0
2020,621,0,0,0,0,0,0,0,0,0,0,,,,,,,0,0,0,0,0,0
2020,793,1634,2295,0,0,722,10489,0,0,33,53,,,,,,,66,8338,0,0,0,0
2020,1102,56,108,0,0,0,0,0,0,0,0,4294,25431,0,0,0,0,0,0,0,0,0,0
2020,1147,0,0,0,0,0,0,0,0,0,0,302,3945,0,0,0,0,0,0,0,0,0,0
2020,712,0,625,0,0,0,0,0,0,0,0,1377,27294,0,0,191,3721,61,8943,0,0,5,1376
2020,32,0,0,0,0,0,0,0,0,0,0,0,0,0,0,103,2138,0,0,0,0,0,0
2020,361,0,0,0,0,0,0,0,0,0,0,772,8924,0,0,211,2377,0,0,0,0,0,0
2020,486,0,0,0,0,0,0,0,0,0,0,1697,18500,0,0,0,0,0,0,0,0,0,0
2020,595,0,493,0,0,0,0,0,0,0,0,3403,61254,231,1180,0,0,83,7277,0,0,0,0
2020,433,0,0,0,0,0,0,0,0,0,0,837,9541,0,0,56,540,14,560,0,0,0,0
2020,1058,0,0,0,0,0,0,0,0,0,0,240,5064,0,0,0,0,0,0,0,0,0,0
2020,261,0,0,0,0,0,0,0,0,0,0,0,0,0,0,0,0,0,0,0,0,0,0
2020,730,0,0,0,0,0,0,0,0,0,0,,,,,,,0,0,0,0,0,0
2020,577,0,0,0,0,0,0,0,0,0,0,,,,,,,0,0,0,0,0,0
2020,788,0,0,0,0,863,12442,0,0,12,19,,,,,,,196,8872,0,0,0,0
2020,865,0,0,0,0,0,0,0,0,0,0,,,,,,,0,0,0,0,0,0
2020,979,0,0,0,0,0,0,0,0,0,0,,,,,,,0,0,0,0,0,0
2020,998,0,0,0,0,0,0,0,0,0,0,,,,,,,0,0,0,0,0,0
2020,1072,0,0,0,0,0,0,0,0,0,0,,,,,,,0,0,0,0,0,0
2020,221,0,0,36,41,0,0,0,0,0,0,994,19307,0,0,0,0,0,0,0,0,0,0
2020,506,0,0,0,0,0,0,0,0,0,0,1438,30724,0,0,0,0,0,0,0,0,0,0
2020,727,0,915,0,0,0,0,0,0,0,0,3958,64889,562,1123,301,2058,36,5688,0,0,5,1830
2020,355,0,0,0,0,0,0,0,0,0,0,1494,26399,49,720,190,312,0,0,0,0,0,0
2020,487,0,0,0,0,0,0,0,0,0,0,2390,22658,134,1206,13,117,0,0,0,0,0,0
2020,938,3780,2607,814,814,1074,19641,0,0,0,0,8216,144457,1498,3727,364,5810,65,9833,0,0,27,8223
2020,999,0,0,0,0,0,0,0,0,0,0,43,951,0,0,10,305,0,0,0,0,0,0
2020,798,1948,1497,0,0,727,760,0,0,770,15070,1368,10897,0,0,0,0,92,6803,0,0,123,16770
2020,504,0,0,0,0,0,0,0,0,0,0,8312,135499,487,2800,0,0,0,0,0,0,0,0
2020,247,0,0,224,224,0,0,0,0,0,0,935,12650,0,0,0,0,0,0,0,0,0,0
2020,216,0,0,0,0,0,0,0,0,0,0,0,0,0,0,0,0,0,0,0,0,0,0
2020,65,0,0,0,0,0,0,0,0,0,0,0,0,0,0,0,0,0,0,0,0,0,0
2020,472,0,0,0,0,0,0,0,0,0,0,1061,15957,47,388,0,0,0,0,0,0,0,0
2020,427,0,0,0,0,0,0,0,0,0,0,0,0,0,0,79,2454,0,0,0,0,0,0
2020,491,0,0,0,0,0,0,0,0,0,0,1759,24314,98,248,115,1432,15,1798,0,0,0,0
2020,551,0,0,0,0,0,0,0,0,0,0,112,9681,21,160,0,0,0,0,0,0,0,0
2020,106,0,0,0,0,0,0,0,0,0,0,332,12774,173,552,128,3585,0,0,0,0,0,0
2020,819,0,0,0,0,0,0,0,0,0,0,94,3760,0,0,92,3588,0,0,0,0,0,0
2020,836,0,0,0,0,0,0,0,0,0,0,19,1250,0,0,19,950,0,0,0,0,0,0
2020,915,0,0,0,0,0,0,0,0,0,0,354,2308,40,95,113,2054,0,0,0,0,0,0
2020,942,0,0,0,0,0,0,0,0,0,0,2,96,0,0,0,0,0,0,0,0,0,0
2020,1140,0,0,0,0,0,0,0,0,0,0,92,795,0,0,0,0,0,0,0,0,0,0
2020,748,1172,1632,100,100,638,10279,0,0,0,0,25548,162049,1552,4589,380,1557,46,7001,0,0,44,6408
2020,198,0,0,0,0,0,0,0,0,0,0,0,0,0,0,0,0,0,0,0,0,0,0
2020,871,0,0,0,0,0,0,0,0,0,0,626,10596,98,1203,99,1172,41,5742,0,0,2,488
2020,948,112,0,0,0,0,0,0,0,0,0,803,10039,0,0,0,0,0,0,0,0,0,0
2020,1051,0,0,0,0,0,0,0,0,0,0,0,0,0,0,0,0,0,0,0,0,0,0
2020,1083,0,0,0,0,0,0,0,0,0,0,0,0,0,0,0,0,0,0,0,0,0,0
2020,1096,0,0,0,0,0,0,0,0,0,0,0,0,0,0,0,0,0,0,0,0,0,0
2020,1159,0,0,0,0,0,0,0,0,0,0,0,0,51,506,0,0,0,0,0,0,0,0
2020,679,884,864,0,0,908,13697,0,0,0,0,2434,132350,76,4749,208,9097,151,7681,0,0,6,74
2020,176,0,0,0,0,0,0,0,0,0,0,10732,15710,0,0,0,0,0,0,0,0,0,0
2020,537,0,0,0,0,0,0,0,0,0,0,284,7134,0,0,0,0,0,0,0,0,0,0
2020,608,0,218,0,0,0,0,0,0,0,0,472,14170,0,0,0,0,60,6439,0,0,0,0
2020,596,0,7,0,0,0,0,0,0,0,0,402,53301,0,0,0,0,0,0,0,0,0,0
2020,749,1325,5077,241,241,1278,16366,0,0,136,387,2046,60531,0,0,0,7455,76,1819,0,0,34,12740
2020,758,2463,1655,88,103,1696,28167,0,0,123,496,7623,88654,666,5355,826,8402,112,8494,0,0,0,0
2020,1104,3839,6052,0,0,1060,11417,0,0,0,0,5142,68683,107,1164,168,2254,48,627,0,0,37,12650
2020,567,0,359,0,0,0,0,0,0,0,0,565,7905,0,0,273,317,0,0,0,0,0,0
2020,677,1070,3767,0,0,96,2016,0,0,0,0,3704,30611,118,695,0,0,76,13676,5,1312,26,8918
2020,670,0,381,0,0,0,0,0,0,0,0,569,6640,1092,9195,206,2910,0,0,0,0,0,0
2020,588,0,62,0,0,0,0,0,0,0,0,1406,32483,99,1253,138,2331,0,0,0,0,0,0
2020,753,6063,3240,151,226,1714,28261,0,0,0,0,5852,67283,487,3249,749,9081,73,11914,4,792,18,6002
2020,887,0,0,0,0,0,0,0,0,0,0,1137,32489,0,0,1127,43943,0,0,0,0,0,0
2020,245,96,0,0,0,0,0,0,0,0,0,1510,30127,0,0,0,0,0,0,0,0,0,0
2020,603,191,0,0,0,0,0,0,0,0,0,4950,177318,321,4526,0,0,0,0,0,0,0,0
2020,426,0,0,0,0,0,0,0,0,0,0,787,11659,41,410,51,2617,0,0,0,0,0,0
2020,232,0,0,0,0,0,0,0,0,0,0,0,0,0,0,0,0,0,0,0,0,0,0
2020,288,0,0,0,0,325,5333,0,0,0,0,1882,52973,207,12079,228,13270,0,0,0,0,0,0
2020,246,0,28,61,153,0,0,0,0,0,0,1417,8861,0,0,0,0,235,17895,0,0,0,0
2020,284,298,32,0,0,680,10200,0,0,0,0,0,0,0,0,0,0,485,5992,0,0,0,0
2020,18,0,0,0,0,0,0,0,0,0,0,0,0,0,0,214,2132,0,0,0,0,0,0
2020,356,0,0,0,0,0,0,0,0,0,0,0,0,0,0,0,0,0,0,0,0,0,0
2020,401,0,0,0,0,0,0,0,0,0,0,749,21150,413,11914,138,4159,0,0,0,0,0,0
2020,733,1308,10089,364,608,1346,19410,0,0,121,577,14284,96819,859,4200,261,1526,2563,29500,39,594,377,7175
2020,243,0,0,0,0,0,0,0,0,0,0,737,1112,0,0,0,0,0,0,0,0,0,0
2020,380,0,0,0,0,0,0,0,0,0,0,750,25616,269,4414,228,2552,0,0,0,0,0,0
2020,716,0,0,0,0,0,0,0,0,0,0,0,0,0,0,0,0,83,12398,0,0,0,0
2020,534,376,53,0,0,0,0,0,0,0,0,525,4171,0,0,0,0,0,0,0,0,0,0
2020,185,170,0,15,25,0,0,0,0,0,0,0,0,0,0,0,0,0,0,0,0,0,0
2020,258,886,39,230,261,235,275,0,0,0,0,1763,24371,0,0,0,0,0,0,0,0,0,0
2020,505,0,62,0,0,0,0,0,0,0,0,2584,39017,0,0,0,0,108,19334,0,0,0,0
2020,268,820,95,0,0,0,0,0,0,0,0,0,0,0,0,0,0,0,0,0,0,0,0
2020,602,0,0,0,0,350,8750,0,0,131,393,0,14339,0,0,0,0,0,0,0,0,0,0
2020,254,416,169,581,1014,312,5526,0,0,54,144,313,348,0,0,0,0,0,0,0,0,0,0
2020,705,287,1551,0,0,0,0,0,0,0,0,516,3047,219,958,0,0,0,0,0,0,0,0
2020,133,0,0,0,0,0,0,0,0,0,0,0,0,0,0,0,0,0,0,0,0,0,0
2020,33,0,0,0,0,0,0,0,0,0,0,0,0,0,0,123,2627,0,0,0,0,0,0
2020,143,0,0,0,0,0,0,0,0,0,0,0,0,0,0,102,793,0,0,0,0,0,0
2020,36,0,0,0,0,0,0,0,0,0,0,0,0,0,0,1525,27455,0,0,0,0,0,0
2020,756,1013,1050,90,244,648,16000,0,0,26,94,6902,44617,491,2407,152,757,107,10850,0,0,0,0
2020,662,479,1089,0,0,0,0,0,0,0,0,6860,30391,537,2016,1140,3233,803,9635,0,0,358,10918
2020,192,0,0,0,0,0,0,0,0,0,0,527,12525,143,2710,239,4934,0,0,0,0,0,0
2020,382,0,0,0,0,0,0,0,0,0,0,0,0,0,0,0,0,0,0,0,0,0,0
2020,322,0,0,0,0,0,0,0,0,0,0,221,341058,0,0,209,199884,0,0,0,0,0,0
2020,478,0,0,0,0,0,0,0,0,0,0,592,17552,0,0,224,6152,0,0,0,0,0,0
2020,352,0,0,0,0,0,0,0,0,0,0,982,16981,136,1711,358,5512,0,0,0,0,0,0
2020,628,954,348,0,0,0,0,0,0,0,0,1831,24751,0,0,0,0,128,19542,9,2882,19,6452
2020,495,0,0,0,0,0,0,0,0,0,0,452,17246,17,1019,353,6423,0,0,0,0,0,0
2020,845,0,1559,0,0,0,0,0,0,0,0,1831,22572,0,0,36,1206,0,0,0,0,0,0
2020,498,0,252,0,0,0,0,0,0,0,0,1088,4351,0,0,0,0,0,0,0,0,0,0
2020,314,0,0,0,0,0,0,0,0,0,0,607,15501,96,1841,250,6034,0,0,0,0,0,0
2020,720,0,0,0,0,0,0,0,0,0,0,1799,31060,0,0,0,0,0,0,0,0,0,0
2020,721,293,2265,0,0,0,0,0,0,0,0,3143,39750,440,4836,148,1968,184,7537,0,0,20,6692
2020,485,0,0,0,0,0,0,0,0,0,0,0,0,0,0,0,0,0,0,0,0,0,0
2020,273,321,345,0,0,0,0,0,0,0,0,0,0,0,0,0,0,0,0,0,0,0,0
2020,846,813,4401,134,172,0,0,0,0,0,0,4053,35853,0,0,320,3593,62,9722,0,0,23,8175
2020,847,0,0,0,0,0,0,0,0,0,0,3517,72351,0,0,0,0,0,0,0,0,0,0
2020,848,1185,189,98,98,0,0,0,0,0,0,3117,26048,0,0,0,0,17,52,0,0,0,0
2020,916,0,0,0,0,398,6666,0,0,0,0,100,334,0,0,0,0,0,0,0,0,0,0
2020,930,15,103,0,0,0,0,0,0,0,0,3276,20253,0,0,0,0,0,0,0,0,0,0
2020,954,267,3685,0,0,1505,29310,0,0,0,0,3701,40212,221,2881,574,3453,0,0,0,0,0,0
2020,943,0,0,0,0,0,0,0,0,0,0,1899,35527,0,0,0,0,0,0,0,0,0,0
2020,949,1740,4075,2,2,1118,18447,0,0,70,256,8150,73353,1197,9602,884,8398,837,9215,0,0,463,12025
2020,980,444,1470,97,170,0,0,0,0,0,0,722,9328,27,40,0,0,0,0,0,0,0,0
2020,981,0,0,0,0,0,0,0,0,0,0,439,12948,84,5685,85,5172,0,0,0,0,0,0
2020,1024,783,714,0,0,767,10845,0,0,0,0,3741,61871,76,922,0,0,0,0,0,0,0,0
2020,1017,0,0,0,0,0,0,0,0,0,0,347,2811,0,0,0,0,0,0,0,0,0,0
2020,1000,168,679,0,0,674,1456,0,0,110,1874,900,28827,0,0,0,0,36,185,0,0,0,0
2020,1018,220,297,0,0,0,0,0,0,0,0,2638,23886,259,1568,436,3926,76,8114,0,0,6,1165
2020,1001,176,40,0,0,0,0,0,0,0,0,0,0,,0,0,0,0,0,0,0,0,0
2020,1007,0,1020,0,0,0,0,0,0,0,0,3211,37413,0,0,161,1784,157,21958,1,297,22,6982
2020,1008,0,275,0,0,0,0,0,0,0,0,1529,14758,0,0,98,796,74,11483,1,176,24,8394
2020,1010,0,59,0,0,0,0,0,0,0,0,1192,23111,0,0,142,3000,76,8326,,,9,2798
2020,1011,0,19,0,0,0,0,0,0,0,0,3195,21839,0,0,151,1358,469,5794,0,0,0,0
2020,1012,0,0,0,0,0,0,0,0,0,0,974,15386,0,0,181,2640,781,9460,0,0,156,4734
2020,1013,2671,6064,151,252,1322,23223,0,0,40,117,10632,52270,0,0,0,0,102,14993,0,0,32,11852
2020,1041,0,0,0,0,0,0,0,0,0,0,20,1000,0,0,140,3600,0,0,0,0,0,0
2020,1073,355,363,0,0,486,6631,0,0,0,0,2683,30830,344,3585,0,0,119,7131,0,0,0,0
2020,1087,443,834,0,0,810,13376,0,0,0,0,11391,66733,571,3873,530,3494,143,14418,0,0,13,2589
2020,1109,309,1347,0,0,0,0,0,0,0,0,3933,38048,325,2896,522,5368,113,9204,2,63,7,1721
2020,1110,107,109,0,0,419,4884,0,0,0,0,1792,29659,65,220,0,0,0,0,0,0,0,0
2020,1112,0,0,0,0,0,0,0,0,0,0,1927,23004,0,0,0,0,0,0,0,0,0,0
2020,1156,0,0,0,0,0,0,0,0,0,0,37,230,0,0,0,0,0,0,0,0,0,0
2020,1155,0,0,0,0,0,0,0,0,0,0,0,0,0,0,0,0,0,0,0,0,0,0
2020,1148,98,984,0,0,210,2959,0,0,87,1790,698,3201,0,0,0,0,0,0,0,0,0,0
2020,1126,0,758,0,0,0,0,0,0,0,0,1913,43975,95,2071,373,4973,93,13181,0,0,0,0
2020,1160,0,0,0,0,0,0,0,0,0,0,169,3780,86,1221,82,1140,0,0,0,0,0,0
2020,1152,0,0,0,0,0,0,0,0,0,0,61,7113,0,0,94,14798,0,0,0,0,0,0
2020,789,0,0,0,0,0,0,0,0,0,0,86,7150,0,0,0,0,0,0,0,0,0,0
2020,326,0,0,0,0,0,0,0,0,0,0,0,0,0,0,0,0,0,0,0,0,0,0
2020,442,472,246,0,0,0,0,0,0,0,0,1567,13233,0,0,0,0,0,0,0,0,0,0
2020,294,254,222,207,292,0,0,0,0,0,0,649,6752,0,0,0,0,0,0,0,0,0,0
2020,378,0,0,0,0,0,0,0,0,0,0,250,6947,0,0,0,0,0,0,0,0,0,0
2020,402,14,0,0,0,0,0,0,0,0,0,2841,12321,127,158,0,0,0,0,0,0,0,0
2020,29,0,0,0,0,0,0,0,0,0,0,0,0,0,0,70,615,0,0,0,0,0,0
2020,450,0,0,0,0,0,0,0,0,0,0,224,3370,0,0,0,0,0,0,0,0,0,0
2020,656,0,0,0,0,0,0,0,0,0,0,,,,,,,0,0,0,0,0,0
2020,333,775,390,0,0,0,0,0,0,0,0,1020,13702,0,0,0,0,118,8713,0,0,0,0
2020,684,0,0,0,0,0,0,0,0,0,0,,,,,,,0,0,0,0,0,0
2020,422,63,397,1,2,0,0,0,0,0,0,1655,13793,0,0,0,0,14,289,0,0,0,0
2020,763,2677,6214,613,913,1352,21868,0,0,1,1,,,,,,,151,13167,0,0,0,0
2020,741,2126,628,28,28,1677,23092,0,0,267,427,,,,,,,0,0,0,0,0,0
2020,553,972,2048,0,0,0,0,0,0,0,0,0,0,0,0,0,0,60,6333,0,0,0,0
2020,899,0,0,0,0,0,0,0,0,0,0,0,0,0,0,0,0,0,0,0,0,0,0
2020,900,0,0,0,0,0,0,0,0,0,0,114,689,0,0,0,0,0,0,0,0,0,0
2020,950,0,0,0,0,0,0,0,0,0,0,5282,82921,104,824,0,0,0,0,0,0,0,0
2020,966,112,2,0,0,0,0,0,0,0,0,0,0,0,0,0,0,0,0,0,0,0,0
2020,967,0,0,0,0,0,0,0,0,0,0,75,825,0,0,0,0,0,0,0,0,0,0
2020,982,330,201,0,0,109,1622,0,0,7,102,1684,20462,9,19,0,0,0,0,0,0,0,0
2020,1080,1729,408,298,301,0,0,0,0,0,0,1853,21718,38,234,1,4,0,0,0,0,0,0
2020,1074,0,0,0,0,0,0,0,0,0,0,285,4319,0,0,0,0,0,0,0,0,0,0
2020,1084,0,35,0,0,0,0,0,0,0,0,1024,29101,27,1338,0,0,0,0,0,0,0,0
2020,1113,0,0,0,0,0,0,0,0,0,0,202,1120,0,0,0,0,0,0,0,0,0,0
2020,1137,67,61,0,0,0,0,0,0,0,0,43,364,0,0,0,0,0,0,0,0,0,0
2020,1142,0,234,0,0,0,0,0,0,0,0,,,,,,,45,5286,0,0,0,0
2020,722,5251,5812,0,0,1472,22328,0,0,113,373,12788,63853,610,1856,296,1573,92,8828,0,0,61,21866
2020,660,0,1469,0,0,0,0,0,0,0,0,5228,27376,0,0,0,0,76,7377,0,0,0,0
2020,75,0,0,0,0,0,0,0,0,0,0,0,0,0,0,239,3800,0,0,0,0,0,0
2020,249,58,51,0,0,0,0,0,0,0,0,497,8597,0,0,0,0,0,0,0,0,0,0
2020,227,327,226,0,0,0,0,0,0,0,0,0,0,0,0,0,0,0,0,0,0,0,0
2020,150,0,0,0,0,0,0,0,0,0,0,469,2035,0,0,0,0,0,0,0,0,0,0
2020,47,0,0,0,0,0,0,0,0,0,0,0,0,0,0,0,0,0,0,0,0,0,0
2020,172,0,0,0,0,0,0,0,0,0,0,889,17157,0,0,0,0,0,0,0,0,0,0
2020,581,0,307,0,0,0,0,0,0,0,0,1050,18738,0,0,0,0,0,0,0,0,0,0
2020,120,0,0,0,0,0,0,0,0,0,0,1630,23077,66,1231,0,0,0,0,0,0,0,0
2020,445,0,0,0,0,0,0,0,0,0,0,73,4336,0,0,0,0,0,0,0,0,0,0
2020,471,0,0,0,0,0,0,0,0,0,0,2435,69919,0,0,0,0,0,0,0,0,0,0
2020,53,0,0,0,0,0,0,0,0,0,0,45,1620,0,0,0,0,0,0,0,0,0,0
2020,199,0,0,13,13,0,0,0,0,0,0,558,5700,213,8856,0,0,0,0,0,0,0,0
2020,575,0,0,0,0,0,0,0,0,0,0,1431,10992,0,0,0,0,0,0,0,0,0,0
2020,528,0,248,0,0,0,0,0,0,0,0,3362,23293,0,0,0,0,0,0,0,0,0,0
2020,631,0,0,0,0,0,0,0,0,0,0,4096,21006,0,0,0,0,64,5189,0,0,2,744
2020,699,0,2138,0,0,0,0,0,0,0,0,5528,23283,0,0,0,0,0,0,0,0,0,0
2020,823,0,0,0,0,0,0,0,0,0,0,1756,26871,0,0,124,1722,0,0,0,0,0,0
2020,849,0,0,0,0,0,0,0,0,0,0,3223,13268,0,0,0,0,27,2339,0,0,0,0
2020,869,0,0,0,0,0,0,0,0,0,0,1374,18536,0,0,0,0,0,0,0,0,0,0
2020,955,0,0,0,0,0,0,0,0,0,0,0,0,0,0,62,21900,0,0,0,0,0,0
2020,983,0,0,0,0,0,0,0,0,0,0,92,1765,0,0,0,0,0,0,0,0,0,0
2020,1002,0,0,0,0,0,0,0,0,0,0,46,1098,0,0,0,0,0,0,0,0,0,0
2020,1015,2248,4846,0,0,1305,16673,0,0,1829,1829,6385,59131,0,0,183,2128,67,6360,0,0,38,12748
2020,1153,0,187,0,0,0,0,0,0,0,0,0,0,0,0,0,0,0,0,0,0,0,0
2020,51,0,0,0,0,0,0,0,0,0,0,0,0,0,0,0,0,0,0,0,0,0,0
2020,441,0,0,0,0,0,0,0,0,0,0,2254,38602,287,2959,736,5833,0,0,0,0,0,0
2020,327,0,0,0,0,0,0,0,0,0,0,0,0,0,0,0,0,0,0,0,0,0,0
2020,690,312,2720,91,110,365,5712,0,0,63,189,1247,15758,69,367,186,595,74,6367,0,0,0,0
2020,262,57,29,0,0,0,0,0,0,0,0,2329,48324,4,34,12,43,0,0,0,0,0,0
2020,403,0,0,0,0,0,0,0,0,0,0,50,420,0,0,0,0,0,0,0,0,0,0
2020,312,0,0,0,0,0,0,0,0,0,0,0,0,0,0,0,0,0,0,0,0,0,0
2020,589,0,0,0,0,0,0,0,0,0,0,4595,40136,0,0,0,0,0,0,0,0,0,0
2020,665,0,512,0,0,0,0,0,0,0,0,3621,45361,0,0,182,911,48,6559,0,0,0,0
2020,334,0,0,0,0,0,0,0,0,0,0,14,132,0,0,21,252,0,0,0,0,0,0
2020,1075,1833,3333,389,495,1562,24548,0,0,259,854,9541,210780,405,5073,164,3028,221,27225,19,2384,41,5083
2020,113,0,0,0,0,0,0,0,0,0,0,0,0,0,0,0,0,0,0,0,0,0,0
2020,619,0,0,0,0,0,0,0,0,0,0,2202,15078,0,0,0,0,0,0,0,0,0,0
2020,163,0,3,0,0,0,0,0,0,0,0,0,0,0,0,0,0,0,0,0,0,0,0
2020,131,0,0,0,0,0,0,0,0,0,0,0,0,0,0,0,0,0,0,0,0,0,0
2020,375,0,0,0,0,0,0,0,0,0,0,1098,16475,0,0,0,0,0,0,0,0,0,0
2020,1090,0,1365,298,361,954,16124,0,0,0,0,16671,350085,0,0,239,6918,204,18225,0,0,0,0
2020,764,1286,2193,399,545,884,16646,0,0,55,203,11011,50465,1880,2907,1005,5216,86,13022,0,0,48,17325
2020,14,0,0,0,0,0,0,0,0,0,0,0,0,0,0,0,0,0,0,0,0,0,0
2020,657,0,359,0,0,0,0,0,0,0,0,2197,16667,0,0,0,0,0,0,0,0,0,0
2020,362,76,0,0,0,0,0,0,0,0,0,703,7777,0,0,0,0,0,0,0,0,0,0
2020,989,0,232,0,0,0,0,0,0,0,0,1744,12110,346,1477,82,1323,0,0,0,0,0,0
2020,990,0,0,0,0,0,0,0,0,0,0,1509,12352,274,647,177,1341,0,0,0,0,0,0
2020,680,2447,4736,156,208,0,0,0,0,0,0,5790,145097,0,0,0,0,718,11688,0,0,21,7817
2020,411,10982,247,0,0,0,0,0,0,0,0,1270,23281,26,124,0,0,6,700,0,0,0,0
2020,241,135,55,0,0,0,0,0,0,0,0,0,0,0,0,0,0,0,0,0,0,0,0
2020,558,0,1867,0,0,0,0,0,0,0,0,2376,213860,0,0,0,0,102,12517,5,1037,15,5311
2020,248,226,249,0,0,459,518,0,0,72,164,1849,17801,0,0,0,0,220,16269,0,0,0,0
2020,224,0,0,0,0,0,0,0,0,0,0,1058,14927,19,87,0,0,0,0,0,0,0,0
2020,591,715,4661,135,135,407,7163,0,0,0,0,11872,219003,0,0,40,431,46,8287,0,0,19,5740
2020,586,0,154,0,0,0,0,0,0,0,0,11040,273162,0,0,0,0,1300,15211,36,783,182,22144
2020,453,0,0,0,0,0,0,0,0,0,0,4181,87800,75,2250,80,3560,0,0,0,0,0,0
2020,145,0,0,0,0,0,0,0,0,0,0,120,20128,0,0,113,1155,0,0,0,0,0,0
2020,511,0,690,0,0,0,0,0,0,0,0,2559,46070,0,0,0,0,396,4044,0,0,166,166
2020,530,0,0,0,0,0,0,0,0,0,0,2067,32803,0,0,0,0,0,0,0,0,0,0
2020,6,0,0,108,139,0,0,0,0,0,0,1803,26022,0,0,0,0,0,0,0,0,0,0
2020,161,0,0,0,0,0,0,0,0,0,0,0,0,0,0,0,0,0,0,0,0,0,0
2020,623,1113,0,0,0,1132,20655,0,0,99,195,7570,191881,0,0,0,0,0,0,0,0,0,0
2020,875,104,124,0,0,501,10656,0,0,0,0,1892,41470,65,1589,84,3569,0,0,0,0,0,0
2020,946,164,373,0,0,0,0,0,0,0,0,1969,27485,0,0,0,0,35,741,0,0,0,0
2020,1023,605,504,0,0,0,0,0,0,0,0,4376,53019,547,2755,0,0,201,15270,0,0,28,6804
2020,1054,560,1689,0,0,0,0,0,0,0,0,4946,85031,425,1832,0,0,180,13296,0,0,26,453
2020,1057,0,0,0,0,0,0,0,0,0,0,347,11211,211,3666,234,6925,0,0,0,0,0,0
2020,1031,0,0,0,0,0,0,0,0,0,0,123,3734,88,2089,116,4309,0,0,0,0,0,0
2020,1032,523,596,31,2189,0,0,0,0,0,0,5078,62414,247,1929,0,0,185,15754,0,0,29,5890
2020,1064,141,218,0,0,881,15101,0,0,0,0,1967,24355,0,0,0,0,0,0,0,0,0,0
2020,226,68,18,197,197,0,0,0,0,0,0,1946,23550,84,3612,37,777,8,1365,0,0,0,0
2020,687,0,0,0,0,0,0,0,0,0,0,,,,,,,0,0,0,0,0,0
2020,745,1046,1277,0,0,1039,19262,0,0,0,0,,,,,,,201,17539,0,0,0,0
2020,109,64,22,0,0,0,0,0,0,0,0,513,10397,211,1695,0,0,0,0,0,0,0,0
2020,808,0,578,0,0,0,0,0,0,0,0,,,,,,,96,9401,0,0,0,0
2020,971,0,44,0,0,0,0,0,0,0,0,,,,,,,0,0,0,0,0,0
2020,128,0,65,1,1,0,0,0,0,0,0,0,15312,0,3527,0,0,0,0,0,0,0,0
2020,919,0,1075,0,0,0,0,0,0,0,0,28626,81940,0,0,2130,7720,80,6156,2,423,20,6853
2020,1150,0,0,0,0,0,0,0,0,0,0,25,7258,8,450,80,16547,0,0,0,0,0,0
2020,725,1754,1255,0,0,1459,19946,0,0,122,861,2455,37178,198,3049,91,2383,78,12647,2,312,1,365
2020,3,0,0,0,0,0,0,0,0,0,0,115,5048,0,0,75,10649,0,0,0,0,0,0
2020,306,0,0,0,0,0,0,0,0,0,0,0,0,0,0,80,800,0,0,0,0,0,0
2020,15,0,0,0,0,0,0,0,0,0,0,111,2353,0,0,0,0,0,0,0,0,0,0
2020,264,0,0,0,0,0,0,0,0,0,0,0,0,0,0,0,0,0,0,0,0,0,0
2020,867,0,0,0,0,0,0,0,0,0,0,667,7231,0,0,0,0,0,0,0,0,0,0
2020,910,0,0,0,0,0,0,0,0,0,0,234,8220,0,0,0,0,66,9466,0,0,0,0
2020,1053,0,676,0,0,0,0,0,0,0,0,1927,16879,0,0,0,0,0,0,0,0,0,0
2020,1055,1437,823,330,617,366,6773,0,0,0,0,676,10064,360,2915,0,0,0,0,0,0,0,0
2020,1081,0,0,0,0,0,0,0,0,0,0,302,32016,104,12800,302,31696,0,0,0,0,0,0
2020,1115,0,0,0,0,0,0,0,0,0,0,801,15440,455,528,0,0,0,0,0,0,0,0
2020,529,0,0,0,0,0,0,0,0,0,0,905,21110,201,6125,412,8515,0,0,0,0,0,0
2020,345,0,0,0,0,0,0,0,0,0,0,24,505,0,0,35,1612,0,0,0,0,0,0
2020,515,0,0,0,0,0,0,0,0,0,0,1770,39172,0,0,0,0,0,0,0,0,0,0
2020,174,0,0,0,0,0,0,0,0,0,0,1268,12805,0,0,0,0,0,0,0,0,0,0
2020,523,0,0,0,0,0,0,0,0,0,0,8944,131915,98,3841,159,6624,0,0,0,0,0,0
2020,697,283,690,111,111,0,0,0,0,0,0,161,2480,0,0,6077,184801,0,0,0,0,0,0
2020,239,186,214,0,0,0,0,0,0,0,0,5634,135536,0,0,0,0,0,0,0,0,0,0
2020,287,441,675,66,166,375,502,0,0,0,0,1936,26541,40,324,0,0,126,11800,0,0,0,0
2020,377,0,0,0,0,0,0,0,0,0,0,431,35785,0,0,71,5931,0,0,0,0,0,0
2020,692,47,3,0,0,0,0,0,0,452,1297,3426,37305,222,1712,0,0,49,7524,,,31,10578
2020,435,448,25,0,0,0,0,0,0,0,0,4407,79742,153,1179,0,0,0,0,0,0,0,0
2020,423,0,0,0,0,0,0,0,0,0,0,1004,11514,26,265,0,0,0,0,0,0,0,0
2020,351,0,0,0,0,0,0,0,0,0,0,1569,29372,0,0,0,0,0,0,0,0,0,0
2020,810,0,0,0,0,0,0,0,0,0,0,1133,14583,80,885,0,0,0,0,0,0,0,0
2020,830,0,0,0,0,0,0,0,0,0,0,5796,45747,0,0,0,0,492,5942,12,3395,0,0
2020,892,0,1108,0,0,0,0,0,0,0,0,3254,63275,255,986,372,7236,129,8027,0,0,31,6864
2020,921,672,274,84,97,0,0,0,0,0,0,1889,37778,212,706,0,0,0,0,0,0,0,0
2020,991,0,0,0,0,0,0,0,0,0,0,100,176,0,0,0,0,0,0,0,0,0,0
2020,992,0,0,0,0,0,0,0,0,0,0,3001,86060,0,0,184,2932,54,4430,0,0,5,1240
2020,993,0,49,0,0,0,0,0,0,0,0,49909,113265,317,1291,1066,1746,45,3935,0,0,3,533
2020,1070,3441,4294,292,292,1370,18932,0,0,47,136,7128,85090,131,2282,333,6049,45,5170,0,0,0,0
2020,1095,0,0,0,0,0,0,0,0,0,0,1543,26933,0,0,0,0,27,1525,0,0,0,0
2020,1094,0,0,0,0,0,0,0,0,0,0,491,10691,0,0,0,0,0,0,0,0,0,0
2020,1124,0,0,0,0,0,0,0,0,0,0,0,0,0,0,0,0,0,0,0,0,0,0
2020,473,0,0,0,0,0,0,0,0,0,0,0,0,0,0,0,0,0,0,0,0,0,0
2020,663,2122,946,0,0,858,10230,0,0,88,1049,2574,3923,0,0,0,0,285,5692,0,0,0,0
2020,552,0,0,0,0,0,0,0,0,0,0,1379,33956,0,0,78,1207,0,0,0,0,0,0
2020,772,3935,1474,0,0,1474,19086,0,0,0,0,2156,21098,0,0,0,0,591,22547,5,565,706,42481
2020,568,0,0,0,0,0,0,0,0,0,0,3714,21946,5,155,1126,3329,0,0,0,0,0,0
2020,398,0,0,0,0,0,0,0,0,0,0,971,19403,0,0,126,2522,0,0,0,0,0,0
2020,394,0,408,0,0,0,0,0,0,0,0,207,5858,0,0,0,0,0,0,0,0,0,0
2020,614,0,0,0,0,0,0,0,0,0,0,184,4504,0,0,86,1326,0,0,0,0,0,0
2020,235,0,0,0,0,0,0,0,0,0,0,281,7039,0,0,0,0,0,0,0,0,0,0
2020,616,0,0,0,0,0,0,0,0,0,0,1966,17806,0,0,0,0,0,0,0,0,0,0
2020,267,34,0,0,0,0,0,0,0,0,0,2521,2521,0,0,0,0,0,0,0,0,0,0
2020,565,0,0,0,0,0,0,0,0,0,0,1926,29121,175,2236,0,0,0,0,0,0,0,0
2020,220,0,0,0,0,0,0,0,0,0,0,91,801,0,0,0,0,0,0,0,0,0,0
2020,278,0,0,0,0,0,0,0,0,0,0,0,0,0,0,0,0,0,0,0,0,0,0
2020,107,0,0,0,0,0,0,0,0,0,0,0,0,0,0,0,0,0,0,0,0,0,0
2020,711,1544,1800,0,0,1688,32421,0,0,112,436,4096,35995,637,1814,353,2229,0,0,0,0,0,0
2020,204,0,0,0,0,0,0,0,0,0,0,296,7874,0,0,304,7456,0,0,0,0,0,0
2020,348,0,0,0,0,0,0,0,0,0,0,825,16678,0,0,0,0,0,0,0,0,0,0
2020,766,0,2381,821,959,0,0,0,0,0,0,0,0,0,0,0,0,520,19414,2,466,598,20956
2020,761,0,0,0,0,0,0,0,0,0,0,1485,24318,356,850,491,4266,0,0,0,0,0,0
2020,728,0,0,171,189,0,0,0,0,0,0,3718,43682,169,2107,0,0,0,0,0,0,0,0
2020,280,0,0,0,0,0,0,0,0,0,0,1546,24658,0,0,0,0,0,0,0,0,0,0
2020,222,0,0,140,140,0,0,0,0,0,0,0,0,0,0,0,0,0,0,0,0,0,0
2020,276,223,678,0,0,678,9815,0,0,0,0,674,9004,0,0,0,0,0,0,0,0,0,0
2020,11,255,0,93,113,0,0,0,0,0,0,1634,6412,0,0,0,0,0,0,0,0,0,0
2020,302,0,0,0,0,0,0,0,0,0,0,501,9666,47,424,0,0,0,0,0,0,0,0
2020,682,0,0,0,0,0,0,0,0,0,0,83,2112,0,0,0,0,0,0,0,0,0,0
2020,279,0,0,0,0,0,0,0,0,0,0,1266,7758,0,0,0,0,0,0,0,0,0,0
2020,282,2510,653,0,0,653,8351,0,0,0,0,1875,14806,0,0,0,0,0,0,0,0,0,0
2020,281,0,0,0,0,0,0,0,0,0,0,0,0,0,0,0,0,0,0,0,0,0,0
2020,183,0,0,0,0,0,0,0,0,0,0,0,0,0,0,0,0,0,0,0,0,0,0
2020,610,0,0,0,0,0,0,0,0,0,0,0,0,0,0,0,0,0,0,0,0,0,0
2020,116,0,0,0,0,0,0,0,0,0,0,2190,42628,876,2549,467,7001,0,0,0,0,0,0
2020,115,0,0,0,0,0,0,0,0,0,0,36,2151,0,0,0,0,0,0,0,0,0,0
2020,114,0,0,0,0,0,0,0,0,0,0,97,1580,0,0,102,1875,0,0,0,0,0,0
2020,119,0,0,0,0,0,0,0,0,0,0,62,329,0,0,0,0,0,0,0,0,0,0
2020,770,1904,6105,161,195,0,0,0,0,0,0,1759,10466,183,1643,209,2173,461,8838,0,0,510,18703
2020,583,0,0,0,0,0,0,0,0,0,0,19,165,0,0,0,0,0,0,0,0,0,0
2020,136,0,0,0,0,0,0,0,0,0,0,1363,20884,80,630,368,2886,0,0,0,0,0,0
2020,469,0,0,0,0,0,0,0,0,0,0,845,10145,173,879,0,0,0,0,0,0,0,0
2020,642,0,0,0,0,0,0,0,0,0,0,4358,54976,159,1198,204,3336,0,0,0,0,0,0
2020,674,513,0,0,0,0,0,0,0,0,0,964,9747,51,912,255,2198,18,439,0,0,20,1028
2020,193,0,0,0,0,0,0,0,0,0,0,0,0,0,0,0,0,0,0,0,0,0,0
2020,526,0,0,0,0,0,0,0,0,0,0,1175,12392,118,798,116,709,0,0,0,0,0,0
2020,698,2920,5417,329,391,0,0,0,0,0,0,1001,18458,57,669,308,2969,64,4845,0,0,175,5613
2020,630,0,464,0,0,0,0,0,0,0,0,2842,25397,413,2816,0,0,0,0,0,0,0,0
2020,124,0,0,0,0,0,0,0,0,0,0,0,0,185,2355,0,0,0,0,0,0,0,0
2020,364,0,0,0,0,0,0,0,0,0,0,1558,7573,0,0,0,0,0,0,0,0,0,0
2020,439,0,0,0,0,0,0,0,0,0,0,3201,23856,0,0,317,2359,0,0,0,0,0,0
2020,570,0,464,0,0,464,8077,0,0,0,0,3863,28786,0,0,382,2847,9,917,0,0,237,23739
2020,123,0,0,0,0,0,0,0,0,0,0,937,22110,0,0,0,0,0,0,0,0,0,0
2020,310,0,0,0,0,0,0,0,0,0,0,0,0,0,0,0,0,0,0,0,0,0,0
2020,571,0,0,0,0,0,0,0,0,0,0,0,0,0,0,0,0,0,0,0,0,0,0
2020,296,0,0,0,0,0,0,0,0,0,0,1529,39454,110,508,442,4726,0,0,0,0,0,0
2020,566,0,0,0,0,0,0,0,0,0,0,0,0,0,0,0,0,208,9314,0,0,235,14534
2020,784,0,2611,0,0,0,0,0,0,0,0,6086,84178,1903,24274,152,7484,249,21887,0,0,276,30117
2020,102,0,0,0,0,0,0,0,0,0,0,292,7626,0,0,0,0,0,0,0,0,0,0
2020,639,0,0,0,0,0,0,0,0,0,0,2738,44687,207,583,0,0,0,0,0,0,0,0
2020,457,0,0,0,0,0,0,0,0,0,0,924,10107,72,353,31,256,0,0,0,0,0,0
2020,609,890,371,0,0,371,6735,0,0,0,0,5458,48473,118,722,0,0,0,0,0,0,0,0
2020,101,0,0,0,0,0,0,0,0,0,0,479,33003,0,0,219,4621,0,0,0,0,0,0
2020,454,0,618,0,0,0,0,0,0,0,0,989,6174,15,20,166,4823,0,0,0,0,0,0
2020,318,0,0,0,0,0,0,0,0,0,0,62,1615,0,0,430,18118,0,0,0,0,0,0
2020,600,0,0,0,0,0,0,0,0,0,0,748,3950,0,0,0,0,0,0,0,0,0,0
2020,545,0,1267,0,0,1267,22371,0,0,0,0,4592,53428,468,1843,294,2150,110,9936,0,0,156,20502
2020,100,0,0,0,0,0,0,0,0,0,0,0,0,0,0,0,0,0,0,0,0,0,0
2020,702,1543,72,0,0,0,0,0,0,72,80,2409,16809,462,2310,96,1449,0,0,0,0,0,0
2020,778,0,0,0,0,0,0,0,0,0,0,3728,59547,269,1677,0,0,144,14838,0,0,156,17676
2020,341,0,0,0,0,0,0,0,0,0,0,802,13473,0,0,55,107,0,0,0,0,0,0
2020,99,0,0,0,0,0,0,0,0,0,0,545,7460,0,0,420,5027,0,0,0,0,0,0
2020,767,0,611,0,0,0,0,0,0,0,0,964,2520,0,0,0,0,0,0,0,0,0,0
2020,359,0,0,0,0,0,0,0,0,0,0,541,10471,110,531,245,3204,192,19833,0,0,0,0
2020,98,0,0,0,0,0,0,0,0,0,0,469,15230,0,0,83,2191,0,0,0,0,0,0
2020,132,0,0,0,0,0,0,0,0,0,0,331,11186,319,544,174,9462,0,0,0,0,0,0
2020,97,0,0,0,0,0,0,0,0,0,0,621,8720,12,102,523,1215,0,0,0,0,0,0
2020,103,0,0,0,0,0,0,0,0,0,0,0,0,0,0,0,0,0,0,0,0,0,0
2020,110,0,0,0,0,0,0,0,0,0,0,0,0,0,0,0,0,0,0,0,0,0,0
2020,94,0,0,0,0,0,0,0,0,0,0,29,1124,0,0,40,1985,0,0,0,0,0,0
2020,91,0,0,0,0,0,0,0,0,0,0,320,8448,22,79,125,1708,0,0,0,0,0,0
2020,664,0,0,0,0,0,0,0,0,0,0,3408,32560,33,50,559,3360,0,0,0,0,0,0
2020,918,2096,1492,0,0,1490,23840,0,0,2,2,12217,139995,584,8324,1793,20500,947,5768,0,0,1024,19311
2020,92,0,0,0,0,0,0,0,0,0,0,82,4127,0,0,110,2244,0,0,0,0,0,0
2020,95,0,0,0,0,0,0,0,0,0,0,490,4900,110,222,150,450,0,0,0,0,0,0
2020,301,0,0,0,0,0,0,0,0,0,0,3582,21464,15,84,0,0,0,0,0,0,0,0
2020,492,0,303,0,0,0,0,0,0,0,0,2062,25763,0,0,0,0,0,0,0,0,0,0
2020,811,20,0,0,0,0,0,0,0,0,0,0,0,0,0,0,0,0,0,0,0,0,0
2020,812,0,2876,0,0,2876,48870,0,0,0,0,936,5910,0,0,0,0,0,0,0,0,0,0
2020,832,0,0,0,0,0,0,0,0,0,0,29,5408,0,0,29,3018,0,0,0,0,0,0
2020,841,0,0,0,0,0,0,0,0,0,0,55,1488,0,0,55,1488,0,0,0,0,0,0
2020,856,0,0,0,0,0,0,0,0,0,0,273,5176,311,1439,273,1492,0,0,0,0,0,0
2020,859,0,0,0,0,0,0,0,0,0,0,0,0,0,0,0,0,0,0,0,0,0,0
2020,861,0,0,0,0,0,0,0,0,0,0,0,0,0,0,0,0,0,0,0,0,0,0
2020,880,0,0,0,0,0,0,0,0,0,0,458,9445,60,2198,206,3207,0,0,0,0,0,0
2020,883,0,0,0,0,0,0,0,0,0,0,0,0,0,0,358,2994,0,0,0,0,0,0
2020,884,0,0,0,0,0,0,0,0,0,0,328,7938,9,36,298,1226,0,0,0,0,0,0
2020,877,0,0,0,0,0,0,0,0,0,0,0,0,0,0,0,0,0,0,0,0,0,0
2020,911,0,0,0,0,0,0,0,0,0,0,2588,47959,1331,4051,1406,15363,0,0,0,0,0,0
2020,913,0,0,0,0,0,0,0,0,0,0,0,0,0,0,0,0,0,0,0,0,0,0
2020,922,127,0,318,0,0,0,0,0,0,0,0,0,0,0,0,0,0,0,0,0,0,0
2020,923,0,0,0,0,0,0,0,0,0,0,0,0,0,0,227,3509,0,0,0,0,0,0
2020,924,0,1588,0,0,1588,29644,0,0,0,0,0,0,0,0,0,0,0,0,0,0,0,0
2020,947,0,0,0,0,0,0,0,0,0,0,0,0,0,0,0,0,0,0,0,0,0,0
2020,951,0,0,0,0,0,0,0,0,0,0,624,1245,0,0,538,1181,0,0,0,0,0,0
2020,1103,0,0,0,0,0,0,0,0,0,0,932,14718,51,655,340,1353,0,0,0,0,0,0
2020,972,0,0,0,0,0,0,0,0,0,0,120,1981,0,0,120,963,0,0,0,0,0,0
2020,973,19,0,0,0,0,0,0,0,0,0,0,0,0,0,0,0,0,0,0,0,0,0
2020,974,0,0,0,0,0,0,0,0,0,0,960,15356,257,427,373,5231,0,0,0,0,0,0
2020,975,0,0,0,0,0,0,0,0,0,0,0,0,0,0,0,0,0,0,0,0,0,0
2020,960,0,0,0,0,0,0,0,0,0,0,813,28107,16,745,398,11214,0,0,0,0,0,0
2020,1028,0,0,0,0,0,0,0,0,0,0,0,0,0,0,0,0,0,0,0,0,0,0
2020,751,1102,1507,0,0,866,15022,0,0,0,0,2220,128033,0,0,123,3946,88,11054,0,0,0,0
2020,186,3,0,0,0,0,0,0,0,0,0,0,0,0,0,0,0,0,0,0,0,0,0
2020,646,0,50,0,0,0,0,0,0,0,0,485,22909,0,0,0,0,0,0,0,0,0,0
2020,536,0,0,0,0,0,0,0,0,0,0,907,44013,0,0,0,0,17,3058,0,0,0,0
2020,242,0,0,0,0,0,0,0,0,0,0,550,6600,0,0,0,0,0,0,0,0,0,0
2020,490,0,0,0,0,0,0,0,0,0,0,533,3657,155,1500,23,1740,0,0,0,0,0,0
2020,500,164,20,0,0,214,3321,0,0,0,0,1817,31898,198,518,0,0,0,0,0,0,0,0
2020,206,0,0,0,0,0,0,0,0,0,0,1937,33311,43,1020,0,0,0,0,0,0,0,0
2020,58,0,0,0,0,0,0,0,0,0,0,0,0,0,0,0,0,0,0,0,0,0,0
2020,572,0,237,0,0,0,0,0,0,0,0,1917,62997,0,0,0,0,66,8779,0,0,0,0
2020,180,0,0,0,0,0,0,0,0,0,0,655,4502,0,0,0,0,0,0,0,0,0,0
2020,549,0,0,0,0,0,0,0,0,0,0,436,8361,0,0,0,0,26,2879,0,0,0,0
2020,582,0,0,0,0,0,0,0,0,0,0,615,13233,0,0,71,977,39,3198,0,0,0,0
2020,743,1111,717,0,0,0,0,0,0,0,0,7565,72996,167,931,410,2530,45,7084,0,0,0,0
2020,795,0,0,0,0,0,0,0,0,0,0,1397,10198,0,0,0,0,110,9500,0,0,0,0
2020,269,0,0,0,0,0,0,0,0,0,0,1035,10260,97,975,0,0,0,0,0,0,0,0
2020,634,0,2,135,227,1346,13311,0,0,0,0,413,4155,0,0,0,0,113,9707,0,0,0,0
2020,1,0,0,0,0,0,0,0,0,0,0,2025,15579,33,285,0,0,0,0,0,0,0,0
2020,717,0,195,0,0,0,0,0,0,0,0,667,4877,0,0,0,0,31,4860,0,0,0,0
2020,373,0,0,0,0,0,0,0,0,0,0,370,6665,0,0,0,0,0,0,0,0,0,0
2020,824,3531,5841,501,501,1565,25204,0,0,756,10876,7367,154980,386,8181,526,12334,103,16014,2,633,98,35868
2020,888,0,52,0,0,0,0,0,0,0,0,209,626,0,0,49,743,34,5148,0,0,0,0
2020,902,0,0,0,0,0,0,0,0,0,0,112,2556,0,0,0,0,0,0,0,0,0,0
2020,968,0,0,0,0,0,0,0,0,0,0,0,0,0,0,0,0,0,0,0,0,0,0
2020,1154,0,410,0,0,0,0,0,0,0,0,1197,27187,0,0,22,195,44,4933,0,0,0,0
2020,1130,0,0,0,0,0,0,0,0,0,0,44,226,0,0,0,0,0,0,0,0,0,0
2020,1141,0,0,0,0,0,0,0,0,0,0,0,0,0,0,0,0,0,0,0,0,0,0
2020,1145,0,0,0,0,0,0,0,0,0,0,85,980,0,0,90,1032,0,0,0,0,0,0
2020,1122,0,0,0,0,0,0,0,0,0,0,0,0,0,0,0,0,0,0,0,0,0,0
2020,1133,0,0,0,0,0,0,0,0,0,0,0,0,0,0,0,0,0,0,0,0,0,0
2020,346,0,0,0,0,0,0,0,0,0,0,231,11439,12,417,330,12161,0,0,0,0,0,0
2020,27,0,0,0,0,0,0,0,0,0,0,0,0,0,0,0,0,0,0,0,0,0,0
2020,165,0,0,0,0,0,0,0,0,0,0,1891,16505,9,103,0,0,0,0,0,0,0,0
2020,956,0,1291,0,0,0,0,0,0,0,0,0,43880,0,0,0,0,75,11154,1,154,9,3059
2020,149,0,0,0,0,0,0,0,0,0,0,1295,39446,0,0,0,0,0,0,0,0,0,0
2020,612,484,128,0,0,0,0,0,0,0,0,270,9261,0,0,0,0,0,0,0,0,0,0
2020,559,0,0,0,0,0,0,0,0,0,0,479,8561,0,0,0,0,0,0,0,0,0,0
2020,7,0,0,0,0,0,0,0,0,0,0,177,1471,0,0,0,0,0,0,0,0,0,0
2020,283,148,238,6,6,288,3989,0,0,87,152,1304,35789,6,7,25,1490,0,0,0,0,0,0
2020,37,0,0,0,0,0,0,0,0,0,0,0,0,0,0,0,0,0,0,0,0,0,0
2020,153,167,9,0,0,0,0,0,0,0,0,2576,39190,39,108,0,0,0,0,0,0,0,0
2020,547,0,0,0,0,0,0,0,0,0,0,2098,55498,0,0,106,3153,137,598,0,0,0,0
2020,397,0,0,0,0,0,0,0,0,0,0,458,6240,292,1680,420,5760,0,0,0,0,0,0
2020,556,0,0,0,0,0,0,0,0,0,0,945,49389,0,0,58,1692,62,5630,0,0,0,0
2020,42,0,0,0,0,0,0,0,0,0,0,0,0,0,0,0,0,0,0,0,0,0,0
2020,31,0,0,0,0,0,0,0,0,0,0,958,22415,17,290,35,908,0,0,0,0,0,0
2020,740,1908,2681,208,268,0,0,0,0,0,0,13333,90861,1629,5266,1737,8851,1061,12100,2872,36013,423,12112
2020,217,0,0,0,0,0,0,0,0,0,0,1335,10735,0,0,0,0,12,31,0,0,0,0
2020,863,0,0,0,0,0,0,0,0,0,0,2043,14416,0,0,0,0,0,0,0,0,0,0
2020,889,3541,4644,134,177,2388,35138,0,0,347,588,7138,66285,332,3772,690,7620,99,7466,3,666,96,34939
2020,984,0,0,0,0,0,0,0,0,0,0,1909,50213,0,0,0,0,14,241,0,0,0,0
2020,1106,0,0,0,0,0,0,0,0,0,0,0,0,0,0,0,0,0,0,0,0,0,0
2020,1146,0,0,0,0,0,0,0,0,0,0,0,0,0,0,0,0,0,0,0,0,0,0
2020,34,0,0,0,0,0,0,0,0,0,0,122,7075,0,0,110,3400,0,0,0,0,0,0
2020,791,0,0,0,0,0,0,0,0,0,0,3266,47890,463,15480,138,6559,0,0,0,0,0,0
2020,430,0,0,0,0,0,0,0,0,0,0,121,5252,0,0,0,0,0,0,0,0,0,0
2020,715,34,942,218,251,330,5370,0,0,0,0,3893,65612,362,4449,174,4489,93,11056,0,0,30,6148
2020,524,169,59,32,35,0,0,0,0,0,0,7396,105965,20,82,20,43,1,1,0,0,0,0
2020,432,0,0,0,0,0,0,0,0,0,0,2120,39623,0,0,0,0,0,0,0,0,0,0
2020,19,0,0,0,0,0,0,0,0,0,0,0,0,0,0,0,0,0,0,0,0,0,0
2020,25,0,0,0,0,0,0,0,0,0,0,0,0,0,0,0,0,0,0,0,0,0,0
2020,26,0,0,0,0,0,0,0,0,0,0,0,0,0,0,39,297,0,0,0,0,0,0
2020,890,388,1237,0,0,0,0,0,0,0,0,0,0,0,0,0,0,92,12363,0,0,13,647
2020,904,0,0,0,0,0,0,0,0,0,0,0,0,0,0,0,0,0,0,0,0,0,0
2020,957,2701,4323,0,0,2121,41022,0,0,367,1701,7683,117876,1034,11870,677,8546,812,16470,1,310,131,5611
2020,939,3547,3212,0,0,1026,17430,0,0,75,329,6071,80992,184,1324,247,2796,142,17057,0,0,21,7018
2020,236,0,0,0,0,0,0,0,0,0,0,1195,22431,0,0,0,0,0,0,0,0,0,0
2020,735,1669,5614,72,86,1909,19537,0,0,157,525,4146,50130,557,5859,701,6173,81,6195,0,0,74,22520
2020,363,91,294,0,0,0,0,0,0,0,0,2001,46653,14,49,0,0,0,0,0,0,0,0
2020,187,80,23,0,0,0,0,0,0,0,0,4304,22198,23,40,51,996,280,14455,0,0,0,0
2020,295,47,0,0,0,0,0,0,0,0,0,504,4628,131,1619,0,0,0,0,0,0,0,0
2020,496,948,544,0,0,0,0,0,0,0,0,2860,24461,0,0,0,0,205,17031,0,0,0,0
2020,391,0,0,67,111,0,0,0,0,0,0,56,376,1,11,0,0,0,0,0,0,0,0
2020,240,0,0,0,0,0,0,0,0,0,0,4050,31396,0,0,0,0,215,25202,0,0,0,0
2020,448,0,0,0,0,0,0,0,0,0,0,1090,20710,170,871,0,0,12,921,0,0,0,0
2020,425,0,0,0,0,0,0,0,0,0,0,343,6709,0,0,0,0,14,1258,0,0,0,0
2020,300,0,13,0,0,0,0,0,0,0,0,1275,13792,41,93,0,0,0,0,0,0,0,0
2020,339,3326,3946,0,0,0,0,0,0,0,0,167,953,0,0,0,0,11,103,0,0,0,0
2020,874,0,0,0,0,0,0,0,0,0,0,312,18279,0,0,0,0,58,9545,0,0,0,0
2020,905,1806,671,131,172,861,17097,0,0,0,0,3127,93552,568,5334,202,2762,458,8175,1,78,51,9664
2020,1123,0,0,0,0,0,0,0,0,0,0,0,0,0,0,0,0,0,0,0,0,0,0
2020,736,1750,12345,140,152,1278,22426,0,0,214,323,0,78587,0,5170,0,6938,0,9539,0,0,0,1966
2020,459,0,0,0,0,0,0,0,0,0,0,1359,45327,0,0,0,0,0,0,0,0,0,0
2020,320,0,0,0,0,0,0,0,0,0,0,719,21721,16,449,461,6769,0,0,0,0,0,0
2020,45,0,0,0,0,0,0,0,0,0,0,0,0,0,0,0,0,0,0,0,0,0,0
2020,618,0,0,0,0,0,0,0,0,0,0,772,94361,113,1216,115,4554,0,0,0,0,0,0
2020,463,0,182,0,0,0,0,0,0,0,0,1037,28114,134,1400,179,1787,0,0,0,0,0,0
2020,891,0,0,0,0,0,0,0,0,0,0,0,0,0,0,0,0,0,0,0,0,0,0
2020,958,0,903,0,0,0,0,0,0,0,0,3526,71371,0,0,274,1346,485,5821,12,261,103,2907
2020,244,0,0,0,0,0,0,0,0,0,0,758,14100,36,892,0,0,0,0,0,0,0,0
2020,28,0,0,0,0,0,0,0,0,0,0,29,987,0,0,30,4725,0,0,0,0,0,0
2020,444,0,0,0,0,0,0,0,0,0,0,892,13553,0,0,0,0,0,0,0,0,0,0
2020,479,0,0,0,0,0,0,0,0,0,0,160,4201,271,8229,430,13432,0,0,0,0,0,0
2020,285,223,0,0,0,0,0,0,0,0,0,1128,16953,43,203,0,0,154,14505,0,0,0,0
2020,253,336,105,0,0,0,0,0,0,0,0,0,0,0,0,0,0,0,0,0,0,0,0
2020,481,42,165,0,0,0,0,0,0,0,0,1760,31390,0,0,0,0,7,34,0,0,0,0
2020,540,296,0,0,0,538,14526,0,0,0,0,0,0,0,0,0,0,0,0,0,0,0,0
2020,332,0,0,0,0,0,0,0,0,0,0,0,0,0,0,0,0,0,0,0,0,0,0
2020,41,0,0,0,0,0,0,0,0,0,0,0,0,0,0,0,0,0,0,0,0,0,0
2020,510,104,0,0,0,0,0,0,0,0,0,0,0,0,0,0,0,0,0,0,0,0,0
2020,305,0,0,0,0,0,0,0,0,0,0,,,,,,,0,0,0,0,0,0
2020,708,0,0,0,0,0,0,0,0,0,0,,,,,,,0,0,0,0,0,0
2020,755,2137,1653,401,640,2248,33520,0,0,18,28,,,,,,,148,9908,0,0,0,0
2020,750,0,0,0,0,1200,17989,0,0,0,0,,,,,,,0,17690,0,0,0,0
2020,696,240,3081,274,520,0,0,0,0,2,3,,,,,,,0,0,0,0,0,0
2020,421,0,0,0,0,0,0,0,0,0,0,518,8044,3,286,97,2343,0,0,0,0,0,0
2020,827,0,0,0,0,0,0,0,0,0,0,0,0,0,0,80,750,0,0,0,0,0,0
2020,933,0,981,0,0,0,0,0,0,0,0,6199,53665,0,0,0,0,0,0,0,0,0,0
2020,1030,110,3,8,40,0,0,0,0,0,0,0,0,62,2990,63,4708,0,0,0,0,0,0
2020,1003,0,0,0,0,0,0,0,0,0,0,,,,,,,0,0,0,0,0,0
2020,1050,0,0,0,0,0,0,0,0,0,0,,,,,,,0,0,0,0,0,0
2020,1043,221,0,0,0,0,0,0,0,0,0,1320,26306,120,636,0,0,0,0,0,0,0,0
2020,1128,0,0,0,0,0,0,0,0,0,0,,,,,,,0,0,0,0,0,0
2020,1125,0,0,0,0,0,0,0,0,0,0,24,192,0,0,149,3043,0,0,0,0,0,0
2020,1135,0,0,0,0,0,0,0,0,0,0,,,,,,,0,0,0,0,0,0
2020,1164,0,0,0,0,0,0,0,0,0,0,0,0,0,0,0,0,0,0,0,0,0,0
2020,1165,0,0,0,0,0,0,0,0,0,0,0,0,0,0,0,0,0,0,0,0,0,0
2020,934,0,167,0,0,0,0,0,0,0,0,8810,68225,0,0,529,2829,50,7157,0,0,1,366
2020,629,1999,1374,13,13,0,0,0,0,0,0,439,680,0,0,0,0,339,3847,0,0,391,6362
2020,21,0,0,0,0,0,0,0,0,0,0,0,0,0,0,0,0,0,0,0,0,0,0
2020,615,0,0,0,0,0,0,0,0,0,0,2393,41477,58,767,94,1410,0,0,0,0,0,0
2020,626,0,0,0,0,0,0,0,0,0,0,2367,14927,0,0,0,0,0,0,0,0,0,0
2020,417,0,0,0,0,0,0,0,0,0,0,543,13108,0,0,0,0,0,0,0,0,0,0
2020,597,0,0,0,0,0,0,0,0,0,0,764,12431,20,178,0,0,0,0,0,0,0,0
2020,539,0,998,0,0,998,26704,0,0,0,0,4027,58385,244,1475,0,0,0,0,0,0,0,0
2020,343,0,0,0,0,0,0,0,0,0,0,1354,29740,0,0,0,0,0,0,0,0,0,0
2020,135,0,0,0,0,0,0,0,0,0,0,188,2256,0,0,0,0,0,0,0,0,0,0
2020,158,0,0,0,0,0,0,0,0,0,0,423,13926,0,0,1698,99184,0,0,0,0,0,0
2020,775,0,892,0,0,0,0,0,0,0,0,920,22155,58,1844,145,3137,0,0,0,0,0,0
2020,177,0,0,0,0,0,0,0,0,0,0,68,1328,0,0,0,0,173,22789,0,0,173,22789
2020,578,0,0,0,0,0,0,0,0,0,0,3089,23931,0,0,0,0,0,0,0,0,0,0
2020,416,0,0,0,0,0,0,0,0,0,0,2903,21289,383,777,383,29108,0,0,0,0,0,0
2020,561,0,0,0,0,0,0,0,0,0,0,1996,43991,60,611,74,1460,47,4539,0,0,47,4539
2020,62,0,0,0,0,0,0,0,0,0,0,0,0,0,0,0,0,0,0,0,0,0,0
2020,828,0,0,0,0,0,0,0,0,0,0,166,15584,0,0,85,4598,0,0,0,0,0,0
2020,860,0,0,0,0,0,0,0,0,0,0,1619,19171,207,2975,0,0,0,0,0,0,0,0
2020,935,0,0,0,0,0,0,0,0,0,0,283,4562,507,2634,136,1232,0,0,0,0,0,0
2020,936,0,0,0,0,0,0,0,0,0,0,193,22494,0,0,245,24494,0,0,0,0,0,0
2020,986,0,0,0,0,0,0,0,0,0,0,0,0,0,0,0,0,0,0,0,0,0,0
2020,987,0,0,0,0,0,0,0,0,0,0,2531,36991,144,1454,175,2382,0,0,0,0,0,0
2020,1021,0,0,0,0,0,0,0,0,0,0,130,10208,0,0,0,0,0,0,0,0,0,0
2020,1085,0,0,0,0,0,0,0,0,0,0,225,6975,0,0,0,0,0,0,0,0,0,0
2020,658,0,389,0,0,0,0,0,0,0,0,1421,11552,0,0,0,0,567,6648,0,0,47,1322
2020,353,0,0,0,0,0,0,0,0,0,0,737,3766,344,1335,304,1780,0,0,0,0,0,0
2020,323,0,0,0,0,0,0,0,0,0,0,0,0,0,0,0,0,0,0,0,0,0,0
2020,620,0,53,0,0,0,0,0,0,0,0,2378,33709,0,0,0,0,0,0,0,0,0,0
2020,384,0,0,0,0,0,0,0,0,0,0,1881,31902,118,905,1395,15770,0,0,0,0,0,0
2020,554,0,251,0,0,0,0,0,0,0,0,2263,29548,0,0,224,2950,0,0,0,0,0,0
2020,209,0,0,0,0,0,0,0,0,0,0,0,0,0,0,0,0,0,0,0,0,0,0
2020,707,3363,2932,233,578,0,0,0,0,0,0,8912,182696,576,4683,626,8430,1234,11392,0,0,0,0
2020,395,0,8,0,0,0,0,0,0,0,0,908,15858,0,0,0,0,0,0,0,0,0,0
2020,969,0,0,0,0,0,0,0,0,0,0,2470,43804,0,0,0,0,0,0,0,0,0,0
2020,1052,0,0,0,0,0,0,0,0,0,0,0,0,0,0,60,920,0,0,0,0,0,0
2020,739,1747,5363,257,741,2793,20644,0,0,212,271,17607,253877,513,4215,2530,8432,185,7792,7,2555,47,17155
2020,613,891,2860,509,609,0,0,0,0,0,0,2126,32361,0,0,0,0,1343,9211,19,4526,66,18060
2020,593,0,2328,0,0,0,0,0,0,0,0,19959,182774,0,0,0,0,0,0,0,0,0,0
2020,704,10302,3364,0,0,455,9326,0,0,0,0,1043,153557,199,1684,32,467,68,6025,5,1325,64,16960
2020,686,1000,1986,0,0,0,0,0,0,0,0,2005,112946,123,6055,120,5604,659,3204,154,292,392,1086
2020,257,132,237,283,398,0,0,0,0,0,0,0,0,0,0,0,0,66,5523,0,0,0,0
2020,681,0,2573,0,0,1979,39021,0,0,293,293,920,6472,0,0,0,0,2,12,0,0,0,0
2020,286,21,0,107,107,1728,8640,0,0,110,342,94,3667,0,0,0,0,0,0,0,0,0,0
2020,255,542,109,0,0,0,0,0,0,0,0,1380,20424,0,0,0,0,0,0,0,0,0,0
2020,79,0,0,0,0,0,0,0,0,0,0,0,0,0,0,0,0,0,0,0,0,0,0
2020,81,0,0,0,0,0,0,0,0,0,0,0,0,0,0,0,0,0,0,0,0,0,0
2020,688,0,1552,0,0,0,0,0,0,0,0,16115,287466,0,0,0,0,60,6210,2,524,18,4629
2020,531,0,665,0,0,0,0,0,0,0,0,4214,46573,0,0,0,0,66,9236,29,10585,21,5580
2020,514,0,0,0,0,0,0,0,0,0,0,1088,43744,0,0,0,0,0,0,0,0,0,0
2020,499,0,581,0,0,0,0,0,0,0,0,694,12527,40,759,100,1502,0,0,0,0,0,0
2020,532,0,413,0,0,0,0,0,0,0,0,4997,75440,0,0,0,0,0,0,0,0,0,0
2020,190,0,0,0,0,0,0,0,0,0,0,3141,21869,227,2109,770,3514,0,0,0,0,0,0
2020,598,0,152,0,0,0,0,0,0,0,0,3552,63113,0,0,0,0,59,6806,0,0,0,0
2020,260,508,12000,0,0,0,0,0,0,0,0,0,0,0,0,0,0,0,0,0,0,0,0
2020,838,0,0,0,0,0,0,0,0,0,0,928,11684,0,0,0,0,0,0,0,0,0,0
2020,839,0,0,0,0,0,0,0,0,0,0,152,6340,95,3969,133,5552,0,0,0,0,0,0
2020,851,0,0,0,0,0,0,0,0,0,0,0,0,0,0,0,0,0,0,0,0,0,0
2020,852,1156,467,191,232,818,13809,0,0,216,569,14163,62901,843,2496,0,0,185,29710,0,0,28,40880
2020,988,0,0,0,0,0,0,0,0,0,0,195,5994,64,1112,111,2908,0,0,0,0,0,0
2020,1056,500,1296,66,102,0,0,0,0,0,0,2641,24629,448,2810,0,0,216,21097,0,0,0,0
2020,1044,0,0,0,0,0,0,0,0,0,0,0,0,0,0,0,0,0,0,0,0,0,0
2020,1114,0,30,0,0,0,0,0,0,0,0,5809,53201,0,0,0,0,0,0,0,0,0,0
2020,1129,158,252,0,0,692,12861,0,0,0,0,2211,26765,0,0,0,0,0,0,0,0,0,0
2020,644,0,3229,0,0,0,0,0,0,0,0,13297,153386,232,1347,66,220,55,6826,0,0,0,0
2020,752,6734,4743,0,0,1515,27667,0,0,226,618,5481,159508,0,0,762,15756,43,6539,1,300,11,2509
2020,238,0,0,0,0,0,0,0,0,0,0,211,3719,0,0,0,0,0,0,0,0,0,0
2020,325,0,0,0,0,0,0,0,0,0,0,428,14858,130,2227,312,7768,0,0,0,0,0,0
2020,622,0,392,0,0,0,0,0,0,0,0,5866,37278,0,0,0,0,0,0,0,0,0,0
2020,879,0,0,0,0,0,0,0,0,0,0,2182,19642,36,348,0,0,0,0,0,0,0,0
2020,906,441,297,0,0,323,6179,0,0,0,0,0,0,0,0,0,0,0,0,0,0,0,0
2020,370,0,44,0,0,0,0,0,0,0,0,5133,35930,0,0,0,0,0,0,0,0,0,0
2020,418,0,0,30,93,0,0,0,0,0,0,190,13064,0,0,0,0,0,0,0,0,0,0
2020,574,0,0,0,0,0,0,0,0,0,0,1561,29509,0,0,0,0,0,0,0,0,0,0
2020,399,0,0,0,0,0,0,0,0,0,0,0,0,0,0,0,0,0,0,0,0,0,0
2020,195,0,0,0,0,0,0,0,0,0,0,212,4013,0,0,0,0,0,0,0,0,0,0
2020,783,1230,642,0,0,1461,24681,0,0,36,120,9546,152738,299,3293,52,1459,0,0,0,0,0,0
2020,263,0,0,0,0,0,0,0,0,0,0,1440,18581,0,0,0,0,0,0,0,0,0,0
2020,194,0,0,0,0,0,0,0,0,0,0,0,0,0,0,0,0,0,0,0,0,0,0
2020,214,0,0,0,0,0,0,0,0,0,0,0,0,0,0,0,0,0,0,0,0,0,0
2020,785,0,1051,0,0,1556,42812,0,0,139,239,8366,125485,517,3622,238,3573,497,16685,0,0,0,0
2020,780,0,568,0,0,0,0,0,0,0,0,642,24401,0,0,0,0,0,0,0,0,0,0
2020,782,8,1107,304,336,0,0,0,0,0,0,10335,51676,0,0,0,77,193,12287,0,0,0,0
2020,369,0,0,0,0,0,0,0,0,0,0,17275,345503,3080,9239,3844,11531,0,0,0,0,0,0
2020,713,0,24,0,0,0,0,0,0,0,0,4560,104183,0,0,30,897,0,0,0,0,0,0
2020,941,0,0,0,0,0,0,0,0,0,0,0,0,0,0,0,0,0,0,0,0,0,0
2020,1091,0,0,0,0,0,0,0,0,0,0,0,0,0,0,0,0,0,0,0,0,0,0
2020,1045,42,0,0,0,34,532,0,0,0,0,454,7770,0,0,0,0,0,0,0,0,0,0
2020,1086,0,0,0,0,509,7701,0,0,0,0,0,0,0,0,0,0,0,0,0,0,0,0
2020,1149,0,1297,0,0,0,0,0,0,0,0,0,0,0,0,0,0,0,0,0,0,0,0
2020,937,0,1734,0,0,356,6745,0,0,0,0,828,37878,184,1526,55,1094,101,15506,0,0,13,3756
2020,1004,0,0,0,0,0,0,0,0,0,0,1032,15481,166,2991,0,0,0,0,0,0,0,0
2020,737,1636,1078,647,647,1334,22419,0,0,59,160,5134,156740,226,2658,257,9230,103,16005,0,0,35,11925
2020,765,1727,1851,0,0,1263,18480,0,0,40,360,12716,86927,584,3699,2762,16387,71,11136,0,0,27,9275
2020,329,0,339,0,0,0,0,0,0,0,0,568,10224,0,0,0,0,0,0,0,0,0,0
2020,87,0,0,0,0,0,0,0,0,0,0,85,2550,0,0,169,6810,0,0,0,0,0,0
2020,527,0,711,0,0,0,0,0,0,0,0,620,6860,0,0,61,1111,0,0,0,0,0,0
2020,562,24,0,0,0,0,0,0,0,0,0,1983,49003,0,0,313,1290,0,0,0,0,0,0
2020,251,90,122,0,0,0,0,0,0,0,0,726,12741,0,0,0,0,0,0,0,0,0,0
2020,129,0,0,0,0,0,0,0,0,0,0,92,5718,0,0,0,0,0,0,0,0,0,0
2020,154,0,0,0,0,0,0,0,0,0,0,655,14822,390,3120,80,4818,166,14986,0,0,0,0
2020,516,169,0,0,0,584,11758,0,0,0,0,6942,51986,0,0,0,0,0,0,0,0,0,0
2020,184,0,0,0,0,0,0,0,0,0,0,566,8474,0,0,0,0,0,0,0,0,0,0
2020,652,0,0,0,0,0,0,0,0,0,0,7695,38476,0,0,0,0,14,1252,0,0,0,0
2020,637,0,87,0,0,0,0,0,0,0,0,561,29010,0,0,0,0,336,3936,0,0,0,0
2020,88,0,0,0,0,0,0,0,0,0,0,0,0,0,0,0,0,0,0,0,0,0,0
2020,907,0,0,0,0,0,0,0,0,0,0,0,0,0,0,39,246,0,0,0,0,0,0
2020,970,0,0,0,0,0,0,0,0,0,0,0,0,0,0,0,0,0,0,0,0,0,0
2020,1019,0,0,0,0,0,0,0,0,0,0,565,3530,0,0,0,0,0,0,0,0,0,0
2020,1016,33,4,62,62,0,0,0,0,0,0,421,10138,0,0,0,0,0,0,0,0,0,0
2020,1161,0,0,0,0,0,0,0,0,0,0,0,0,0,0,0,0,0,0,0,0,0,0
2020,1047,0,111,0,0,0,0,0,0,0,0,445,8003,0,0,0,0,0,0,0,0,0,0
2020,635,0,0,0,0,0,0,0,0,0,0,510,17850,0,0,0,0,63,8367,0,0,0,0
