año,NCODI,anatomia_centro,diagnostico_centro,dialisis_centro,esterilizacion_centro,laboratorio_centro,rehabilitacion_centro,otras_Asistenciales_centro,anatomia_fuera,diagnostico_fuera,dialisis_fuera,esterilizacion_fuera,laboratorio_fuera,rehabilitacion_fuera,otras_Asistenciales_fuera,cocina_centro,lavanderia_centro,limpieza_centro,mantenimiento_centro,seguridad_centro,otros_NoAsistenciales_centro,cocina_fuera,lavanderia_fuera,otros_NoAsistenciales_fuera,oxigenoterapia_centro,oxigenoterapia_fuera,transporte_centro
2017,698,0,1,0,0,0,0,0,0,0,0,0,0,0,0,1,1,1,0,1,0,0,0,0,0,0,0
2017,630,0,1,0,0,1,0,1,0,0,0,0,0,0,0,1,0,1,1,1,0,0,1,0,0,0,1
2017,124,0,0,0,0,0,0,0,0,0,0,0,1,0,0,1,1,1,1,0,0,0,0,0,0,0,0
2017,364,0,0,0,0,0,1,0,1,1,0,1,1,0,0,1,0,1,1,1,0,0,1,1,0,1,0
2017,439,0,0,0,0,0,0,1,1,1,0,0,1,0,0,0,0,1,1,1,0,0,1,1,0,0,1
2017,570,0,0,0,0,0,0,1,1,1,0,0,1,0,0,0,0,1,1,1,0,0,1,1,0,0,1
2017,123,0,0,0,0,0,0,0,0,0,0,0,0,0,0,1,0,0,0,0,0,0,0,0,0,0,0
2017,310,0,0,0,0,0,0,0,0,0,0,0,0,0,1,1,0,1,0,1,0,0,0,0,0,0,0
2017,571,0,0,0,0,0,0,0,1,0,0,1,1,0,0,1,0,1,1,1,0,0,1,1,0,0,0
2017,296,0,1,0,0,0,1,0,1,0,0,0,1,0,0,1,1,1,1,0,0,0,0,0,0,0,0
2017,566,0,1,1,1,1,1,0,1,0,0,0,0,0,0,1,0,1,1,1,0,0,1,0,1,0,1
2017,784,1,1,1,1,1,1,1,0,0,0,0,1,0,0,1,1,1,1,0,0,0,1,0,1,0,0
2017,102,0,0,0,0,0,1,0,0,1,0,0,1,0,0,1,0,1,1,1,0,0,0,0,0,0,0
2017,379,0,0,0,0,0,0,1,0,0,0,0,0,0,0,1,1,1,1,1,0,0,0,0,0,0,0
2017,639,1,1,0,1,0,1,0,0,1,0,0,1,0,0,1,1,1,1,1,0,0,1,0,0,0,0
2017,457,0,0,0,0,1,0,0,1,0,0,0,0,0,0,1,0,1,0,0,0,0,1,0,0,0,0
2017,609,1,1,0,1,1,1,0,0,0,0,0,0,0,0,1,0,1,1,1,0,0,1,0,1,0,0
2017,101,0,0,0,0,0,1,0,0,0,0,0,0,0,0,1,1,1,1,0,0,0,1,0,0,0,0
2017,454,1,0,0,0,1,0,1,0,0,0,0,0,0,0,1,1,1,1,1,0,0,0,1,0,0,0
2017,318,0,0,0,0,0,0,0,1,0,0,0,1,0,0,1,0,1,1,1,0,0,1,0,0,0,0
2017,600,0,1,0,1,1,1,1,1,0,0,0,0,0,0,1,0,1,1,1,0,0,1,0,0,0,0
2017,113,0,0,0,0,0,0,0,0,0,0,0,0,0,0,0,0,1,1,0,0,1,1,0,0,0,0
2017,619,1,1,0,0,0,0,0,0,0,0,0,0,1,0,1,0,0,0,0,1,0,1,0,0,0,0
2017,163,0,1,0,1,0,1,0,1,0,0,0,1,0,0,0,0,1,1,1,0,1,1,0,0,0,0
2017,131,0,0,0,1,0,1,1,0,0,0,0,1,0,0,1,1,1,1,0,1,0,0,0,0,0,0
2017,375,0,1,0,1,1,1,0,1,0,1,0,0,0,0,1,0,1,1,0,0,0,1,1,0,0,0
2017,1090,1,1,1,1,1,1,0,0,0,0,0,1,0,1,1,0,1,1,0,0,0,1,1,0,0,0
2017,764,0,0,0,0,0,0,0,0,1,1,0,1,1,1,1,0,1,1,1,1,0,0,1,0,1,1
2017,14,0,1,0,0,1,0,0,1,0,0,0,0,0,0,1,0,1,1,1,0,0,0,0,0,0,0
2017,657,0,0,0,0,0,0,0,1,1,0,0,1,0,0,1,0,1,0,1,0,0,1,0,0,0,0
2017,362,0,1,0,1,1,1,0,1,0,0,0,1,0,1,1,1,1,1,0,0,0,0,0,0,0,0
2017,989,0,0,0,0,0,0,1,0,1,0,0,0,0,0,1,0,1,1,1,0,0,1,0,0,0,0
2017,990,0,0,0,0,0,0,0,0,1,0,0,0,0,0,1,1,1,1,1,0,0,0,0,0,0,0
2017,680,0,1,0,0,0,0,0,0,0,1,0,1,1,0,1,0,1,1,1,1,0,1,0,0,1,0
2017,411,0,1,0,0,0,0,1,0,0,0,0,0,0,0,0,1,0,1,1,1,0,0,0,1,0,0
2017,241,1,0,0,0,0,0,0,0,0,0,0,0,0,0,1,0,0,1,0,0,0,1,0,0,0,0
2017,558,0,1,0,0,0,0,0,0,0,0,0,0,0,1,1,0,1,1,1,0,0,1,0,1,0,1
2017,167,0,1,0,1,1,0,0,1,0,0,0,0,0,0,1,0,1,0,0,0,0,1,0,0,0,0
2017,248,0,0,0,0,0,0,0,0,0,0,0,0,0,0,1,0,0,1,0,0,0,1,0,1,0,0
2017,224,0,1,0,1,1,0,0,1,0,0,0,0,0,0,1,0,1,1,0,0,0,1,0,0,0,0
2017,591,0,1,0,0,0,0,1,0,0,1,0,1,1,1,1,0,1,1,1,1,0,1,1,0,1,1
2017,586,0,1,0,0,0,0,0,0,0,0,0,0,0,0,1,1,1,1,1,1,0,0,0,1,1,1
2017,453,0,0,0,0,0,0,0,0,0,0,0,0,0,0,1,0,1,1,1,1,0,1,0,0,0,0
2017,145,0,0,0,0,0,0,0,0,0,0,0,0,0,0,0,0,0,0,0,0,0,0,0,0,0,0
2017,511,0,0,0,0,0,0,0,0,1,0,0,0,0,1,1,0,1,1,1,1,0,1,0,0,1,0
2017,530,0,0,0,0,0,0,0,0,0,1,0,0,0,0,1,0,1,1,1,0,0,1,0,0,1,1
2017,6,1,0,0,0,0,0,0,0,0,0,0,0,0,0,1,0,0,1,0,0,0,1,0,0,0,0
2017,161,0,0,0,0,0,0,0,1,1,0,1,1,1,1,0,1,1,1,1,0,1,0,0,1,0,1
2017,623,0,0,0,0,0,0,0,0,0,1,0,0,1,1,1,0,1,1,1,1,0,1,1,0,1,0
2017,349,0,1,0,1,0,0,0,1,0,0,0,1,0,0,1,1,1,1,0,0,0,0,1,1,0,0
2017,875,0,0,0,0,1,0,1,0,0,0,0,0,0,0,1,1,1,1,1,0,0,0,0,0,0,0
2017,946,1,1,1,1,1,1,0,0,0,0,0,0,0,0,1,0,1,1,0,0,0,1,0,0,0,1
2017,1023,0,0,0,0,1,0,0,0,0,0,0,0,0,0,1,0,1,1,1,1,0,1,0,0,0,0
2017,1054,1,0,0,0,1,0,0,0,0,0,0,0,0,0,1,1,1,1,1,0,0,0,0,1,0,1
2017,1057,0,0,0,0,0,0,0,0,0,0,0,0,0,0,1,0,1,1,1,0,0,1,0,0,0,0
2017,1031,0,0,0,0,0,0,0,0,0,0,0,0,0,0,0,0,0,0,0,0,0,0,0,0,0,0
2017,1032,0,0,0,0,1,0,0,0,0,0,0,0,0,0,1,0,1,1,1,1,0,1,0,0,0,0
2017,1064,1,0,0,0,0,0,0,0,0,0,0,0,0,0,1,0,0,0,0,0,0,1,0,0,0,0
2017,226,1,1,1,1,1,1,0,0,0,0,0,1,0,0,1,0,1,1,1,1,0,0,0,0,0,0
2017,687,0,0,0,0,0,0,0,0,1,0,0,1,0,0,1,0,1,1,1,0,0,1,0,0,0,0
2017,745,0,0,0,0,0,0,0,0,1,1,0,1,1,1,0,0,1,1,1,1,0,1,0,0,1,1
2017,109,0,0,0,0,1,0,0,1,0,0,0,0,0,0,0,0,0,1,1,0,0,1,0,0,0,0
2017,808,0,0,0,0,0,0,0,1,1,0,0,1,0,0,0,0,0,0,0,0,0,0,0,0,1,1
2017,971,0,0,0,0,0,0,0,1,1,0,0,1,0,1,0,0,0,0,0,0,0,0,0,0,1,1
2017,128,1,1,0,0,0,0,0,0,0,0,0,1,0,0,0,0,0,0,0,0,0,0,0,0,0,0
2017,919,0,0,0,0,0,0,0,0,1,1,0,1,0,1,1,0,1,1,1,0,0,0,0,0,1,0
2017,725,0,0,0,0,0,0,0,0,1,1,0,1,0,0,0,0,1,1,1,0,0,0,1,0,1,0
2017,3,0,0,0,0,0,1,0,0,0,0,0,1,1,0,0,0,1,1,0,0,1,1,0,1,0,0
2017,306,0,0,0,0,1,1,1,0,0,0,0,1,0,0,1,1,1,1,1,0,0,0,0,1,0,0
2017,15,0,0,0,0,1,0,0,1,0,0,0,1,0,0,0,0,0,0,0,0,0,1,0,0,0,0
2017,264,1,1,0,0,1,1,0,1,0,0,0,0,0,0,1,0,1,1,0,0,0,1,0,0,0,0
2017,867,0,1,0,1,1,1,0,1,0,0,0,0,0,0,1,1,1,1,0,0,0,0,0,0,0,0
2017,910,0,0,0,0,0,0,0,0,0,0,0,0,0,0,1,0,1,1,1,0,0,0,0,1,0,0
2017,1053,0,0,0,0,0,0,0,0,0,1,0,0,0,0,0,0,1,0,1,0,1,1,0,0,0,0
2017,1055,0,0,0,0,0,0,0,0,1,1,0,1,0,1,1,0,1,1,1,0,0,1,0,0,1,0
2017,1081,0,0,0,0,0,0,0,0,0,0,0,1,0,0,0,0,0,1,0,1,0,0,0,1,0,0
2017,1099,0,1,0,1,1,1,0,1,0,0,0,0,0,0,0,0,1,1,0,0,1,1,0,0,0,0
2017,1115,0,1,0,1,0,1,1,1,0,0,0,1,0,0,0,1,1,1,0,0,1,0,0,0,0,0
2017,529,0,0,0,0,0,0,0,0,0,0,0,1,0,0,0,0,1,0,1,0,1,1,0,0,0,0
2017,345,0,0,0,0,0,0,0,0,0,0,0,0,0,0,0,0,1,0,1,0,1,1,0,0,0,0
2017,515,0,0,0,0,0,0,0,1,0,0,0,1,0,0,0,0,1,1,1,0,0,1,0,0,0,1
2017,174,0,1,0,1,0,1,0,1,1,0,0,1,0,0,1,0,1,1,0,0,0,1,0,1,0,0
2017,523,0,1,0,1,1,0,0,1,0,0,0,1,0,0,0,0,1,1,1,0,1,1,0,0,0,0
2017,697,1,0,0,0,0,0,0,0,0,0,0,0,0,0,0,0,0,0,1,0,0,0,0,0,0,0
2017,239,1,1,0,1,1,0,1,0,0,1,0,0,1,0,1,1,1,1,0,1,0,0,0,1,0,1
2017,287,1,1,1,1,1,1,1,0,0,0,0,0,0,0,1,0,0,0,0,0,0,1,0,1,0,1
2017,377,0,1,0,0,0,1,0,0,0,0,0,0,0,0,1,1,1,1,1,1,0,0,0,0,0,0
2017,692,0,0,0,0,0,0,0,0,1,0,0,0,0,0,1,1,1,1,1,0,0,0,0,0,1,1
2017,435,1,1,0,1,1,1,1,0,0,0,0,0,0,0,0,0,1,1,1,1,1,1,0,0,0,0
2017,423,0,1,0,1,1,1,0,1,0,0,0,0,0,0,0,0,1,1,0,0,1,1,0,1,0,0
2017,351,0,0,0,0,0,0,0,1,0,0,0,0,0,0,1,0,1,0,0,0,0,1,0,0,0,0
2017,810,0,1,0,1,1,1,0,1,0,0,0,0,0,0,0,0,1,1,0,0,1,1,0,1,0,0
2017,830,1,1,1,1,1,1,0,0,0,0,0,0,0,0,1,1,1,1,1,0,0,0,0,0,1,0
2017,892,0,0,1,0,0,0,0,0,0,1,0,0,0,0,1,1,1,1,1,0,0,0,0,0,0,0
2017,921,1,1,0,1,1,1,0,0,0,0,0,0,0,0,1,0,1,1,1,0,0,1,0,1,0,0
2017,991,0,0,0,0,0,0,0,0,0,0,0,0,0,0,1,1,1,1,1,0,0,0,0,0,0,1
2017,992,0,0,0,1,0,0,0,0,1,1,0,0,0,1,1,1,1,1,1,1,0,0,0,0,1,1
2017,993,1,0,1,1,1,1,0,0,1,0,0,0,0,1,1,0,1,1,1,1,0,1,0,0,1,1
2017,1070,0,0,0,0,0,0,0,0,1,1,0,0,0,1,1,1,1,1,1,0,0,0,0,0,1,0
2017,1095,0,0,1,0,1,0,0,1,0,0,0,0,0,0,1,0,0,0,0,0,0,1,0,0,0,1
2017,1094,0,1,0,1,0,1,0,1,0,1,0,1,0,0,0,0,1,1,0,0,1,1,0,1,0,1
2017,1124,0,0,0,0,0,0,0,1,1,0,0,1,0,0,1,1,1,1,0,0,0,0,0,0,0,0
2017,473,0,1,0,0,1,0,0,0,0,0,0,0,0,0,1,0,1,0,1,0,0,1,0,0,0,0
2017,663,1,1,1,1,1,0,0,0,0,0,0,0,0,0,1,0,1,1,1,0,0,1,0,0,0,0
2017,552,1,0,1,1,0,1,0,0,0,0,0,0,0,0,1,0,1,1,0,0,0,1,0,0,0,0
2017,772,0,0,0,0,0,0,1,0,0,0,0,0,0,0,1,0,1,1,1,0,0,1,0,0,0,0
2017,568,0,1,0,1,0,1,0,1,0,0,0,1,0,0,0,0,1,1,1,0,1,1,0,0,0,0
2017,398,0,1,0,1,1,1,0,0,0,0,0,0,0,0,1,1,1,1,1,0,0,1,0,0,0,0
2017,394,0,0,0,0,0,0,0,1,1,0,0,1,0,0,1,0,1,1,1,0,0,1,0,0,0,0
2017,614,0,0,0,0,0,0,0,1,1,0,0,1,0,0,0,0,1,1,0,0,1,1,0,0,0,0
2017,235,0,1,0,0,0,1,0,0,0,0,0,0,0,0,1,0,1,0,1,0,0,1,0,0,0,0
2017,616,0,1,0,0,1,0,0,0,1,0,0,0,0,0,1,0,0,1,1,0,0,1,0,0,0,0
2017,267,1,1,0,1,1,1,0,0,0,0,0,0,0,0,1,1,1,1,1,0,0,0,0,1,0,0
2017,565,0,0,0,0,1,0,0,1,0,0,0,0,0,0,1,0,0,0,0,0,0,1,0,0,0,0
2017,220,0,1,0,1,1,1,0,0,0,0,0,0,0,0,1,0,1,0,1,0,0,1,0,0,0,0
2017,278,1,1,0,0,1,1,0,0,0,0,0,0,0,0,1,1,0,0,1,0,0,0,0,0,0,0
2017,107,0,0,0,0,0,0,0,0,1,0,0,1,0,0,1,0,0,0,0,0,0,1,0,0,0,0
2017,711,0,0,0,0,0,0,1,0,0,0,0,0,0,0,1,0,1,0,1,0,0,1,0,0,0,0
2017,204,0,1,0,1,0,0,0,0,0,0,0,1,0,0,1,0,1,1,0,0,0,1,0,0,0,0
2017,579,0,1,0,1,1,1,0,1,0,0,0,1,0,0,1,1,1,1,0,1,0,1,0,0,0,0
2017,348,0,1,0,0,1,0,0,1,1,0,0,1,0,0,1,0,1,1,1,1,0,1,0,1,0,0
2017,766,1,1,1,1,1,0,0,0,1,0,0,0,0,0,1,0,1,1,1,0,0,1,0,0,0,0
2017,761,0,0,0,0,0,1,0,0,1,1,0,1,0,0,1,0,1,1,0,1,0,1,0,0,0,0
2017,728,1,1,0,1,1,1,1,1,0,0,1,0,0,0,1,0,1,1,1,1,0,1,1,1,1,0
2017,280,0,1,0,1,1,0,0,1,0,0,0,0,1,0,1,0,1,1,1,0,0,1,0,0,0,0
2017,222,1,1,0,1,0,0,0,0,0,0,0,0,0,0,1,0,0,1,1,0,1,1,0,0,0,0
2017,276,1,1,0,0,1,1,0,0,0,0,0,0,0,0,1,1,1,0,1,0,0,0,0,1,0,0
2017,11,1,1,1,1,1,1,0,0,0,0,0,0,0,0,1,1,1,1,1,0,0,0,0,1,0,0
2017,302,0,1,0,0,1,1,0,1,0,0,0,0,0,0,1,0,1,1,0,0,0,1,0,0,0,1
2017,682,0,1,0,0,1,1,0,0,0,0,0,0,0,0,1,0,1,1,1,1,0,1,0,0,0,0
2017,279,1,1,0,1,1,1,0,0,0,0,0,0,0,0,1,0,1,1,1,0,0,1,0,0,0,0
2017,282,1,1,0,0,1,0,0,0,0,0,0,0,0,0,1,0,1,1,1,0,0,1,0,0,0,0
2017,281,0,0,0,0,0,1,1,1,0,0,0,0,0,0,0,0,0,0,1,1,0,0,0,0,0,0
2017,183,0,1,0,1,0,0,0,1,0,0,0,1,1,0,0,0,1,1,1,0,1,0,0,0,0,0
2017,610,0,0,0,0,0,0,0,0,0,0,0,0,0,0,0,0,1,0,1,0,0,1,0,0,0,0
2017,116,0,0,0,1,0,1,1,0,1,0,0,1,0,0,1,0,1,1,1,1,0,1,0,0,0,0
2017,115,0,1,0,0,0,1,1,0,0,0,0,1,0,0,1,1,1,1,0,1,1,0,0,0,0,0
2017,114,0,0,0,0,0,0,0,0,0,0,1,1,0,0,1,0,1,1,0,0,0,1,0,0,0,0
2017,119,0,0,0,0,0,0,0,0,0,0,0,1,0,0,1,1,1,1,0,0,0,0,0,0,0,0
2017,770,0,1,0,0,1,0,0,0,1,0,0,1,0,0,1,0,1,1,1,1,0,1,0,0,1,0
2017,583,0,0,0,0,1,1,0,1,0,0,0,0,0,0,1,0,1,0,1,0,0,1,0,0,0,0
2017,136,0,0,0,0,0,1,1,1,0,0,0,1,0,0,1,0,1,0,1,0,0,1,0,0,0,0
2017,469,0,1,0,1,1,1,0,1,0,0,0,0,0,0,0,0,1,1,1,0,1,1,0,1,0,0
2017,642,0,0,0,0,1,0,0,0,0,0,0,0,0,0,1,1,1,1,1,0,1,0,0,0,0,0
2017,674,0,0,0,0,0,0,1,0,0,0,0,0,0,0,1,0,1,1,1,1,0,1,0,0,0,0
2017,193,0,0,0,0,0,0,0,0,0,0,0,1,0,0,1,0,1,0,0,0,0,1,0,0,0,0
2017,526,1,1,0,1,1,1,0,0,0,0,0,0,0,0,1,0,1,1,1,0,0,1,0,0,0,0
2017,545,0,0,0,0,1,0,0,0,0,0,0,1,0,0,1,0,0,0,1,0,0,1,0,0,0,0
2017,100,0,0,0,0,0,0,0,0,0,0,0,1,0,0,0,0,0,0,0,0,1,1,0,0,0,0
2017,702,1,1,0,0,1,1,0,0,1,0,1,1,1,0,1,0,1,1,1,0,0,1,0,1,1,1
2017,778,1,1,0,1,1,1,0,0,0,0,0,0,0,0,1,0,1,1,1,1,0,1,0,0,1,0
2017,341,0,1,0,1,0,1,0,1,0,0,1,1,0,0,1,1,1,1,0,0,0,0,0,0,0,0
2017,99,0,0,0,0,0,0,1,1,1,0,0,1,0,0,0,0,1,1,0,0,1,1,1,0,1,0
2017,767,0,1,0,1,1,1,0,1,0,0,0,0,1,0,1,0,1,1,1,0,0,1,0,0,0,0
2017,359,0,0,0,0,0,0,0,1,0,0,0,1,0,0,1,1,1,1,1,1,0,1,0,0,0,0
2017,98,0,0,0,0,0,0,0,0,0,0,0,1,0,0,1,0,0,0,0,0,0,0,0,0,0,0
2017,132,0,0,0,1,0,1,0,0,0,0,0,1,0,0,1,0,1,1,0,0,0,1,0,1,0,0
2017,97,0,0,0,0,0,0,0,0,0,0,0,1,0,0,1,1,1,1,0,0,0,0,0,0,0,0
2017,103,0,0,0,0,0,0,0,1,0,0,0,0,0,0,1,0,1,0,0,0,0,1,0,0,0,0
2017,110,0,0,0,0,0,0,0,0,0,0,0,1,0,0,1,0,0,0,0,0,0,0,0,0,0,0
2017,94,0,0,0,0,0,0,0,0,0,0,0,0,0,0,0,0,0,0,0,1,0,0,0,0,0,0
2017,91,0,0,0,0,0,0,0,0,0,0,0,0,0,0,0,0,0,0,0,0,0,0,0,0,0,0
2017,664,1,1,0,1,1,1,0,0,0,0,0,0,0,0,1,0,1,1,1,0,0,1,0,0,0,0
2017,918,0,1,0,0,0,0,0,0,0,0,0,0,0,0,1,0,1,1,1,0,1,1,1,0,0,0
2017,92,0,0,0,0,0,0,0,0,0,0,1,1,0,0,1,0,0,1,0,0,0,0,0,1,0,0
2017,95,0,1,0,1,1,1,0,0,0,0,0,1,0,0,1,1,1,1,0,0,0,1,0,1,0,0
2017,301,0,1,0,1,1,1,0,1,1,0,1,1,0,0,1,1,1,1,1,0,1,1,0,0,0,0
2017,492,1,1,0,0,1,0,0,0,1,0,0,0,0,0,1,0,1,1,1,1,0,1,0,0,0,0
2017,811,0,1,0,0,0,0,0,1,1,0,1,1,1,0,0,0,0,0,0,0,1,1,1,0,0,0
2017,812,0,1,0,0,0,1,1,1,1,0,1,1,1,1,1,0,1,1,1,0,0,1,1,0,1,0
2017,832,0,0,0,0,0,0,1,0,0,0,0,1,0,0,1,0,0,0,0,0,0,0,0,0,0,0
2017,841,0,0,0,0,0,0,0,0,0,0,0,1,0,0,1,1,1,1,0,0,0,0,0,0,0,0
2017,856,0,0,0,0,0,1,0,0,1,0,1,1,0,0,1,1,0,1,1,0,0,0,0,1,0,0
2017,859,0,0,0,0,0,0,0,0,0,0,0,1,0,0,1,0,1,1,0,0,0,1,0,0,0,0
2017,861,0,0,0,0,0,0,0,0,0,0,0,1,0,0,1,0,1,1,0,0,0,1,1,0,0,0
2017,880,0,0,0,0,0,0,0,0,0,0,0,0,0,0,1,0,1,1,0,0,0,1,0,0,0,0
2017,883,0,0,0,0,0,0,0,0,1,0,0,1,0,0,0,0,1,1,1,0,1,1,0,0,0,0
2017,884,0,0,0,0,0,0,0,0,0,0,0,1,0,0,1,1,1,1,0,0,0,0,0,0,0,0
2017,877,0,0,0,0,0,0,0,0,0,0,0,0,0,0,0,1,1,1,0,0,1,0,0,0,0,0
2017,911,0,0,0,0,0,0,0,0,0,0,0,1,0,0,1,1,1,1,1,0,0,0,0,0,0,0
2017,913,0,0,0,0,0,1,0,0,1,0,0,1,0,0,1,0,1,0,1,0,0,0,0,0,0,0
2017,922,1,1,0,1,1,1,0,0,0,0,0,0,0,0,1,0,1,1,1,0,0,1,0,0,0,0
2017,923,0,0,0,0,0,0,1,0,0,0,0,0,0,0,0,0,1,1,0,0,0,1,0,0,0,0
2017,924,1,1,0,1,1,1,1,0,1,0,0,0,0,0,0,1,1,1,1,0,1,0,1,1,0,0
2017,947,0,0,0,0,0,1,1,0,0,1,0,1,0,0,1,1,1,1,1,1,0,0,0,1,0,0
2017,951,0,0,0,0,0,0,0,0,0,0,0,1,0,0,0,1,1,1,0,0,1,0,0,0,0,0
2017,1103,0,0,0,0,0,0,1,0,0,0,0,0,0,0,1,0,1,1,1,0,0,1,0,0,0,0
2017,972,0,0,0,0,0,0,0,0,0,0,0,1,0,0,1,1,1,1,0,0,0,0,0,0,0,0
2017,973,0,1,0,1,0,0,0,1,0,0,0,1,0,0,1,0,1,1,0,0,0,1,0,0,0,0
2017,974,0,0,0,1,0,1,0,0,1,0,0,1,0,0,1,0,1,1,0,1,0,1,0,0,0,0
2017,975,0,0,0,0,0,0,0,0,0,0,1,1,0,0,0,0,1,1,1,0,1,1,0,0,0,0
2017,960,0,0,0,0,0,0,0,0,1,0,0,1,0,0,1,0,0,1,0,0,0,0,0,0,0,0
2017,1028,0,0,0,1,0,0,0,0,0,0,0,1,0,0,1,1,1,1,0,0,0,0,0,0,0,0
2017,976,0,0,0,0,0,0,0,0,0,0,0,1,0,0,1,0,0,1,1,0,0,0,0,0,0,0
2017,977,0,0,0,0,0,0,0,0,0,0,0,1,0,0,1,1,0,1,1,0,0,1,0,0,0,0
2017,1020,0,0,0,0,0,0,0,0,1,0,0,1,0,0,1,0,1,1,1,0,0,1,0,0,0,0
2017,994,1,0,0,0,1,0,0,0,0,0,0,0,0,0,1,0,1,1,1,0,0,1,0,0,0,0
2017,995,0,0,0,1,0,1,0,1,1,0,0,1,0,0,1,1,1,1,0,1,0,0,1,1,0,0
2017,1060,0,0,0,0,0,0,0,0,0,0,0,1,0,0,0,0,0,0,0,0,1,1,0,0,0,0
2017,1005,0,0,0,0,0,1,0,0,0,0,0,1,0,0,1,1,1,1,0,0,0,1,0,0,0,0
2017,1061,0,0,0,0,0,0,0,0,0,0,0,0,0,0,0,0,0,0,0,0,0,0,0,0,0,0
2017,1062,0,0,0,0,0,0,1,0,0,0,0,0,0,0,0,0,0,0,0,0,0,0,0,0,0,0
2017,1006,0,0,0,0,0,0,0,0,1,0,0,1,0,0,0,0,0,0,0,0,1,1,0,0,0,0
2017,1088,0,0,0,1,0,1,1,1,1,0,0,1,0,0,0,1,1,1,0,1,1,0,0,0,0,0
2017,1089,0,1,0,1,1,1,0,1,0,0,0,0,0,0,1,0,1,1,1,0,0,1,0,1,0,0
2017,1076,0,0,0,0,0,1,0,0,0,0,0,0,0,0,1,1,1,1,0,0,0,0,0,0,0,0
2017,1078,0,0,0,0,0,1,1,0,1,0,1,1,0,0,1,0,1,1,0,1,0,1,0,1,0,0
2017,1033,0,0,0,0,1,0,0,0,0,0,0,0,0,0,1,0,1,1,1,0,0,1,0,0,0,1
2017,1037,0,0,0,0,0,1,0,0,1,0,0,1,0,0,1,1,1,1,1,0,0,0,0,0,0,0
2017,1039,0,0,0,0,0,0,0,0,0,0,0,1,0,0,1,0,0,1,0,0,0,1,0,0,0,0
2017,1067,0,1,0,1,1,1,0,1,1,0,0,1,0,0,1,0,1,1,1,1,1,1,1,1,0,0
2017,1065,0,0,0,0,0,0,0,0,0,0,0,0,0,0,1,0,0,1,0,0,0,0,0,0,0,0
2017,1066,0,1,0,0,1,0,0,1,0,0,0,0,0,0,1,0,1,1,1,0,0,1,0,0,0,0
2017,1100,0,0,0,0,0,0,0,0,0,0,0,0,0,0,1,0,1,1,1,0,0,1,0,0,0,0
2017,1105,0,0,0,0,0,1,0,0,0,0,0,1,0,0,1,1,1,1,0,0,0,1,0,0,0,0
2017,1107,0,0,0,1,0,0,0,1,0,0,0,1,0,0,1,0,1,1,1,0,0,1,0,0,0,0
2017,1111,0,0,0,0,0,0,0,0,0,0,0,1,0,0,1,0,1,1,0,0,0,1,0,0,0,0
2017,1121,0,0,0,0,0,0,0,0,0,0,0,0,0,0,0,0,0,0,0,0,0,0,1,0,0,0
2017,1119,0,0,0,1,0,1,1,0,1,0,0,1,0,0,1,1,1,1,0,0,0,0,0,1,0,0
2017,207,1,1,0,0,1,0,0,0,0,0,0,0,0,0,1,0,0,0,0,0,0,1,0,0,0,0
2017,431,0,0,0,0,1,0,0,1,0,0,0,0,0,0,1,0,1,0,0,0,0,1,0,0,0,0
2017,387,0,0,0,0,0,0,0,0,0,0,0,0,0,1,1,0,1,1,1,0,0,1,0,0,0,0
2017,179,0,0,0,0,0,0,0,0,0,0,0,0,0,0,1,0,0,0,0,0,0,1,0,0,0,0
2017,606,0,0,0,0,0,0,0,0,1,0,0,0,0,0,0,0,1,1,1,0,0,0,0,0,0,0
2017,925,0,0,0,1,0,0,0,0,1,1,0,1,1,0,1,1,1,1,1,1,0,1,0,0,1,1
2017,541,0,0,0,0,0,0,0,0,0,0,0,0,0,1,0,0,1,1,1,0,0,0,0,0,1,0
2017,797,0,0,0,0,0,0,0,0,1,0,0,0,0,0,0,0,1,0,1,1,0,0,0,0,0,0
2017,627,0,0,0,0,0,0,0,0,0,0,0,1,0,0,0,0,1,1,1,0,0,0,0,0,1,0
2017,173,0,0,0,0,0,0,0,0,0,0,0,0,0,0,0,0,0,0,1,0,0,0,0,0,0,0
2017,636,1,1,1,1,1,1,0,0,0,0,0,0,0,0,1,0,1,1,1,0,0,1,0,1,0,1
2017,205,0,1,0,0,0,0,0,1,0,0,0,1,1,0,1,0,1,1,0,1,0,1,0,0,0,0
2017,814,0,1,0,0,0,0,0,1,0,0,0,1,0,0,0,0,0,0,1,0,0,0,0,0,0,0
2017,881,0,0,0,0,0,0,0,0,0,0,0,0,0,0,0,0,0,0,0,0,0,0,0,0,0,0
2017,771,0,0,0,0,0,0,0,0,1,1,0,1,0,1,0,0,1,1,1,1,0,0,0,0,1,1
2017,533,0,1,0,0,1,0,0,1,1,0,0,1,0,0,0,0,0,0,0,0,0,0,0,0,1,0
2017,447,0,0,0,0,0,0,0,0,0,0,0,0,0,1,0,0,0,0,0,0,1,1,1,0,0,0
2017,815,0,1,0,0,0,1,0,1,0,0,0,1,0,0,0,0,0,1,0,0,1,0,1,0,0,0
2017,801,0,0,0,0,0,0,0,1,1,1,0,1,0,1,1,0,1,1,1,0,0,1,1,0,1,1
2017,800,0,1,0,0,0,0,0,0,0,0,0,1,0,0,1,0,1,1,0,0,0,1,0,0,0,0
2017,389,0,0,0,0,0,0,0,0,0,0,0,1,0,0,0,0,0,0,0,0,1,0,1,0,0,0
2017,695,0,0,0,0,0,0,0,0,1,1,0,1,0,0,0,0,1,1,1,1,0,0,0,0,1,1
2017,816,0,0,0,0,0,0,0,0,0,0,0,1,0,0,0,0,0,0,0,0,1,1,1,0,0,1
2017,833,0,0,0,0,0,0,0,0,0,0,0,1,0,0,0,0,0,0,0,0,1,0,1,0,0,1
2017,870,0,1,0,1,1,1,0,1,0,0,0,0,0,0,1,0,1,1,0,0,0,1,0,0,0,0
2017,927,0,1,0,1,0,1,0,1,0,0,0,1,0,1,0,0,1,1,0,0,1,1,0,1,0,0
2017,961,1,1,0,0,0,0,0,0,1,1,0,0,0,0,1,0,1,1,1,0,0,1,0,0,1,0
2017,962,0,1,0,1,0,1,1,1,0,0,0,1,0,0,0,0,1,1,1,0,1,1,0,0,0,0
2017,1079,0,1,0,1,1,1,0,1,1,0,1,0,0,0,0,0,0,1,0,0,1,1,0,0,0,0
2017,1101,1,1,0,1,1,1,0,0,0,0,0,0,0,0,1,0,1,1,1,0,0,1,0,0,0,0
2017,666,0,1,0,0,0,0,0,1,0,1,0,1,1,1,1,0,1,1,1,0,0,1,0,0,1,1
2017,392,0,0,0,0,0,0,0,0,0,0,0,0,0,0,1,0,1,1,1,0,0,1,1,0,1,0
2017,790,0,0,0,0,0,0,0,1,1,0,1,0,0,0,1,0,1,1,1,0,0,1,0,0,0,0
2017,650,0,0,0,0,0,0,0,0,0,1,0,0,0,0,1,1,1,1,1,0,0,0,1,0,1,1
2017,876,0,1,0,0,0,0,0,0,0,1,0,0,1,1,1,0,1,1,1,1,0,1,0,0,1,1
2017,944,0,1,0,0,0,0,1,1,0,0,0,1,0,0,0,0,0,0,1,0,1,0,0,0,0,0
2017,952,1,0,0,0,1,0,0,0,0,0,0,0,0,0,1,0,0,0,0,0,0,1,0,0,0,0
2017,54,0,0,0,0,0,0,0,0,0,0,0,0,0,0,0,0,1,1,1,1,0,0,0,1,0,0
2017,367,1,0,0,0,1,0,0,0,0,0,0,0,0,0,1,1,1,1,0,1,0,0,0,0,0,0
2017,538,0,0,0,0,0,0,1,0,0,1,0,0,0,1,1,0,1,1,1,1,0,1,0,0,1,0
2017,557,0,0,0,0,0,0,0,0,1,0,0,0,0,0,0,0,1,0,1,0,0,0,0,0,0,0
2017,653,0,0,0,0,0,0,0,0,1,1,0,1,0,1,1,0,1,0,1,0,1,1,0,0,1,0
2017,647,0,0,0,0,0,0,0,0,1,0,0,1,0,0,0,0,1,0,1,0,0,1,0,0,1,0
2017,978,0,0,0,0,0,0,0,0,1,1,0,1,0,1,1,0,1,1,1,1,0,1,0,0,1,0
2017,996,0,0,0,0,0,0,0,0,1,0,0,0,0,1,0,0,0,0,0,0,1,1,0,0,1,0
2017,729,0,0,0,1,0,0,0,0,0,1,0,1,0,0,1,0,1,1,1,1,0,0,0,0,1,1
2017,182,1,1,0,0,1,0,1,0,0,0,0,0,0,0,0,0,0,0,1,1,0,1,0,0,0,0
2017,633,0,1,0,1,1,1,0,1,1,0,0,1,0,0,1,1,1,1,1,0,1,1,0,0,0,0
2017,685,0,0,0,0,0,0,0,0,1,0,0,0,0,0,1,0,1,0,1,1,0,0,0,1,1,1
2017,683,0,0,0,0,0,0,0,0,1,0,0,0,0,0,0,0,1,1,1,0,1,0,0,0,1,1
2017,945,0,0,0,0,0,0,0,0,1,0,0,1,0,0,1,0,1,1,1,1,0,1,0,1,1,1
2017,953,0,0,0,1,0,0,0,1,0,0,0,1,0,0,0,1,1,1,0,1,1,0,0,0,0,0
2017,1022,0,0,0,0,0,0,0,0,1,0,0,1,0,0,1,0,1,1,1,1,0,1,0,1,1,1
2017,1049,0,0,0,0,0,0,0,0,1,0,0,1,0,0,1,0,1,1,1,1,0,1,0,1,1,1
2017,425,0,0,0,0,0,0,0,0,0,0,0,0,0,0,0,0,1,0,1,0,0,0,0,0,0,0
2017,300,0,0,0,0,1,0,0,1,0,0,0,0,0,0,1,0,0,0,1,0,0,0,0,0,0,1
2017,339,0,1,1,1,0,1,0,1,0,0,0,1,0,0,0,0,1,1,0,0,1,1,0,0,0,0
2017,874,0,0,0,0,0,0,0,1,0,0,0,1,0,0,0,0,1,1,1,1,0,1,1,0,0,0
2017,905,0,1,0,0,0,0,0,0,0,1,0,0,0,0,0,0,0,0,1,0,0,0,0,0,0,0
2017,1123,0,1,0,1,0,0,0,1,0,0,0,1,0,0,0,1,1,1,0,0,1,0,0,0,0,0
2017,736,0,0,0,0,0,0,0,0,1,1,0,0,0,0,1,0,1,1,1,1,0,1,0,0,1,1
2017,459,0,0,0,0,1,0,0,1,1,0,0,0,0,0,1,0,1,1,1,0,0,1,0,0,0,0
2017,320,0,1,0,0,0,0,0,1,0,0,0,1,0,0,1,0,1,1,1,0,0,1,0,0,0,1
2017,45,0,0,0,0,0,0,0,0,0,0,0,1,0,0,1,1,1,1,0,0,0,1,0,0,0,0
2017,618,1,1,0,1,1,1,0,0,0,1,0,0,0,0,1,0,1,1,1,1,0,1,0,0,1,1
2017,463,0,0,0,0,0,0,0,0,1,0,0,0,0,1,1,0,1,1,1,0,0,1,1,0,0,0
2017,891,1,1,0,0,1,0,0,0,0,0,0,0,0,0,1,0,1,1,1,0,0,1,0,0,0,1
2017,958,0,0,0,0,0,0,0,0,1,1,0,1,0,1,0,0,1,0,1,0,0,0,0,0,1,0
2017,244,0,1,0,1,1,1,0,1,0,0,0,0,0,0,1,1,1,1,0,0,0,0,0,1,0,0
2017,28,0,0,0,0,0,0,0,0,0,0,0,1,0,0,0,0,1,0,0,0,0,0,0,0,0,0
2017,444,0,1,0,1,1,1,0,1,0,0,0,0,0,0,1,0,1,1,0,0,0,1,0,1,0,0
2017,479,0,0,0,0,0,0,0,1,0,0,0,1,0,0,1,0,1,1,0,0,0,1,0,0,0,0
2017,285,0,1,1,1,1,1,0,1,0,0,0,0,0,0,1,0,1,1,0,0,0,1,0,0,0,0
2017,253,0,0,0,0,1,0,0,1,0,0,0,0,0,0,1,0,0,0,1,0,0,0,0,0,0,0
2017,481,0,0,0,0,1,0,0,1,0,0,0,0,0,0,0,0,1,1,1,0,0,0,0,0,0,0
2017,540,1,1,1,1,1,0,0,0,0,0,0,0,1,0,1,0,1,1,1,0,0,1,0,0,0,0
2017,41,0,0,0,0,0,0,0,0,0,0,0,0,0,0,0,0,0,0,0,0,0,0,0,0,0,0
2017,510,0,0,0,0,0,0,0,1,0,0,0,0,0,0,1,1,0,0,1,1,0,0,0,1,0,0
2017,305,0,0,0,0,0,0,0,0,1,0,0,0,0,0,1,0,1,1,1,0,0,1,0,0,1,1
2017,708,0,0,0,0,0,0,0,0,1,1,0,1,0,0,1,0,1,1,1,1,0,1,0,0,1,1
2017,755,0,0,0,0,0,0,0,1,1,1,0,1,0,1,1,0,1,0,1,1,0,0,0,0,1,1
2017,750,0,0,0,0,0,0,0,0,1,1,0,0,0,0,0,0,1,0,1,0,0,1,0,0,1,1
2017,696,0,0,0,0,0,0,0,0,0,0,0,0,0,0,1,0,1,1,1,0,0,0,0,1,0,1
2017,421,0,0,0,0,0,0,0,1,1,0,0,0,0,0,1,0,1,1,1,0,0,1,0,0,0,1
2017,827,0,0,0,0,0,0,0,0,0,0,0,0,0,0,1,1,1,1,0,0,0,0,0,0,0,1
2017,933,0,0,0,0,0,0,0,0,0,0,0,0,0,0,1,0,1,1,1,0,0,1,0,1,1,1
2017,1030,1,1,0,0,1,1,1,0,0,0,0,0,0,0,1,0,0,0,1,0,0,1,0,0,0,0
2017,1003,0,0,0,0,0,0,0,0,1,0,0,0,0,0,1,0,1,1,1,0,0,1,0,0,1,1
2017,1050,0,0,0,0,0,0,0,0,1,0,0,0,0,0,0,0,1,1,1,0,1,1,0,0,1,1
2017,1043,1,1,0,0,1,1,0,0,0,0,0,0,0,0,1,0,1,1,1,0,0,1,0,0,0,0
2017,1128,0,0,0,0,0,0,0,0,1,0,0,0,0,0,1,0,1,1,1,0,0,1,0,0,1,1
2017,1125,0,0,0,0,0,1,0,0,1,0,0,1,0,0,0,0,1,1,0,0,1,1,0,0,0,1
2017,1135,0,0,0,0,0,0,0,0,1,0,0,0,0,0,1,0,1,1,1,0,0,1,0,0,1,1
2017,934,0,0,0,0,0,0,0,0,1,0,0,1,0,0,0,0,1,0,1,1,0,0,0,0,1,0
2017,629,0,1,0,0,0,0,0,0,0,0,0,0,0,0,1,0,1,0,1,0,0,1,0,0,0,0
2017,21,0,0,0,0,0,0,0,0,0,0,0,1,0,0,0,0,1,1,1,0,1,1,0,0,0,0
2017,794,0,0,0,0,0,0,0,0,0,1,1,0,0,0,0,0,1,1,1,1,0,0,1,0,0,1
2017,415,0,0,0,0,0,0,1,0,0,0,0,0,0,1,1,0,0,0,0,0,0,0,0,0,0,0
2017,592,0,1,1,1,1,1,1,1,0,0,0,0,0,0,1,0,1,1,0,0,0,1,0,1,0,0
2017,497,0,0,0,0,0,0,0,0,0,0,0,0,0,0,0,0,0,0,1,0,0,0,0,0,0,0
2017,458,1,1,0,1,1,1,0,0,0,0,0,0,0,0,1,0,1,1,1,0,0,1,0,1,0,0
2017,726,0,0,0,0,0,0,0,1,1,1,0,1,1,1,0,0,1,1,1,1,0,0,0,0,1,0
2017,272,1,0,0,0,0,1,0,0,1,0,0,1,0,0,1,0,1,1,0,1,0,1,0,0,0,0
2017,805,0,0,0,0,0,0,0,0,0,0,0,0,0,0,0,0,1,1,1,1,0,1,0,0,0,1
2017,234,0,1,0,1,0,0,0,1,0,0,0,1,0,0,1,0,1,1,0,0,0,1,0,1,0,0
2017,64,0,0,0,0,0,0,0,0,0,0,0,1,0,0,1,0,1,1,0,0,0,1,0,0,0,0
2017,842,0,1,0,0,0,0,0,0,0,0,0,0,0,0,1,0,1,1,1,0,0,1,0,0,0,0
2017,843,0,0,0,0,0,0,0,1,0,0,0,0,0,0,1,1,1,1,1,1,0,0,0,0,0,0
2017,803,0,0,0,0,0,0,0,1,1,1,0,1,1,1,0,0,1,1,1,1,1,0,0,1,1,0
2017,211,0,1,0,0,1,0,0,1,0,0,0,0,0,0,0,0,0,0,0,0,1,1,0,0,0,0
2017,773,0,1,0,0,0,0,0,0,0,0,0,0,0,0,1,1,1,0,1,1,0,0,0,0,0,0
2017,424,0,1,0,1,1,1,0,1,0,0,0,0,0,0,1,0,1,1,0,0,0,0,0,0,0,0
2017,298,1,1,1,1,1,1,0,0,0,0,0,0,0,0,1,0,1,1,1,0,0,1,0,0,0,1
2017,594,0,1,0,1,0,1,0,1,0,0,0,0,0,0,1,0,1,0,0,0,0,1,0,0,0,0
2017,237,0,0,0,0,1,0,0,1,0,0,0,0,0,0,0,0,0,0,0,0,0,0,0,0,0,0
2017,16,0,0,0,0,0,0,0,0,0,0,0,0,0,0,1,1,1,1,1,0,1,1,0,0,0,0
2017,768,0,1,0,1,1,1,0,1,0,0,0,1,0,0,1,1,1,1,0,1,0,1,1,0,0,0
2017,617,0,1,0,0,0,0,1,0,1,0,0,0,0,0,1,0,1,0,1,1,0,1,0,0,0,0
2017,297,0,1,0,1,1,1,0,1,1,0,0,0,0,0,0,0,1,1,1,0,1,1,0,0,0,0
2017,105,0,0,0,0,0,0,0,0,0,0,0,0,0,0,1,1,1,1,1,0,1,1,0,0,0,0
2017,544,0,0,0,0,0,0,0,1,1,0,0,1,0,0,0,0,1,1,1,0,0,0,0,0,0,0
2017,804,0,0,0,0,0,0,0,0,1,0,0,1,0,0,1,1,1,0,1,0,0,1,0,0,0,0
2017,104,0,0,0,0,0,0,1,0,0,0,0,0,0,1,1,1,1,1,1,1,0,1,1,0,0,0
2017,20,0,0,0,0,0,0,1,0,0,0,0,0,0,0,1,1,1,1,1,1,0,1,0,1,0,0
2017,550,0,0,0,0,1,0,0,0,0,0,0,0,0,0,1,1,1,1,1,0,1,1,0,0,0,0
2017,112,0,0,0,0,0,0,0,0,1,0,1,1,0,0,1,1,1,1,1,0,0,1,0,0,0,0
2017,818,0,0,0,0,0,0,1,0,0,0,0,1,0,0,1,0,1,1,0,1,0,1,0,0,0,0
2017,882,0,0,0,1,0,1,0,1,1,1,0,1,1,0,1,0,1,1,0,0,0,1,0,1,0,0
2017,914,0,0,0,0,0,0,0,0,0,0,0,0,0,0,1,0,1,0,1,1,0,1,0,0,0,0
2017,928,1,1,0,1,1,1,1,0,1,0,0,0,0,0,1,0,1,1,1,0,0,1,1,1,0,0
2017,964,1,0,0,0,1,1,1,0,1,0,0,1,1,0,1,1,1,1,1,0,0,1,0,0,0,0
2017,1026,0,0,0,0,0,0,0,1,1,0,0,1,0,1,1,0,1,1,0,1,0,1,1,0,0,0
2017,1068,0,0,0,0,0,0,1,0,0,0,0,0,0,1,1,1,1,1,1,1,0,1,1,0,0,0
2017,1108,0,1,1,0,1,1,0,1,0,0,0,0,0,0,0,0,1,1,0,0,1,1,0,0,0,0
2017,404,0,1,0,1,1,1,0,1,0,0,0,0,0,0,1,1,1,1,1,0,0,1,0,1,0,0
2017,270,0,1,0,1,1,1,0,1,0,0,0,0,0,0,1,0,1,1,0,0,0,1,0,0,0,0
2017,676,0,1,0,0,0,0,1,0,1,0,0,0,0,1,0,0,0,0,0,0,0,0,0,1,1,1
2017,709,0,0,0,0,0,0,0,0,1,0,0,0,0,0,0,0,1,1,1,1,0,1,0,1,1,1
2017,754,0,0,0,0,0,0,0,0,1,1,0,1,0,1,0,0,0,0,0,0,0,0,0,0,1,1
2017,997,0,1,0,0,0,0,0,0,0,0,0,0,0,0,1,0,1,1,1,0,0,1,0,0,0,1
2017,1069,0,0,0,0,0,0,0,1,1,0,0,1,0,0,1,0,1,1,1,0,0,1,0,0,1,1
2017,1118,1,1,0,1,1,1,0,0,0,0,0,0,0,0,1,0,1,1,1,0,0,1,0,0,0,0
2017,734,1,1,1,1,1,1,1,0,1,1,0,1,0,1,1,0,0,1,0,1,1,1,1,1,1,0
2017,299,0,0,0,0,0,0,0,0,0,0,0,0,0,0,0,0,0,0,0,0,0,0,0,0,0,0
2017,645,0,1,0,1,0,1,0,1,0,0,0,1,0,0,0,0,1,1,0,0,1,1,0,0,0,0
2017,17,0,0,0,0,0,0,0,0,0,0,0,0,0,0,0,0,0,0,0,0,0,0,0,0,0,0
2017,1046,0,0,0,0,0,1,0,0,0,0,0,0,0,0,1,1,1,0,1,0,0,1,0,1,0,1
2017,420,0,0,0,0,0,0,0,1,1,0,0,1,0,0,1,0,1,1,0,0,0,1,0,0,0,0
2017,802,0,0,0,0,0,0,1,0,0,0,0,1,0,0,0,0,1,0,1,1,0,1,0,0,0,0
2017,266,1,1,0,0,1,0,0,0,0,0,0,0,0,0,1,0,0,0,0,0,0,1,0,0,0,0
2017,137,1,1,0,0,1,1,0,0,0,0,0,1,0,0,0,0,1,1,0,0,0,1,0,0,0,0
2017,769,0,0,0,0,0,0,0,0,1,0,0,0,0,0,0,0,1,0,1,0,0,1,0,0,0,0
2017,776,1,1,0,1,1,1,0,0,0,0,0,0,0,0,1,0,1,1,1,1,0,1,1,0,0,0
2017,640,0,0,0,0,0,0,1,1,0,0,0,1,0,0,1,0,1,1,1,1,0,1,0,0,0,0
2017,315,0,0,0,0,0,0,0,0,0,0,0,1,0,0,1,1,1,1,1,0,0,0,0,0,0,0
2017,40,0,0,0,0,0,0,0,0,0,0,0,0,0,0,1,0,0,0,1,0,0,0,0,0,0,0
2017,508,0,0,0,0,0,0,0,0,1,0,0,0,0,0,1,0,0,0,0,0,0,1,0,0,0,0
2017,46,0,0,0,0,0,0,0,0,0,0,0,1,0,0,0,0,0,0,1,0,0,1,0,0,0,0
2017,590,0,1,0,0,0,0,0,0,0,0,0,0,0,0,1,0,1,1,1,0,0,1,0,0,0,0
2017,777,0,0,0,0,0,0,0,0,0,0,0,0,0,0,1,0,1,1,1,0,0,1,1,0,0,0
2017,897,0,0,0,0,0,0,0,0,0,0,0,0,0,0,0,0,1,1,1,1,0,0,1,0,0,0
2017,965,0,0,0,0,0,0,0,0,0,0,0,1,0,0,1,0,0,0,1,0,0,0,0,0,0,0
2017,461,0,0,0,0,0,0,0,1,1,0,0,1,0,0,0,0,0,0,0,0,1,1,1,0,0,1
2017,376,1,0,0,0,1,1,0,1,0,0,0,1,0,0,0,0,1,0,1,0,0,1,0,1,1,1
2017,621,0,1,0,0,0,0,0,0,0,0,0,1,0,0,0,0,1,1,1,0,0,0,0,0,1,1
2017,793,0,0,0,0,0,0,0,0,1,1,0,1,0,0,1,0,1,1,1,0,0,1,0,0,1,1
2017,1102,1,1,0,1,1,1,0,0,0,0,0,0,0,0,1,0,1,1,0,0,0,1,0,1,0,0
2017,,0,0,0,0,0,0,0,0,0,0,0,1,0,0,0,0,0,0,0,0,1,1,1,0,0,0
2017,712,0,0,0,0,0,0,0,0,1,1,0,1,0,1,0,0,1,1,1,1,0,0,0,0,1,1
2017,32,0,0,0,0,0,0,0,0,0,0,0,0,0,0,1,0,1,1,1,1,0,1,0,0,0,0
2017,361,0,0,0,0,0,0,0,0,1,0,0,0,0,1,0,0,1,0,1,1,0,1,1,0,0,0
2017,486,0,0,0,0,0,0,0,1,0,0,0,1,0,0,0,0,0,0,0,0,0,1,0,0,0,0
2017,595,0,0,0,0,0,0,0,0,1,1,0,1,1,0,0,0,1,1,1,0,0,1,0,0,1,0
2017,433,0,0,0,0,1,0,1,0,1,0,0,0,0,0,1,0,1,1,0,1,0,0,1,0,0,0
2017,1058,0,0,0,0,0,0,1,0,1,0,0,0,0,1,1,0,1,1,0,0,0,1,0,0,0,0
2017,261,1,1,0,0,1,0,0,0,0,0,0,0,0,0,1,0,1,0,0,0,0,1,0,0,0,0
2017,730,0,0,0,0,0,0,0,0,1,0,0,1,0,0,1,0,1,1,1,0,0,0,0,0,1,1
2017,577,0,0,0,0,0,0,0,0,1,0,0,1,0,0,1,0,1,1,1,0,0,0,0,0,1,1
2017,788,0,0,0,0,0,0,0,0,1,0,0,1,0,0,1,1,1,1,1,0,0,0,0,0,0,0
2017,865,0,0,0,0,0,0,0,0,1,0,0,1,0,0,1,0,1,1,1,1,0,1,0,1,1,1
2017,979,0,0,0,0,0,0,0,0,1,0,0,1,0,0,1,0,1,1,1,1,0,1,0,1,1,1
2017,998,0,0,0,0,0,0,0,0,1,0,0,1,0,0,1,0,1,1,1,1,0,1,0,1,1,1
2017,1072,0,0,0,0,0,0,0,0,1,0,0,1,0,0,1,0,1,1,1,1,0,1,0,1,1,1
2017,221,0,1,0,1,1,1,0,1,0,0,0,0,0,0,1,0,1,1,0,0,0,1,0,0,0,0
2017,506,0,0,0,1,0,1,1,1,1,0,0,1,0,0,1,1,1,1,0,0,0,0,0,0,0,0
2017,727,0,0,0,0,0,0,0,0,0,1,0,0,0,0,0,0,1,0,1,0,0,1,0,0,1,0
2017,355,1,1,0,0,1,1,0,0,0,0,0,1,0,0,1,1,1,1,0,0,0,1,0,0,0,0
2017,487,1,0,0,0,1,0,0,1,0,0,0,0,0,0,1,0,0,1,0,0,0,1,0,0,0,0
2017,938,1,1,1,1,1,1,0,0,0,1,0,1,0,0,1,0,1,1,1,0,0,1,0,0,1,0
2017,886,0,1,0,1,1,1,0,1,0,0,0,0,0,0,1,1,1,1,1,0,0,0,0,0,0,0
2017,835,1,1,0,1,1,1,0,1,0,0,0,0,0,0,1,1,1,1,0,0,0,1,0,1,0,0
2017,999,0,0,0,0,0,1,1,0,0,0,0,0,0,0,1,1,1,1,0,0,0,0,0,1,0,0
2017,798,0,1,0,0,0,0,1,0,1,0,0,1,0,1,1,0,1,1,1,1,0,0,1,0,0,0
2017,504,0,0,0,0,0,0,0,1,0,0,0,1,0,0,1,1,1,0,1,0,0,0,0,0,0,0
2017,247,0,1,0,1,1,1,1,1,0,0,0,0,0,0,1,0,1,1,0,0,0,1,1,0,0,0
2017,216,0,1,0,1,0,0,0,1,0,0,0,1,1,0,1,0,1,1,0,0,0,1,0,0,0,0
2017,654,0,1,0,0,1,1,0,1,0,0,0,0,0,0,1,0,1,1,0,0,0,1,0,0,0,0
2017,65,0,0,0,0,0,0,0,0,0,0,0,1,0,0,0,0,1,1,1,0,1,1,0,0,0,0
2017,472,0,1,0,0,0,0,1,0,0,0,0,0,0,0,0,1,1,0,0,0,0,0,0,0,0,0
2017,427,0,0,0,0,0,0,0,1,1,0,0,1,1,0,0,0,0,0,0,0,1,1,1,0,0,0
2017,491,0,0,0,0,0,0,1,1,1,0,0,1,0,0,0,0,1,0,0,0,0,1,0,0,0,0
2017,551,0,0,0,0,0,0,0,1,1,0,0,1,0,0,1,0,1,0,0,0,0,1,0,0,0,0
2017,106,0,0,0,1,0,1,0,0,0,0,0,1,0,0,1,0,1,1,0,0,0,1,0,1,0,0
2017,819,0,0,0,1,0,0,1,0,1,0,0,1,0,0,0,0,0,0,0,0,0,0,0,0,0,0
2017,836,0,0,0,0,0,0,0,0,0,0,0,0,0,0,0,0,0,1,0,1,0,0,0,0,0,0
2017,915,0,0,0,0,0,0,0,0,0,0,0,0,0,0,0,0,0,0,0,0,0,0,0,0,0,0
2017,942,0,0,0,0,0,0,0,0,0,0,0,1,0,1,1,0,1,1,0,1,0,0,0,0,0,1
2017,1140,0,0,0,0,0,0,0,0,0,0,0,1,0,1,1,0,1,1,0,0,0,0,0,0,0,1
2017,748,0,1,0,0,0,0,0,0,1,1,0,1,0,1,0,0,1,1,1,0,1,1,1,0,1,0
2017,198,0,0,0,0,0,0,0,0,1,0,0,1,0,0,0,0,1,0,0,0,1,1,0,0,0,0
2017,871,0,1,0,0,1,0,1,1,1,0,0,0,0,0,1,1,1,1,1,1,0,1,1,0,1,0
2017,948,0,0,0,0,1,1,0,1,0,0,0,0,0,0,1,0,0,0,0,0,0,1,0,0,0,0
2017,1051,0,0,0,0,0,0,0,0,0,0,0,0,0,0,0,0,1,0,0,1,0,1,1,0,0,0
2017,1083,0,0,0,0,0,1,0,0,0,0,0,1,0,0,1,0,1,1,0,0,0,1,0,0,0,0
2017,1096,0,0,0,0,0,0,0,0,0,0,0,1,0,0,1,0,1,0,0,0,0,1,0,0,0,0
2017,679,0,0,0,0,0,0,0,0,1,0,0,0,1,0,0,0,1,1,1,1,0,0,1,0,0,0
2017,176,1,1,0,1,1,0,0,0,0,0,0,0,0,0,1,0,1,1,0,0,0,1,0,0,0,0
2017,537,0,0,0,0,1,0,0,1,1,0,0,1,0,0,1,0,1,0,0,0,0,0,0,0,0,0
2017,608,0,0,0,0,0,0,0,0,0,0,0,0,0,0,0,0,1,0,1,1,0,1,0,0,1,1
2017,596,0,1,0,0,1,0,0,0,0,0,0,0,0,0,0,0,1,1,0,0,0,0,0,0,0,1
2017,749,0,0,0,0,0,1,0,0,1,1,0,0,1,1,1,0,1,1,1,1,0,1,0,0,1,0
2017,758,0,0,0,0,0,0,0,1,0,1,0,1,1,0,1,0,0,1,0,0,0,1,0,0,1,1
2017,1104,0,0,0,1,0,0,0,0,1,1,0,0,1,0,1,0,1,1,1,1,0,1,1,0,1,0
2017,567,0,0,0,0,0,0,0,1,1,0,0,0,0,1,0,0,1,1,1,0,0,1,0,0,0,0
2017,677,0,0,0,0,0,0,0,0,1,1,0,0,1,0,1,0,1,1,1,1,0,1,0,0,0,0
2017,670,0,0,0,0,0,0,1,0,1,0,0,0,0,0,1,0,1,0,1,1,0,0,0,0,0,0
2017,588,0,0,0,1,0,0,0,0,0,0,0,0,0,0,1,0,1,1,1,1,0,1,0,1,0,0
2017,753,0,0,0,0,0,0,0,0,1,1,0,1,0,1,0,0,1,1,1,1,0,1,0,0,1,1
2017,887,0,0,0,0,0,0,0,0,0,0,0,0,0,0,0,0,0,0,0,0,0,0,0,0,0,0
2017,245,1,1,0,0,1,1,0,0,0,0,0,0,0,0,1,0,1,1,1,0,0,1,0,0,0,0
2017,603,0,0,0,0,1,0,1,1,0,0,0,0,0,1,1,0,0,1,1,0,0,1,0,0,0,0
2017,426,0,1,0,0,1,0,0,1,0,0,0,1,0,0,1,0,1,0,0,0,0,0,0,0,0,0
2017,232,0,1,0,1,1,0,1,1,0,0,0,0,0,0,1,0,1,1,0,1,0,1,0,0,0,0
2017,288,0,1,0,0,1,0,1,1,0,0,0,0,0,0,1,0,0,0,0,0,0,1,1,0,0,0
2017,246,0,0,0,0,1,1,1,1,0,0,0,0,0,0,1,0,0,0,0,0,0,1,0,1,0,0
2017,284,0,0,0,0,0,0,0,1,0,0,0,0,0,0,1,0,1,0,0,0,0,1,0,0,0,0
2017,18,0,0,0,0,0,0,0,0,0,0,0,0,0,0,1,1,0,0,0,0,1,1,0,0,0,0
2017,356,0,0,0,0,0,0,0,0,0,0,0,1,0,0,1,0,1,1,1,0,0,1,0,0,0,0
2017,401,0,0,0,0,0,0,1,0,0,0,0,1,0,0,1,0,1,1,1,1,0,1,1,0,0,0
2017,733,0,0,0,0,0,0,0,0,0,1,0,0,0,0,1,0,0,0,1,0,0,1,0,0,0,0
2017,243,0,0,0,0,1,0,0,1,0,0,0,1,0,0,1,0,1,1,1,0,0,1,0,0,0,0
2017,380,0,0,0,0,0,0,0,0,0,0,0,1,0,0,1,0,0,0,0,0,0,1,0,0,0,0
2017,1000,0,0,0,0,0,0,0,0,0,0,0,0,0,0,0,0,0,0,1,1,0,1,0,1,0,0
2017,1018,0,0,1,0,0,0,1,0,0,0,0,0,0,0,1,1,1,1,1,0,0,0,0,0,0,0
2017,1001,1,1,0,1,1,0,0,0,0,0,0,0,1,0,1,1,1,1,1,0,0,0,0,0,0,0
2017,1007,0,1,0,1,1,0,0,0,0,0,0,0,0,0,1,1,1,1,1,1,0,0,0,0,0,0
2017,1008,0,1,0,1,1,0,0,0,1,1,0,1,1,1,1,0,1,1,1,1,0,1,0,0,1,0
2017,1010,0,1,0,1,1,0,0,0,0,0,0,1,0,0,1,1,1,1,1,1,0,0,0,0,1,0
2017,1011,0,1,0,1,1,0,0,0,1,0,0,1,0,0,1,0,1,1,1,1,0,1,0,0,0,0
2017,1012,0,1,0,1,1,0,0,0,0,0,1,1,0,0,1,0,1,1,1,1,0,1,1,0,0,0
2017,1013,0,0,0,1,0,0,0,0,1,1,0,0,1,1,1,0,1,1,1,1,0,1,0,0,0,0
2017,1041,0,0,0,0,0,0,0,0,0,0,0,1,0,0,1,1,1,1,0,0,0,0,0,0,0,0
2017,1073,1,1,1,1,1,1,1,0,0,0,0,0,0,0,1,0,1,1,1,1,0,1,0,0,1,0
2017,1087,0,0,0,0,0,0,1,0,0,1,0,1,0,0,0,0,0,0,1,0,0,1,0,0,0,0
2017,1109,0,0,0,0,0,0,1,1,0,1,0,1,0,0,0,0,0,0,1,0,0,1,0,0,0,0
2017,1110,1,1,0,1,1,1,0,0,0,0,0,0,0,0,1,0,1,1,1,0,0,1,0,1,0,0
2017,1112,0,1,0,1,0,1,0,1,0,0,0,1,0,0,0,1,1,1,1,0,1,0,0,1,0,0
2017,1120,0,1,0,1,0,1,1,0,0,0,0,1,0,0,1,1,1,1,0,0,0,0,0,0,0,0
2017,1126,1,1,0,1,1,0,0,0,1,0,0,0,1,1,1,0,1,1,1,1,1,1,0,0,0,0
2017,789,0,0,0,0,0,0,0,0,1,0,0,1,0,0,0,1,0,0,0,0,1,0,1,0,0,0
2017,326,0,0,0,0,0,1,0,0,1,0,0,1,0,0,1,1,1,1,0,0,0,0,0,1,0,0
2017,442,0,1,0,1,1,1,0,1,0,0,0,1,0,0,1,0,1,1,1,0,0,1,0,0,0,0
2017,294,0,0,0,0,1,0,0,0,0,0,0,0,0,0,0,0,1,0,1,0,0,1,0,0,0,0
2017,1084,1,1,0,1,1,0,1,1,1,0,0,1,0,0,0,1,1,1,0,0,1,0,0,1,0,0
2017,1113,0,1,0,1,1,1,0,1,1,1,1,1,0,0,1,1,1,1,1,0,0,0,0,1,0,1
2017,1137,0,1,0,1,1,0,0,1,1,1,0,1,0,0,0,0,1,1,1,0,1,1,0,1,0,1
2017,1142,0,0,0,0,0,0,0,0,0,0,0,0,0,0,1,0,1,1,1,0,0,1,0,0,0,1
2017,722,0,0,0,0,0,0,0,0,1,1,0,1,1,1,1,1,1,1,1,1,0,0,0,0,1,1
2017,660,0,0,0,1,0,0,0,0,0,1,0,0,0,0,1,0,1,1,1,0,0,1,1,0,0,0
2017,75,0,0,0,0,0,0,0,0,0,0,0,0,0,1,1,0,1,1,1,0,0,1,0,0,0,0
2017,249,1,0,0,0,1,1,0,0,0,0,0,0,0,0,1,0,1,1,1,1,0,1,1,0,0,0
2017,227,0,0,0,0,1,0,0,1,0,0,0,0,0,0,0,0,0,0,1,0,0,1,0,0,0,0
2017,150,0,1,0,1,1,1,1,1,0,0,0,0,0,0,0,0,1,1,0,0,1,1,0,1,0,0
2017,47,0,0,0,0,0,0,0,0,0,0,0,0,1,0,1,0,0,0,0,0,0,0,0,0,0,0
2017,172,1,1,0,0,1,0,0,0,1,0,0,0,0,0,1,0,0,0,1,0,0,1,0,0,0,0
2017,581,0,0,0,0,0,0,0,0,1,1,0,0,1,0,0,0,1,0,1,0,0,0,0,0,1,0
2017,120,0,1,0,0,0,1,0,1,0,0,0,1,0,0,1,0,1,1,0,0,0,1,0,0,0,0
2017,445,0,0,0,0,0,0,0,0,0,0,0,0,0,0,0,0,1,0,0,0,0,1,0,1,0,0
2017,471,0,1,0,1,1,1,0,1,1,1,0,0,0,0,1,1,1,1,1,0,0,0,0,0,0,1
2017,53,0,0,0,0,0,0,0,0,0,0,0,0,0,0,0,0,0,0,0,0,0,0,0,1,0,0
2017,199,1,0,0,0,1,0,0,1,0,0,0,0,0,0,1,0,0,0,1,0,0,0,1,0,0,0
2017,575,0,0,0,1,0,0,0,0,0,0,0,0,0,0,1,1,1,1,1,0,0,0,0,0,1,1
2017,528,0,0,0,0,0,0,0,0,1,1,0,0,1,0,0,0,1,0,1,1,0,1,0,0,1,1
2017,631,1,1,1,1,1,1,0,0,1,1,0,1,1,0,1,1,1,1,1,0,1,1,0,0,1,1
2017,1016,0,0,0,0,1,0,0,1,0,0,0,0,0,0,1,0,1,1,0,0,0,1,0,0,0,0
2017,1047,0,0,0,0,0,0,0,0,1,1,0,1,0,0,0,0,1,1,1,1,0,0,0,0,1,0
2017,635,0,0,0,0,0,0,0,1,1,0,0,1,0,0,1,0,1,1,1,0,0,0,0,0,1,1
2017,716,0,1,1,1,1,0,0,1,0,0,0,0,0,0,1,0,1,1,0,0,0,1,0,0,0,0
2017,534,0,1,0,1,1,1,0,1,0,0,0,0,0,0,1,0,1,1,1,0,0,1,0,0,0,0
2017,185,0,0,0,0,0,0,0,1,0,0,0,0,0,0,1,0,0,0,0,0,1,1,0,0,0,0
2017,258,0,0,0,0,1,1,0,1,0,0,0,0,0,0,0,0,1,1,0,0,0,1,0,0,0,0
2017,505,0,1,1,1,1,1,0,1,0,0,0,0,0,0,0,0,1,0,0,0,1,1,0,0,0,0
2017,268,1,0,0,0,1,1,0,0,0,0,0,0,0,0,1,1,1,1,0,0,0,0,0,0,0,1
2017,602,0,0,0,0,1,0,0,0,0,0,0,0,0,0,0,0,0,1,0,0,0,1,0,0,0,0
2017,254,1,1,0,1,1,0,0,0,0,0,0,0,0,0,1,0,1,1,0,0,0,1,0,1,0,0
2017,705,1,1,0,1,1,1,0,0,0,0,0,0,0,0,1,0,1,1,1,0,0,1,0,0,0,0
2017,133,1,0,0,0,1,0,0,0,0,0,0,0,0,0,0,0,0,0,0,0,0,1,1,0,0,0
2017,33,0,0,0,0,0,0,0,0,1,0,0,1,0,1,1,1,1,0,0,1,0,0,0,0,0,1
2017,143,0,0,0,0,0,0,0,0,0,0,0,1,0,0,1,1,1,1,0,0,0,1,1,0,0,0
2017,36,0,0,0,0,0,0,0,0,1,0,0,1,0,0,1,0,1,0,0,0,0,1,0,1,0,1
2017,756,0,0,0,0,0,0,0,0,0,0,0,0,0,1,1,0,1,1,1,1,0,0,0,0,0,0
2017,662,0,0,0,1,0,0,0,0,0,0,0,0,0,0,0,0,1,1,1,0,0,1,0,0,1,0
2017,192,0,0,0,0,0,0,1,0,0,0,0,0,0,0,0,0,1,0,1,1,0,1,0,1,0,1
2017,382,0,0,0,0,0,0,0,0,0,0,0,1,0,0,1,1,1,0,1,0,0,0,0,1,0,0
2017,322,0,0,0,0,0,0,0,0,0,0,0,1,0,0,0,1,1,0,1,0,0,0,0,0,0,0
2017,478,0,0,0,0,0,0,0,1,0,0,0,1,0,0,1,1,1,0,1,0,0,0,0,0,0,1
2017,352,0,0,0,0,0,0,0,0,0,0,0,0,0,1,1,0,0,0,0,0,0,0,0,0,0,0
2017,628,0,1,0,0,0,0,0,0,1,1,0,0,0,1,1,0,1,1,1,1,0,1,1,0,1,0
2017,291,0,0,0,0,0,0,1,0,0,0,0,0,0,0,0,0,1,0,1,0,0,0,0,0,0,0
2017,495,0,1,0,0,0,0,0,0,0,0,0,0,0,1,0,0,1,1,1,0,0,1,1,0,0,1
2017,845,0,0,0,0,0,0,0,0,1,0,0,0,1,0,0,0,1,1,1,1,0,0,0,1,0,0
2017,498,0,0,0,0,0,0,0,0,0,0,0,0,0,1,1,0,1,1,1,0,0,1,1,0,0,0
2017,314,0,0,0,0,0,0,0,0,0,0,0,0,0,0,0,0,0,0,1,0,0,0,0,0,0,0
2017,720,0,0,0,0,1,0,0,0,0,0,0,0,0,0,0,0,0,0,1,0,0,1,1,0,0,0
2017,721,0,0,0,0,0,0,1,0,1,1,0,1,1,0,1,0,1,1,1,1,0,1,0,0,1,1
2017,485,0,1,0,1,1,0,0,1,0,0,0,1,0,0,0,0,1,0,1,0,0,1,0,0,0,0
2017,273,1,1,1,1,1,0,0,0,0,0,0,0,0,0,1,0,1,1,1,0,0,1,0,0,0,0
2017,846,0,0,0,1,0,0,0,0,0,1,0,1,1,0,1,0,1,1,1,1,0,1,1,0,1,0
2017,847,0,1,0,1,1,0,0,1,0,0,0,0,0,0,1,0,1,1,1,1,0,1,0,0,0,0
2017,848,0,0,0,0,1,0,0,0,0,0,0,0,0,0,0,0,0,1,1,0,0,1,0,0,0,0
2017,916,0,0,0,0,1,0,0,0,0,0,0,0,0,0,1,0,0,0,0,0,0,1,0,0,0,0
2017,930,0,0,0,0,1,0,0,1,0,0,0,0,0,0,1,1,1,1,1,0,0,1,0,0,1,0
2017,954,0,0,0,0,0,0,0,0,0,0,0,0,0,1,1,0,1,1,1,0,0,1,1,0,0,0
2017,943,0,0,0,0,0,0,0,0,0,0,0,0,0,0,0,0,0,0,1,1,0,1,0,1,0,0
2017,949,0,0,0,0,0,0,0,0,1,1,0,0,1,1,1,0,1,1,1,1,0,1,1,0,1,0
2017,980,0,0,0,0,1,0,0,1,0,0,0,0,0,0,1,1,1,1,1,0,0,1,0,0,0,0
2017,981,0,1,0,1,1,1,0,1,0,0,0,0,0,0,0,0,1,1,0,0,1,1,0,0,0,0
2017,1024,1,0,0,0,1,0,1,0,0,0,0,0,0,0,0,0,1,0,1,0,0,0,0,0,0,0
2017,1017,0,0,0,0,0,0,0,0,0,0,0,1,0,0,0,0,0,0,0,0,0,1,1,1,0,1
2017,378,1,1,0,1,1,1,0,1,1,0,0,0,0,0,1,0,1,1,0,0,0,1,0,0,0,0
2017,402,0,1,0,1,0,1,0,1,0,0,0,1,0,0,1,1,1,1,1,0,0,0,0,1,0,0
2017,29,0,0,0,0,0,0,0,1,1,0,0,1,1,0,1,1,1,1,0,1,0,0,0,1,0,0
2017,450,0,1,0,1,0,1,0,1,0,0,0,1,0,0,1,1,1,1,0,0,0,0,0,0,0,0
2017,656,1,1,0,1,1,1,0,0,1,1,0,0,0,0,1,1,1,1,1,0,0,0,0,0,0,0
2017,333,0,1,1,1,1,1,1,1,0,0,0,0,0,0,1,0,1,1,1,1,0,1,0,1,0,0
2017,684,0,0,0,0,0,0,0,0,0,0,0,0,0,0,1,0,1,0,1,0,0,1,0,1,0,1
2017,422,0,1,1,1,1,0,0,1,0,0,0,0,0,0,1,1,1,1,0,0,0,0,0,0,0,1
2017,763,1,1,1,0,1,1,0,0,1,1,0,0,1,0,0,0,1,0,1,0,0,1,0,0,1,1
2017,741,0,0,0,0,0,0,0,0,1,0,0,1,1,0,0,0,1,1,1,0,0,1,0,0,1,1
2017,553,0,0,0,1,0,0,0,1,1,1,0,0,0,0,1,1,1,1,1,0,0,0,0,0,1,1
2017,357,0,0,0,0,0,0,0,0,0,0,0,1,0,0,0,0,0,0,0,0,1,0,1,0,0,1
2017,899,0,0,0,0,0,0,0,0,0,0,0,1,0,0,1,0,0,0,0,0,0,1,0,0,0,0
2017,900,0,1,0,0,0,1,0,1,0,0,1,1,0,0,1,0,1,1,0,0,0,1,0,0,0,0
2017,932,0,1,0,1,1,1,1,1,1,1,0,1,1,1,1,1,1,1,1,1,0,0,0,1,0,0
2017,950,0,1,0,0,0,1,0,1,0,0,0,1,0,0,0,0,1,1,0,0,1,1,0,1,0,0
2017,966,0,1,0,1,1,0,0,0,0,0,0,0,0,0,1,1,1,1,1,0,0,0,0,1,0,0
2017,967,0,0,0,0,0,1,0,0,1,0,0,1,0,0,1,1,1,1,1,0,0,0,1,0,0,0
2017,982,1,0,0,0,0,0,0,0,0,0,0,0,0,0,0,0,1,1,1,0,0,1,0,0,0,0
2017,1014,0,0,0,0,0,0,0,0,1,0,1,0,0,0,1,1,1,1,1,0,0,0,0,0,1,1
2017,1080,1,0,0,0,1,0,0,0,0,0,0,0,1,0,0,0,0,0,0,0,0,1,0,0,0,0
2017,1074,0,1,0,1,1,0,1,1,0,0,0,0,0,0,1,0,1,1,1,0,0,1,1,1,0,1
2017,699,0,0,0,0,0,0,0,0,0,0,0,0,0,0,1,0,1,1,1,1,0,0,0,0,1,0
2017,823,0,0,0,0,0,0,1,1,1,0,1,0,0,0,1,0,1,1,1,1,0,1,1,0,0,1
2017,849,0,1,0,0,0,0,1,0,0,0,0,0,1,0,1,0,1,1,1,0,0,0,0,0,0,0
2017,869,0,1,0,1,1,1,0,1,0,0,0,0,0,0,1,0,1,1,0,0,0,1,0,0,0,0
2017,955,0,0,0,0,0,0,0,0,0,0,0,1,0,0,1,0,0,1,0,0,0,1,0,0,0,0
2017,983,0,0,0,0,0,0,0,0,0,0,0,0,0,0,0,0,0,1,0,0,0,1,0,0,0,0
2017,1002,0,0,0,0,0,1,0,0,0,0,0,0,0,0,0,0,0,0,0,0,0,0,0,0,0,0
2017,1015,0,0,1,1,0,0,1,0,1,1,0,0,1,0,1,1,1,1,1,1,0,1,0,1,1,1
2017,51,0,0,0,0,0,0,0,0,0,0,0,0,0,0,1,0,1,1,1,0,0,1,0,0,0,0
2017,441,0,0,0,0,0,0,0,1,0,0,0,0,0,0,1,1,0,0,1,0,0,0,0,0,0,0
2017,327,0,0,0,0,0,0,0,0,0,0,0,1,0,0,1,0,0,0,0,0,0,0,1,0,0,0
2017,690,0,0,0,0,0,0,0,0,0,0,0,0,0,0,0,0,0,0,1,0,0,0,1,1,0,0
2017,262,0,0,0,0,1,0,0,0,0,0,0,0,0,0,1,0,1,1,0,0,0,1,0,0,0,0
2017,403,0,0,0,0,0,0,0,0,1,0,0,1,0,0,1,0,0,1,0,0,0,1,0,0,0,0
2017,312,0,0,0,0,0,0,0,0,0,0,0,0,0,0,0,0,0,0,0,0,0,0,0,0,0,0
2017,589,0,0,0,0,0,0,0,0,0,0,0,1,0,0,0,1,1,1,1,0,0,0,0,0,0,1
2017,665,0,1,0,0,0,0,0,0,0,0,0,0,0,0,1,0,1,1,1,0,0,1,0,0,0,1
2017,334,0,0,0,0,0,0,0,0,0,0,0,0,0,0,1,0,1,1,0,0,0,1,0,0,0,0
2017,1075,0,0,0,0,0,0,0,0,0,0,0,0,0,1,1,0,1,1,1,1,0,1,0,0,0,0
2017,751,0,0,0,0,0,0,0,0,1,0,0,0,0,0,0,0,1,1,1,1,0,1,0,0,1,1
2017,186,0,0,0,0,0,0,0,0,0,0,0,0,0,0,0,0,1,0,0,0,0,0,0,0,0,0
2017,646,0,0,0,0,0,0,0,0,0,0,0,0,0,0,0,1,0,0,1,0,0,0,0,0,0,0
2017,536,0,0,1,0,0,0,0,1,0,0,0,0,0,0,1,0,1,1,1,0,0,1,0,0,0,0
2017,242,0,1,0,1,1,1,0,1,0,0,0,1,1,0,1,1,1,1,1,0,0,0,0,1,0,1
2017,490,0,0,0,0,0,0,0,0,0,0,0,0,0,0,1,0,1,0,1,0,0,0,0,0,0,0
2017,500,0,0,0,0,0,0,0,0,0,0,0,0,0,0,1,0,0,0,0,1,0,1,0,0,0,1
2017,206,0,0,0,0,0,0,0,1,0,0,0,1,0,0,0,0,0,1,0,0,1,1,0,0,0,1
2017,58,0,0,0,0,0,0,0,0,0,0,0,1,0,0,1,0,1,0,0,0,0,1,0,0,1,0
2017,572,0,0,0,0,0,0,0,0,0,0,0,0,0,0,1,0,1,0,1,0,0,1,0,1,0,0
2017,180,0,0,0,0,0,0,1,1,0,0,0,1,0,0,0,0,1,1,0,0,0,1,0,0,0,0
2017,549,0,0,0,0,0,0,0,0,0,0,0,0,0,0,1,0,1,1,1,0,0,1,0,0,1,0
2017,582,1,1,1,1,1,1,1,0,1,0,0,0,0,1,1,0,1,1,1,0,0,1,1,1,1,1
2017,743,0,0,0,0,0,0,0,1,1,1,0,1,1,0,1,0,1,1,1,0,0,0,0,0,1,0
2017,795,0,0,0,0,0,0,0,0,0,0,0,0,0,0,0,0,0,0,1,0,0,1,1,0,0,0
2017,269,0,0,0,0,1,0,0,1,0,0,0,0,0,0,0,0,1,0,0,0,1,1,0,0,0,0
2017,634,0,0,0,0,0,0,0,0,0,0,0,1,0,0,1,1,1,1,1,0,0,1,0,0,0,0
2017,1,0,0,0,0,0,0,0,1,0,0,0,0,0,0,0,0,0,0,0,0,0,1,0,0,0,0
2017,717,0,0,0,0,0,0,0,0,0,0,0,0,0,0,0,1,1,1,1,0,0,0,0,0,0,0
2017,373,0,0,0,0,0,0,0,0,0,0,0,0,0,0,1,1,1,0,1,1,0,0,0,0,0,0
2017,535,0,0,0,0,0,0,0,0,0,0,0,0,0,0,1,0,1,1,0,0,0,0,0,0,1,1
2017,824,0,0,0,0,0,0,0,0,1,1,0,1,0,1,1,0,1,1,1,0,1,1,1,0,0,0
2017,888,0,0,0,1,0,0,0,0,0,0,0,1,0,0,1,0,1,1,1,0,0,1,1,0,1,0
2017,902,0,0,0,0,0,0,0,0,0,0,0,1,0,0,0,0,0,1,0,1,1,1,1,1,0,0
2017,968,0,0,0,0,0,0,0,0,0,0,0,1,0,0,0,0,0,0,0,1,0,0,0,0,0,0
2017,1130,0,0,0,0,0,0,0,0,0,0,0,0,0,0,0,0,1,1,0,0,1,1,0,1,0,0
2017,1141,0,0,0,0,0,0,0,1,0,0,0,1,0,0,0,0,1,0,0,0,1,1,1,0,0,0
2017,1145,0,0,0,0,0,0,0,1,0,0,0,1,0,0,1,0,0,1,1,0,0,0,0,0,0,0
2017,1122,0,0,0,0,0,0,0,0,0,0,0,0,0,0,0,0,0,0,0,0,0,0,0,0,0,0
2017,1133,0,0,0,0,0,0,0,1,0,0,0,1,0,0,1,0,0,0,0,0,0,0,0,0,0,0
2017,346,0,0,0,0,0,1,1,0,0,0,0,1,0,0,1,0,0,0,0,0,0,0,0,0,0,0
2017,27,0,0,0,0,0,0,1,0,0,0,0,0,0,1,1,0,0,0,1,0,0,0,0,0,0,0
2017,165,0,1,0,0,1,0,0,1,0,0,0,0,0,0,0,0,0,0,0,0,1,1,0,0,0,0
2017,956,0,0,0,0,0,0,0,0,1,1,0,1,0,0,0,0,1,0,1,0,0,0,0,0,1,1
2017,413,0,0,0,0,0,0,0,0,0,0,0,0,0,0,1,1,0,1,0,1,0,0,0,0,0,0
2017,149,0,0,0,0,0,0,1,1,0,0,0,1,0,0,1,0,1,1,0,0,0,1,0,0,0,0
2017,612,1,0,0,0,1,1,0,1,0,0,0,1,1,0,1,0,1,0,0,0,0,1,0,0,0,1
2017,559,1,1,0,1,1,1,0,0,0,0,0,1,0,0,1,0,1,1,0,0,0,1,0,0,0,0
2017,7,0,0,0,0,0,0,0,1,0,0,0,1,0,0,0,0,1,0,0,0,1,0,0,0,0,0
2017,283,0,0,0,0,1,1,0,0,0,0,0,0,0,0,0,0,0,0,1,0,0,1,0,0,0,0
2017,37,0,0,0,0,0,0,0,0,0,0,0,1,0,0,1,0,1,1,0,0,0,1,0,0,0,0
2017,153,0,0,0,0,1,0,0,1,1,0,0,1,1,0,1,0,1,1,1,0,1,1,0,0,0,0
2017,547,0,0,0,0,0,0,0,0,0,0,0,0,0,0,1,0,1,0,1,0,0,0,0,0,0,0
2017,397,0,0,0,0,0,0,0,0,0,0,0,0,0,0,0,0,0,0,1,0,0,0,0,0,0,0
2017,556,0,0,0,0,0,0,0,0,0,0,0,1,0,0,0,0,1,0,1,0,0,0,0,0,0,0
2017,42,0,0,0,0,0,0,0,0,0,0,0,0,0,0,0,0,0,0,0,0,0,0,0,0,0,0
2017,31,0,0,0,0,0,0,0,0,1,0,0,1,0,0,1,0,0,0,0,0,1,1,0,1,0,1
2017,740,0,0,0,0,0,0,1,1,0,1,0,1,0,1,1,0,1,1,1,1,0,1,0,0,1,0
2017,217,0,0,0,0,1,0,0,0,0,0,0,0,0,0,1,0,1,0,1,0,0,0,0,0,0,0
2017,863,0,0,0,0,1,0,0,1,0,0,0,0,0,0,1,0,0,1,0,1,0,1,0,0,0,0
2017,889,0,0,1,0,0,0,0,1,1,0,0,1,1,1,0,0,1,1,1,1,0,1,0,0,1,1
2017,984,1,1,1,0,1,0,0,0,0,0,0,0,0,0,1,0,1,1,1,0,1,1,0,0,0,1
2017,1106,0,1,0,1,1,1,0,1,0,0,0,1,1,0,0,0,1,1,0,0,1,1,0,1,0,0
2017,1146,0,1,0,1,0,0,0,1,1,0,0,1,1,1,1,1,1,1,0,0,0,0,1,1,0,0
2017,34,0,0,0,0,0,0,0,0,0,0,0,1,0,0,1,0,1,1,0,0,0,1,0,0,1,0
2017,791,0,0,0,0,1,0,0,0,1,0,0,0,0,0,1,1,1,1,1,0,0,0,0,0,0,0
2017,181,0,0,0,0,0,0,0,0,0,0,0,0,0,0,1,1,1,0,0,0,0,0,0,0,0,0
2017,430,0,0,0,0,0,0,0,1,1,0,0,1,0,0,0,0,1,0,1,0,0,1,0,0,0,0
2017,715,0,0,0,0,0,0,0,0,0,0,0,0,0,0,0,0,1,0,1,0,0,1,0,0,0,0
2017,521,0,0,0,0,0,0,0,0,0,0,0,0,0,0,0,0,0,0,0,0,0,0,0,0,0,0
2017,524,1,0,0,0,1,0,0,0,0,0,0,0,0,0,0,0,0,0,0,0,0,1,1,0,0,0
2017,432,0,0,0,1,0,1,0,1,1,0,0,0,0,0,1,1,1,1,0,0,0,0,0,1,0,0
2017,19,0,0,0,0,0,0,0,1,1,0,1,1,0,0,1,1,1,1,0,0,0,0,0,0,0,0
2017,25,0,0,0,0,0,0,0,0,0,0,0,1,0,0,1,1,1,1,0,0,0,1,0,0,0,0
2017,26,0,0,0,0,0,0,0,0,1,0,0,1,0,0,1,1,1,1,0,0,0,0,0,0,0,0
2017,890,1,1,1,1,1,1,0,0,0,1,0,1,1,1,1,1,1,1,1,0,1,1,0,0,1,0
2017,904,0,1,0,1,1,1,0,0,1,0,0,0,0,0,1,0,1,1,1,0,0,1,0,0,1,0
2017,957,0,0,0,0,0,0,0,0,0,1,0,1,1,0,1,1,1,1,1,0,0,0,0,0,1,1
2017,939,0,0,0,0,0,0,0,0,1,1,0,1,0,1,0,0,1,1,1,0,0,1,1,0,1,0
2017,236,1,1,0,0,1,0,1,1,0,0,0,0,0,0,1,0,0,0,1,0,0,1,0,0,0,0
2017,735,0,0,0,0,0,0,0,0,1,1,0,1,1,0,0,0,1,1,1,1,0,0,0,0,0,0
2017,146,0,0,0,0,0,0,0,0,0,0,0,0,0,0,0,0,0,0,0,0,0,1,0,0,0,0
2017,363,0,1,0,1,1,1,0,1,0,0,0,1,0,0,1,1,1,1,0,0,0,1,0,0,0,0
2017,187,0,0,0,0,1,0,0,1,0,0,0,0,0,0,1,0,0,0,1,0,0,1,0,0,0,0
2017,265,0,0,0,0,0,0,0,1,0,0,0,1,0,0,1,0,0,0,0,0,0,1,0,0,0,0
2017,295,0,1,0,1,1,1,0,1,0,0,0,1,1,0,1,0,1,1,0,0,0,1,0,1,0,0
2017,496,1,1,1,1,1,1,1,0,0,0,0,1,0,0,1,1,1,1,1,1,0,1,0,1,0,1
2017,77,0,0,0,0,0,0,0,0,0,0,0,0,0,0,0,0,0,0,0,0,0,1,0,0,0,0
2017,391,1,1,0,1,0,0,0,0,0,0,0,1,0,0,1,1,1,1,0,0,0,0,0,0,0,0
2017,240,0,1,1,0,1,1,0,1,1,1,0,1,1,0,1,1,1,1,1,0,0,1,0,1,0,1
2017,448,0,0,0,0,0,0,0,0,0,0,0,0,0,0,0,0,0,0,0,0,0,0,0,0,0,0
2017,151,0,0,0,0,0,0,0,0,0,0,0,0,0,0,0,0,0,1,0,1,0,1,1,0,0,0
2017,615,1,1,0,1,1,1,0,0,0,0,0,0,1,1,0,0,1,1,1,0,1,1,1,0,0,0
2017,626,0,1,0,1,0,1,0,1,0,0,0,1,0,0,1,0,1,1,0,0,0,1,0,0,0,0
2017,417,0,1,0,1,0,1,1,1,1,0,0,1,0,0,1,0,1,1,1,0,0,1,0,0,0,1
2017,597,0,0,0,0,1,0,1,1,1,0,0,1,0,0,0,1,1,1,0,0,0,0,1,0,0,0
2017,539,0,0,0,0,1,0,1,1,1,0,0,1,0,0,1,0,1,1,1,1,1,1,0,0,0,0
2017,343,0,0,0,0,0,0,1,1,1,0,0,1,1,0,0,0,1,1,1,0,1,1,1,0,0,0
2017,135,0,0,0,0,0,0,1,0,0,0,0,1,0,0,1,0,1,1,1,1,0,1,0,0,0,0
2017,158,0,0,0,0,0,0,0,0,0,0,0,1,0,0,1,0,1,1,1,0,0,1,0,0,0,0
2017,775,0,1,0,0,0,0,0,0,0,0,0,0,0,0,0,0,1,1,1,1,1,1,0,0,0,0
2017,177,0,1,1,1,1,1,1,1,0,0,0,0,0,0,1,1,1,1,1,1,0,0,0,1,0,1
2017,578,1,1,0,0,1,0,1,0,1,0,0,0,0,0,0,0,0,1,0,0,1,1,1,0,0,0
2017,416,1,1,0,1,1,1,0,0,0,0,0,0,0,0,1,1,1,1,0,0,0,0,0,0,0,0
2017,561,0,0,0,0,0,0,0,1,1,0,0,1,0,1,1,0,1,0,1,0,0,1,0,0,0,0
2017,62,0,0,0,0,0,0,0,0,0,0,0,0,0,0,0,0,1,0,0,0,1,1,0,0,0,0
2017,828,0,0,0,1,0,1,0,0,0,0,0,1,0,0,1,1,1,1,0,0,0,1,0,1,0,1
2017,860,0,1,0,0,1,1,1,1,0,0,0,0,0,0,0,0,1,1,1,0,1,1,1,0,0,0
2017,935,0,0,0,0,0,0,0,1,1,0,1,1,1,1,0,0,1,1,1,0,1,1,1,1,0,0
2017,936,0,0,0,1,0,1,1,0,0,0,0,1,0,0,1,1,1,1,0,0,0,0,0,1,0,0
2017,986,0,0,0,0,0,0,0,0,1,0,0,1,0,0,0,0,1,1,1,0,1,1,0,0,0,0
2017,987,1,1,0,1,1,1,0,0,0,0,0,0,1,0,0,0,1,1,1,0,1,1,1,0,0,0
2017,1021,0,0,0,1,0,1,0,0,0,0,0,1,0,0,1,1,1,1,0,0,0,1,0,1,0,0
2017,1085,0,0,0,0,0,1,0,1,1,0,1,1,0,1,1,0,1,1,0,0,0,1,1,1,0,0
2017,658,0,0,0,0,0,0,0,0,1,1,0,0,0,1,1,0,1,0,1,0,0,0,1,0,1,0
2017,353,0,0,0,0,0,0,0,0,0,0,0,0,0,0,0,0,1,0,0,0,0,0,0,1,0,1
2017,323,0,0,0,0,0,0,0,0,0,0,0,0,0,0,1,0,0,0,0,0,0,0,0,0,0,0
2017,620,0,0,0,0,0,0,0,0,0,1,0,0,0,0,0,0,1,0,1,0,0,1,0,0,1,1
2017,384,0,0,0,0,0,0,0,0,0,0,0,0,0,0,1,0,1,1,1,1,0,1,0,0,0,0
2017,554,0,0,0,0,0,0,0,0,0,1,0,0,0,0,0,0,1,1,1,0,0,1,1,0,1,0
2017,209,0,0,0,0,0,0,0,1,1,0,0,1,0,0,0,0,0,0,0,0,0,0,0,0,0,0
2017,707,1,0,0,0,0,0,0,0,1,1,0,1,0,0,1,0,1,0,1,1,0,1,0,0,1,0
2017,395,0,0,0,0,0,0,0,1,1,0,0,1,0,1,0,0,1,1,1,0,1,1,0,0,0,0
2017,969,1,1,0,1,1,1,0,0,0,0,0,0,0,1,1,1,1,1,0,0,0,0,1,0,1,0
2017,1052,0,0,0,0,0,0,0,0,0,0,0,0,0,0,1,0,1,1,1,0,0,0,0,1,0,0
2017,739,0,1,0,1,0,0,0,0,1,1,0,1,1,1,1,1,1,1,1,1,0,0,1,0,1,1
2017,613,0,0,0,0,0,0,0,0,0,0,0,0,0,0,1,0,1,1,1,1,0,1,1,0,1,1
2017,593,0,1,0,0,0,0,0,0,1,0,0,1,0,1,1,0,1,1,1,1,0,1,0,0,1,1
2017,704,0,0,0,0,0,0,1,0,0,1,0,0,0,0,1,0,1,1,1,0,0,1,1,0,1,1
2017,493,0,0,0,0,0,0,0,0,0,0,0,0,0,0,1,0,1,1,1,0,0,0,0,0,0,0
2017,686,0,1,0,0,0,0,1,0,0,1,0,0,0,0,1,0,1,1,1,0,0,1,1,0,1,1
2017,257,1,0,0,0,1,1,0,0,0,0,0,0,0,0,1,0,0,0,1,0,0,0,0,0,0,0
2017,494,0,0,0,0,1,0,0,0,0,0,0,0,0,0,0,0,0,0,0,0,1,1,0,0,0,0
2017,681,0,0,0,0,0,0,0,0,0,0,0,0,0,0,1,0,1,1,1,0,1,1,0,0,0,0
2017,286,1,0,0,0,1,0,0,0,0,0,0,0,0,0,1,0,0,0,0,0,0,1,0,0,0,0
2017,255,1,0,0,0,1,0,0,0,0,0,0,0,0,0,1,0,1,1,0,0,0,1,0,0,0,0
2017,79,0,0,0,0,0,0,0,0,0,0,0,0,0,0,1,1,1,1,0,0,0,0,0,0,0,0
2017,81,0,0,0,0,0,0,0,0,0,0,0,1,1,0,1,1,1,1,0,0,0,0,0,0,1,0
2017,688,0,1,0,0,0,0,0,0,0,1,0,0,0,1,1,0,1,1,1,0,0,1,1,0,1,1
2017,531,0,1,0,0,0,0,0,0,1,1,0,1,1,1,1,0,1,1,1,1,0,1,0,0,1,1
2017,514,0,0,0,0,0,0,0,0,1,1,0,0,0,0,1,0,1,1,1,1,0,1,0,1,1,1
2017,499,0,0,0,0,0,0,0,1,1,0,0,1,0,0,1,1,1,1,0,1,0,1,1,0,0,0
2017,532,0,1,0,0,0,0,0,0,0,1,0,0,0,0,1,0,1,1,1,0,0,1,0,0,1,1
2017,190,0,0,0,0,0,0,1,0,1,0,0,0,0,0,1,0,1,1,1,1,0,1,0,0,0,0
2017,598,0,0,1,0,0,0,0,0,0,0,0,0,0,0,1,0,1,1,1,1,0,1,0,0,1,1
2017,260,0,0,0,0,0,0,0,0,0,0,0,0,0,0,1,0,0,0,0,0,0,1,0,0,0,0
2017,838,0,0,0,0,0,0,0,1,1,0,0,0,0,0,0,0,0,1,0,0,0,0,0,0,0,0
2017,839,0,1,0,1,1,1,1,1,0,0,0,0,0,0,1,0,1,1,0,0,0,1,0,0,0,0
2017,851,0,0,0,0,0,0,1,0,0,0,0,0,0,0,0,0,0,1,0,0,0,0,0,0,0,1
2017,852,0,0,0,0,0,0,1,1,1,0,0,1,1,1,1,0,1,1,1,0,0,1,0,0,0,0
2017,988,0,0,0,0,0,0,0,0,0,0,0,0,0,0,0,0,1,1,1,1,1,1,0,0,0,0
2017,1056,1,0,0,0,1,0,1,1,0,0,0,1,0,0,1,0,1,1,1,1,0,1,0,0,0,0
2017,1044,0,0,0,0,0,0,0,0,0,0,0,0,0,0,0,0,0,0,0,0,0,0,0,0,0,0
2017,1114,0,1,0,1,1,1,0,0,1,0,0,1,0,1,0,0,1,1,1,0,1,1,1,0,1,1
2017,1129,0,1,0,1,1,1,0,1,0,1,0,0,0,1,1,0,1,1,0,1,1,1,0,1,0,0
2017,644,0,0,0,0,0,0,0,0,0,1,0,1,0,1,0,0,1,1,1,1,0,1,0,0,1,0
2017,752,0,0,0,0,0,0,0,0,1,1,0,1,1,1,0,0,1,1,1,1,0,1,1,0,0,0
2017,238,0,0,0,1,0,1,1,1,1,1,0,1,0,0,1,1,1,1,1,1,0,0,0,0,1,0
2017,325,0,0,0,0,0,0,0,0,0,0,0,1,0,0,1,1,1,1,0,0,0,1,0,1,0,1
2017,622,0,0,0,0,0,0,0,0,1,0,0,0,0,0,0,0,1,1,1,0,0,1,0,0,0,0
2017,879,0,1,0,0,1,0,0,1,0,0,0,0,0,0,0,0,0,0,0,0,1,1,0,1,0,0
2017,906,0,1,0,0,1,0,0,0,0,0,0,0,0,0,1,0,0,0,0,0,0,1,0,0,0,0
2017,370,0,1,0,1,0,1,0,0,1,0,0,0,0,0,1,1,1,1,0,0,0,1,0,0,0,0
2017,418,0,1,0,0,0,0,1,1,0,0,0,1,0,0,0,0,1,1,1,0,1,1,0,0,0,0
2017,574,0,0,0,0,0,0,0,1,1,0,0,1,0,0,1,0,1,1,1,0,1,1,0,0,0,0
2017,399,0,0,0,0,0,0,0,1,0,0,0,1,0,0,0,0,0,0,0,0,1,1,0,0,0,0
2017,195,0,0,0,0,0,0,0,1,0,0,0,1,0,0,0,1,0,0,0,0,0,1,0,0,0,0
2017,783,0,0,0,0,0,0,1,0,1,0,0,0,0,1,1,0,1,1,1,0,0,1,0,0,0,0
2017,263,1,1,1,0,1,0,0,0,0,0,0,0,0,0,0,0,1,0,0,0,1,1,0,0,0,0
2017,194,0,0,0,1,0,0,0,1,1,0,0,1,0,0,0,0,1,0,0,0,1,1,0,0,0,0
2017,214,0,0,0,0,0,0,0,1,0,0,0,0,0,0,0,0,0,0,0,0,0,1,0,0,0,0
2017,785,1,1,1,1,1,1,0,0,1,0,0,1,1,1,1,0,0,1,0,1,0,1,1,0,0,0
2017,780,0,0,0,0,0,0,0,0,1,0,0,0,0,0,1,0,1,1,1,0,0,1,0,0,0,0
2017,782,0,0,0,0,0,0,0,0,1,0,0,0,0,1,1,1,0,1,0,1,1,0,0,0,0,0
2017,369,0,0,0,0,0,0,0,0,0,0,0,0,0,0,1,1,0,0,1,1,0,0,0,0,0,0
2017,713,0,1,0,0,1,1,0,1,0,0,0,0,0,0,1,0,1,1,1,0,0,1,0,0,0,0
2017,941,0,1,0,0,0,0,0,0,0,0,0,1,0,0,1,1,1,1,0,0,0,0,0,0,0,0
2017,1091,0,0,0,0,0,0,0,0,0,0,0,0,0,0,0,0,0,0,1,0,0,0,0,0,0,0
2017,1045,1,1,0,0,1,1,0,0,0,0,0,0,0,0,1,0,1,1,0,0,0,1,0,0,0,0
2017,1086,1,1,0,1,1,0,1,1,0,0,0,0,1,0,1,0,1,1,1,0,0,1,1,0,0,0
2017,937,1,1,1,1,1,1,0,0,1,1,0,0,0,0,1,0,1,1,1,0,0,1,0,0,1,0
2017,1004,0,1,0,0,1,0,0,1,0,0,0,0,0,0,0,0,0,0,0,0,1,1,0,0,0,0
2017,737,0,0,0,0,0,0,0,0,1,1,0,0,0,0,0,0,1,1,1,0,0,0,0,0,1,0
2017,765,0,0,0,0,0,0,0,0,1,1,0,0,0,1,0,0,1,0,1,0,0,0,0,0,1,0
2017,329,0,0,0,0,0,0,0,0,1,0,0,1,0,0,0,0,1,1,1,0,0,1,0,1,1,0
2017,87,0,0,0,0,0,0,0,0,0,0,0,0,0,0,1,1,1,1,1,0,0,0,0,0,0,0
2017,527,0,0,0,0,0,0,0,0,1,0,0,0,0,0,1,1,1,1,1,0,0,1,0,1,0,0
2017,562,1,1,0,1,1,1,0,0,0,0,0,0,0,0,1,0,1,1,1,0,0,1,0,0,0,0
2017,251,0,1,0,1,1,1,0,1,0,0,0,0,0,0,1,0,1,1,0,0,0,1,0,0,0,0
2017,129,0,0,0,0,0,1,0,0,0,0,0,1,0,0,1,1,1,1,1,0,0,0,0,0,0,0
2017,154,0,0,0,0,1,0,0,0,0,0,0,0,0,0,1,0,1,0,0,0,0,1,0,0,0,1
2017,516,1,1,0,1,1,0,0,0,0,0,0,0,0,0,1,0,1,1,0,0,0,0,0,0,0,0
2017,184,0,1,0,1,1,1,0,1,0,0,0,0,0,0,1,1,1,1,0,0,0,0,0,0,1,0
2017,652,0,0,0,0,0,0,0,0,0,0,0,0,0,0,1,0,1,1,1,0,0,1,0,0,0,0
2017,637,0,0,0,1,0,0,0,1,1,0,0,0,0,0,1,0,1,1,1,0,0,0,0,0,1,0
2017,88,0,0,0,0,0,0,0,0,0,0,0,0,0,0,0,0,0,0,0,1,0,0,0,0,0,0
2017,907,0,0,0,0,0,0,0,0,0,0,0,0,0,0,1,0,1,1,0,0,0,1,0,0,0,0
2017,970,0,0,0,0,0,0,0,0,0,0,0,0,0,0,1,1,1,1,1,0,0,0,0,0,0,0
2017,1019,0,1,0,0,0,0,0,0,1,0,0,0,0,0,1,0,1,1,0,0,0,1,0,0,1,0
