año,NCODI,camas_instalada,incubadoras_instalada,paritorios_instalada,quirofanos_instalada,salasHemo_instalada,camas_funcionamiento,incubadoras_funcionamiento,paritorios_funcionamiento,quirofanos_funcionamiento,salasHemo_funcionamiento,salas_rx_Hospital,salas_rx_CEP,puesto_HDia_medico,puesto_HDia_psiquiatrico,puesto_HDia_geriatrico,integradasPuestos_HDia_CMA,propiasPuestos_HDia_CMA,propiasQuirofanos_HDia_CMA
2017,113,175,0,0,0,0,168,0,0,0,0,0,0,0,1,0,0,0,0
2017,619,65,1,2,6,1,65,1,2,6,1,3,0,4,0,0,4,0,1
2017,163,20,0,0,4,0,20,0,0,4,0,5,0,0,0,0,0,9,4
2017,131,82,0,0,0,0,59,0,0,0,0,0,0,0,0,0,0,0,0
2017,375,63,0,0,0,0,63,0,0,0,0,1,0,0,0,0,0,0,0
2017,1090,791,23,3,23,2,724,21,3,22,2,10,6,86,4,0,60,0,2
2017,764,736,13,2,16,1,636,13,2,16,1,17,0,16,56,8,32,0,0
2017,14,42,3,2,3,0,40,3,2,3,0,1,0,5,0,0,3,0,3
2017,657,135,3,2,4,0,94,2,1,3,0,3,0,8,0,0,1,0,0
2017,362,65,2,1,3,1,65,2,1,3,1,7,0,0,0,0,8,0,0
2017,989,93,2,1,4,0,54,1,1,4,0,5,0,6,0,0,0,0,0
2017,990,114,1,1,4,0,89,1,1,4,0,2,0,13,0,0,0,8,0
2017,680,794,24,3,28,2,714,24,3,28,2,12,3,36,0,0,3,0,0
2017,411,106,4,1,9,2,106,4,1,9,2,2,0,6,0,0,0,0,0
2017,241,96,3,2,7,1,96,3,2,7,1,2,0,6,0,0,2,0,0
2017,558,287,4,3,7,0,227,4,3,7,0,9,1,20,0,0,1,11,1
2017,167,26,2,1,2,0,16,1,0,2,0,1,0,0,0,0,0,0,0
2017,248,163,0,0,4,1,163,0,0,4,1,2,0,10,0,0,0,0,0
2017,224,23,1,1,2,0,23,1,1,2,0,2,0,0,0,0,0,0,1
2017,591,412,15,2,15,1,390,15,2,15,1,10,0,62,2,0,0,0,4
2017,586,377,12,2,12,0,371,12,2,12,0,4,4,29,12,0,0,16,0
2017,453,179,0,0,0,0,113,0,0,0,0,2,0,1,0,0,0,0,0
2017,145,96,0,0,0,0,96,0,0,0,0,0,0,0,0,0,0,0,0
2017,511,270,11,2,9,0,264,11,2,9,0,6,3,10,0,0,0,14,0
2017,530,336,8,2,9,0,322,8,2,9,0,6,3,25,0,0,0,2,2
2017,6,66,3,1,8,0,55,3,1,8,0,1,0,0,0,0,10,0,0
2017,161,431,0,0,0,0,275,0,0,0,0,0,0,0,0,0,0,0,0
2017,623,390,14,2,10,2,364,14,2,10,2,8,2,18,0,0,0,0,0
2017,349,19,0,0,1,0,19,0,0,1,0,1,0,0,0,0,0,0,0
2017,875,96,0,0,7,1,96,0,0,7,1,2,0,6,0,0,2,0,0
2017,946,140,3,1,4,1,140,3,1,4,1,3,0,0,0,0,0,0,0
2017,1023,277,6,5,11,1,238,6,5,11,1,3,0,38,0,0,29,0,0
2017,1054,267,12,2,15,1,211,6,2,13,1,6,0,16,0,0,0,24,2
2017,1057,107,0,0,0,0,83,0,0,0,0,4,0,0,0,0,0,0,0
2017,1031,40,0,0,0,0,8,0,0,0,0,0,0,1,0,0,0,0,0
2017,1032,230,8,8,12,1,195,8,8,12,1,4,0,25,0,0,31,0,0
2017,1064,100,2,2,9,1,100,2,2,9,1,1,0,0,0,0,0,0,0
2017,226,82,2,1,5,1,82,2,1,5,1,2,0,0,0,0,5,0,5
2017,687,202,6,5,7,0,164,6,5,7,0,4,0,12,20,0,0,12,1
2017,745,713,27,3,16,2,704,27,3,16,2,7,4,69,52,0,0,29,2
2017,109,86,3,2,11,1,84,3,2,6,1,4,0,0,0,0,1,0,0
2017,808,309,10,8,9,0,281,7,8,7,0,5,0,1,22,0,0,17,7
2017,971,33,0,0,6,0,5,0,0,6,0,1,0,1,0,0,12,0,0
2017,128,33,1,1,3,0,33,0,0,3,0,1,0,3,0,0,2,2,1
2017,919,430,8,2,8,0,386,8,2,8,0,5,3,34,8,0,0,0,0
2017,725,915,28,3,32,2,797,28,3,32,2,16,0,91,0,0,0,20,3
2017,3,101,0,0,0,0,82,0,0,0,0,0,0,0,0,0,0,0,0
2017,306,281,0,0,0,0,281,0,0,0,0,0,0,0,0,0,0,0,0
2017,15,29,0,0,3,0,20,0,0,2,0,1,0,3,0,0,3,0,0
2017,264,76,3,0,4,0,76,3,1,4,0,2,0,10,0,0,0,0,0
2017,867,9,0,0,2,0,5,0,0,2,0,1,0,0,0,0,0,0,0
2017,910,227,2,1,11,0,199,2,1,11,0,8,0,16,0,0,1,10,1
2017,1053,325,7,2,8,0,288,7,2,8,0,6,1,10,0,0,0,14,3
2017,1055,381,8,3,15,1,366,8,3,14,1,18,0,40,0,0,0,35,5
2017,1081,100,0,0,0,0,70,0,0,0,0,0,0,0,0,0,0,0,0
2017,1099,20,0,2,5,0,20,0,0,3,0,1,0,1,0,0,0,0,0
2017,1115,21,0,0,2,0,2,0,0,2,0,1,0,0,0,0,0,0,2
2017,529,100,0,0,0,0,89,0,0,0,0,1,0,0,0,0,0,0,0
2017,345,170,0,0,0,0,168,0,0,0,0,0,0,0,0,0,0,0,0
2017,515,40,0,0,3,0,40,0,0,3,0,2,0,0,0,0,0,0,0
2017,174,63,0,0,3,0,62,0,0,3,0,0,0,0,0,0,0,0,3
2017,523,197,0,0,3,0,189,0,0,3,0,5,0,0,0,25,3,0,0
2017,697,193,9,3,6,1,193,9,3,6,1,5,0,1,1,1,1,1,1
2017,239,196,0,0,5,1,83,0,0,4,1,3,0,10,0,0,5,0,0
2017,287,287,4,3,11,1,287,1,3,11,1,6,0,0,0,16,0,0,0
2017,377,106,0,0,0,0,88,0,0,0,0,1,0,0,0,0,0,0,0
2017,692,273,10,5,8,0,262,9,5,8,0,3,0,28,15,0,0,0,0
2017,435,68,1,1,3,1,68,1,1,3,1,2,0,0,0,0,0,0,0
2017,423,31,3,1,2,0,31,2,1,2,0,2,0,0,0,0,2,3,2
2017,351,85,0,0,3,0,52,0,0,3,0,2,0,0,0,0,3,2,1
2017,810,9,0,1,1,0,9,0,1,1,0,1,0,0,0,0,1,1,1
2017,830,224,6,2,8,0,224,6,2,8,0,3,0,7,0,0,10,0,2
2017,892,419,19,6,13,0,361,10,6,13,0,5,0,30,24,0,0,31,13
2017,921,170,4,4,9,1,170,4,4,9,1,2,0,1,0,0,6,6,0
2017,991,12,1,1,1,0,12,1,1,1,0,1,0,0,0,0,0,0,0
2017,992,165,6,1,6,0,165,2,1,6,0,4,0,7,15,0,8,12,1
2017,993,142,5,3,5,0,112,5,3,5,0,2,1,29,13,0,0,6,1
2017,1070,822,30,6,27,3,747,30,6,25,3,10,0,43,40,0,0,0,7
2017,1095,70,0,0,2,0,38,0,0,2,0,1,0,0,0,0,0,0,0
2017,1094,34,0,0,4,0,7,0,0,4,0,1,0,1,0,0,0,4,4
2017,1124,15,0,0,3,0,15,0,0,3,0,1,0,0,0,0,5,10,3
2017,473,69,27,7,6,0,69,27,7,6,0,2,0,1,0,0,0,0,4
2017,663,406,9,2,11,1,397,9,2,11,1,4,2,53,13,0,7,0,0
2017,552,90,0,0,6,0,69,0,0,6,0,4,0,16,0,0,14,0,0
2017,772,641,0,0,25,2,641,0,0,25,2,8,0,70,56,50,0,0,6
2017,568,62,0,0,4,0,51,0,0,4,0,2,0,0,0,0,0,0,0
2017,398,132,0,0,5,0,100,0,0,5,0,2,0,0,0,0,0,0,0
2017,394,55,0,0,2,0,55,0,0,2,0,2,0,0,0,0,0,0,0
2017,614,22,0,0,2,0,22,0,0,2,0,0,0,0,0,0,0,7,0
2017,235,33,0,0,4,0,24,0,0,3,0,2,0,0,0,0,0,0,0
2017,616,90,0,0,6,0,58,0,0,6,0,0,0,19,0,0,0,15,0
2017,267,158,4,2,9,1,140,4,2,9,1,3,0,0,0,0,0,6,1
2017,565,168,0,0,5,0,168,0,0,5,0,1,0,14,15,0,0,22,0
2017,220,138,3,3,9,0,138,3,3,9,0,3,0,17,0,0,0,0,0
2017,278,154,6,3,8,0,154,6,3,8,0,0,0,0,0,0,0,0,0
2017,107,112,0,0,0,0,112,0,0,0,0,0,0,0,15,55,0,0,0
2017,711,623,17,3,22,3,557,17,3,22,3,7,0,93,42,0,22,0,0
2017,204,116,0,0,0,0,116,0,0,0,0,1,0,0,0,22,0,0,0
2017,579,31,0,0,2,0,31,0,0,2,0,4,0,0,0,0,0,0,0
2017,348,152,0,0,2,0,139,0,0,2,0,1,0,70,0,0,0,0,0
2017,766,116,0,0,8,0,110,0,0,8,0,5,0,8,0,0,0,0,0
2017,761,317,0,0,0,0,317,0,0,0,0,0,0,0,25,60,0,0,0
2017,728,336,0,0,19,0,289,0,0,19,0,6,0,11,0,0,0,17,4
2017,280,152,12,4,10,1,152,12,4,10,1,5,0,11,0,0,0,12,3
2017,222,44,0,0,6,0,44,0,0,6,0,0,0,1,0,0,0,0,0
2017,276,202,10,3,14,1,202,10,3,14,1,8,0,16,0,0,18,0,0
2017,11,201,0,2,7,1,170,0,2,7,0,4,0,10,0,0,0,2,0
2017,302,60,2,1,3,0,60,2,1,3,0,0,0,0,0,0,1,1,1
2017,682,161,0,0,8,0,161,0,0,8,0,1,0,11,0,0,0,0,0
2017,279,181,20,5,10,1,181,20,5,10,1,4,0,10,0,0,0,10,4
2017,282,258,11,3,21,1,258,11,3,21,1,8,0,11,0,0,0,31,4
2017,281,273,8,5,10,1,273,8,4,10,1,3,0,10,0,0,0,15,0
2017,183,30,0,0,3,0,30,0,0,3,0,1,0,6,0,0,0,0,0
2017,610,43,0,0,5,0,43,0,0,5,0,1,0,0,0,0,0,19,0
2017,116,428,0,0,0,0,389,0,0,0,0,0,0,0,0,20,0,0,0
2017,115,50,0,0,0,0,50,0,0,0,0,1,0,0,0,0,0,0,0
2017,114,74,0,0,0,0,74,0,0,0,0,0,0,0,0,0,0,0,0
2017,119,30,0,0,4,0,30,0,0,4,0,1,0,0,0,0,0,0,0
2017,770,570,13,3,24,2,570,13,3,24,2,16,0,31,18,0,0,9,5
2017,583,130,0,0,4,0,116,0,0,4,0,4,0,23,0,0,0,0,4
2017,136,209,0,0,0,0,209,0,0,0,0,1,0,0,0,46,0,0,0
2017,469,108,2,1,3,0,99,2,1,3,0,2,0,12,0,15,9,9,0
2017,642,210,2,3,5,0,210,2,3,5,0,5,0,7,0,20,0,0,0
2017,674,327,37,6,15,1,310,37,6,15,1,10,1,24,100,0,0,26,5
2017,193,149,0,0,0,0,149,0,0,0,0,1,0,0,0,17,0,0,0
2017,526,332,12,2,9,0,328,12,2,9,0,8,0,34,0,68,0,10,0
2017,698,819,0,0,32,2,668,0,0,32,2,10,0,19,10,0,0,24,7
2017,630,81,3,2,10,0,68,3,2,10,0,4,0,8,0,0,0,11,0
2017,124,140,0,0,0,0,130,0,0,0,0,0,0,0,0,30,0,0,0
2017,364,74,0,0,0,0,68,0,0,0,0,0,0,0,0,35,0,0,0
2017,439,56,4,2,5,0,56,4,2,5,0,2,0,4,0,0,0,0,1
2017,570,488,8,5,17,0,488,8,5,17,0,5,0,57,31,0,0,0,2
2017,123,190,0,0,0,0,153,0,0,0,0,0,0,0,0,58,0,0,0
2017,310,415,0,0,0,0,412,0,0,0,0,0,0,0,55,57,0,0,0
2017,571,129,2,2,5,0,129,2,2,5,0,3,0,16,0,0,0,1,1
2017,296,177,0,0,0,0,177,0,0,0,0,1,0,0,0,22,0,0,0
2017,566,155,4,3,7,0,118,0,3,7,0,3,0,20,20,0,11,0,0
2017,784,760,18,6,16,0,760,18,6,16,0,6,0,109,60,18,0,17,4
2017,102,666,0,0,0,0,666,0,0,0,0,1,0,0,16,20,0,0,0
2017,379,456,0,0,0,0,453,0,0,0,0,0,0,0,104,0,0,0,0
2017,639,246,1,5,7,0,199,1,5,7,0,0,0,6,0,0,0,8,0
2017,457,83,0,0,2,0,74,0,0,2,0,2,0,2,0,0,10,0,0
2017,609,334,10,2,15,2,305,10,2,15,2,14,0,8,10,0,9,0,0
2017,101,82,0,0,0,0,82,0,0,0,0,0,0,0,0,20,0,0,0
2017,454,231,2,1,4,0,228,2,1,4,0,3,0,20,0,0,0,4,1
2017,318,356,0,0,0,0,333,0,0,0,0,0,0,0,20,25,0,0,0
2017,600,177,2,5,8,0,138,2,5,8,0,3,0,20,0,0,0,16,0
2017,545,457,19,3,14,0,342,14,3,14,0,5,0,56,20,33,0,0,0
2017,100,75,0,0,0,0,75,0,0,0,0,0,0,0,0,32,0,0,0
2017,702,403,9,3,17,2,403,9,3,17,2,5,4,22,35,0,0,21,4
2017,778,222,3,5,10,0,189,3,5,8,0,4,0,60,22,0,0,22,3
2017,341,65,1,1,2,0,65,0,0,2,0,2,0,0,0,0,0,0,0
2017,99,103,0,0,0,0,100,0,0,0,0,0,0,0,0,50,0,0,0
2017,767,117,0,0,5,0,117,0,0,5,0,6,0,8,0,0,0,0,0
2017,359,110,0,0,2,0,110,0,0,2,0,2,0,0,0,30,4,8,2
2017,98,109,0,0,0,0,106,0,0,0,0,0,0,0,0,25,0,0,0
2017,132,125,0,0,0,0,105,0,0,0,0,0,0,0,0,0,0,0,0
2017,97,122,0,0,0,0,120,0,0,0,0,0,0,0,0,30,0,0,0
2017,103,42,0,0,0,0,41,0,0,0,0,0,0,0,0,20,0,0,0
2017,110,55,0,0,0,0,55,0,0,0,0,0,0,0,0,0,0,0,0
2017,94,30,0,0,0,0,30,0,0,0,0,0,0,0,0,0,0,0,0
2017,91,60,0,0,0,0,60,0,0,0,0,0,0,0,0,18,0,0,0
2017,664,343,3,2,12,0,343,3,2,12,0,8,0,55,25,0,17,0,0
2017,918,1106,45,6,39,3,1066,45,6,39,3,13,0,211,0,0,0,0,6
2017,92,56,0,0,0,0,56,0,0,0,0,0,0,0,0,0,0,0,0
2017,95,167,0,0,0,0,167,0,0,0,0,0,0,0,0,24,0,0,0
2017,301,20,0,0,4,0,20,0,0,4,0,1,1,0,0,0,0,0,0
2017,492,120,2,1,6,0,98,2,1,6,0,3,0,17,0,0,0,11,1
2017,811,68,0,1,1,1,68,0,1,1,1,1,0,3,0,0,0,0,0
2017,812,85,0,0,1,0,85,0,0,1,0,0,0,40,0,0,0,0,0
2017,832,20,0,0,0,0,20,0,0,0,0,0,0,0,0,0,0,0,0
2017,841,12,0,0,0,0,12,0,0,0,0,0,0,0,0,25,0,0,0
2017,856,113,0,0,0,0,92,0,0,0,0,0,0,0,0,30,0,0,0
2017,859,90,0,0,0,0,90,0,0,0,0,0,0,0,15,0,0,0,0
2017,861,40,0,0,0,0,40,0,0,0,0,0,0,0,0,0,0,0,0
2017,880,96,0,0,0,0,96,0,0,0,0,0,0,0,0,40,0,0,0
2017,883,153,0,0,0,0,153,0,0,0,0,0,0,0,16,0,0,0,0
2017,884,141,0,0,0,0,99,0,0,0,0,0,0,0,0,30,0,0,0
2017,877,38,0,0,0,0,38,0,0,0,0,0,0,0,0,0,0,0,0
2017,911,363,0,0,0,0,363,0,0,0,0,0,0,0,0,33,0,0,0
2017,913,30,0,0,0,0,30,0,0,0,0,0,0,0,19,0,0,0,0
2017,922,87,5,3,8,1,80,5,3,8,1,2,0,0,0,0,0,0,0
2017,923,143,0,0,0,0,143,0,0,0,0,0,0,0,0,0,0,0,0
2017,924,43,0,0,0,0,43,0,0,0,0,0,0,27,0,0,0,0,0
2017,947,26,0,0,0,0,26,0,0,0,0,0,0,0,0,0,0,0,0
2017,951,51,0,0,0,0,51,0,0,0,0,0,0,0,0,21,0,0,0
2017,1103,123,0,0,0,0,121,0,0,0,0,0,0,0,0,30,0,0,0
2017,972,28,0,0,0,0,28,0,0,0,0,0,0,0,0,0,0,0,0
2017,973,51,0,0,2,1,30,0,0,2,1,2,0,0,0,0,15,10,2
2017,974,153,0,0,0,0,153,0,0,0,0,0,0,0,0,0,0,0,0
2017,975,101,0,0,0,0,101,0,0,0,0,0,0,0,0,25,0,0,0
2017,960,187,0,0,0,0,187,0,0,0,0,0,0,0,0,40,0,0,0
2017,1028,5,0,0,0,0,5,0,0,0,0,0,0,0,0,0,0,0,0
2017,976,195,0,0,0,0,189,0,0,0,0,0,0,0,15,35,0,0,0
2017,977,174,0,0,0,0,174,0,0,0,0,0,0,0,0,0,0,0,0
2017,1020,22,0,0,0,0,22,0,0,0,0,0,0,0,15,0,0,0,0
2017,994,245,6,3,5,0,238,6,3,5,0,6,0,23,0,0,0,30,0
2017,995,84,0,0,0,0,78,0,0,0,0,0,0,0,0,30,0,0,0
2017,1060,25,0,0,0,0,25,0,0,0,0,0,0,0,35,0,0,0,0
2017,1005,56,0,0,0,0,56,0,0,0,0,0,0,0,0,0,0,0,0
2017,1061,10,0,0,0,0,10,0,0,0,0,0,0,0,0,0,0,0,0
2017,1062,38,0,0,0,0,38,0,0,0,0,0,0,0,0,0,0,0,0
2017,1006,52,0,0,0,0,52,0,0,0,0,0,0,0,20,0,0,0,0
2017,1088,10,0,0,5,0,5,0,0,4,0,0,0,0,0,0,0,0,0
2017,1089,106,0,0,9,0,46,0,0,6,0,3,0,6,0,0,8,0,0
2017,1076,4,0,0,0,0,4,0,0,0,0,0,0,0,0,0,0,0,0
2017,1078,98,0,0,0,0,98,0,0,0,0,0,0,0,0,0,0,0,0
2017,1033,421,0,0,12,0,358,0,0,12,0,4,0,47,0,0,0,8,0
2017,1037,35,0,0,0,0,35,0,0,0,0,0,0,0,30,0,0,0,0
2017,1039,60,0,0,0,0,60,0,0,0,0,0,0,0,10,0,0,0,0
2017,1067,209,0,0,0,0,209,0,0,0,0,0,0,0,0,50,0,0,0
2017,1065,228,0,0,0,0,228,0,0,0,0,1,0,0,0,0,0,0,0
2017,1066,96,4,3,9,0,96,4,3,9,0,2,3,6,0,0,0,12,0
2017,1100,109,0,0,0,0,73,0,0,0,0,0,0,0,0,23,0,0,0
2017,1105,245,0,0,0,0,245,0,0,0,0,0,0,0,0,0,0,0,0
2017,1107,17,0,0,3,0,17,0,0,3,0,0,0,0,0,0,0,3,3
2017,1111,100,0,0,0,0,100,0,0,0,0,0,0,0,20,0,0,0,0
2017,1121,28,0,0,0,0,28,0,0,0,0,0,0,0,0,0,0,0,0
2017,1119,46,0,0,0,0,46,0,0,0,0,0,0,0,0,0,0,0,0
2017,207,92,2,1,7,0,92,2,1,7,0,4,0,8,0,0,0,0,0
2017,431,160,0,0,1,0,91,0,0,1,0,1,0,2,0,0,0,2,0
2017,387,123,4,2,3,0,110,2,2,3,0,3,0,6,0,0,1,0,0
2017,179,75,0,0,0,0,75,0,0,0,0,1,0,0,0,0,0,0,0
2017,606,114,3,2,3,0,106,3,2,3,0,4,1,16,0,0,0,0,0
2017,925,865,28,8,24,1,809,28,8,21,1,15,0,58,49,0,35,0,0
2017,541,107,6,2,5,0,86,6,2,4,0,3,0,1,0,0,0,6,0
2017,797,102,2,2,5,0,102,2,2,5,0,4,0,4,0,0,0,8,0
2017,627,250,7,2,7,0,239,6,2,6,0,3,3,16,0,0,0,6,0
2017,173,330,0,0,0,0,330,0,0,0,0,0,0,0,4,0,0,0,0
2017,636,520,2,3,17,1,455,20,3,17,2,11,0,22,0,18,0,17,3
2017,205,33,0,0,3,0,33,0,0,3,0,1,0,0,0,0,0,0,0
2017,814,20,0,0,1,0,20,0,0,1,0,1,0,0,0,0,0,0,0
2017,881,34,2,1,3,1,34,2,1,3,1,1,0,0,0,0,0,0,0
2017,771,703,32,2,24,2,686,32,2,24,2,9,2,83,0,0,41,0,0
2017,533,48,5,1,1,1,34,1,1,1,1,1,0,1,0,0,4,0,1
2017,447,380,3,1,7,0,54,1,1,7,0,2,0,8,0,0,0,0,1
2017,815,14,0,1,3,0,9,0,0,3,0,1,0,0,0,0,0,0,0
2017,801,493,16,2,12,2,442,16,2,12,2,8,4,39,0,0,12,0,2
2017,800,126,0,0,5,0,106,0,0,5,0,2,0,0,0,0,0,0,1
2017,389,290,3,2,4,0,290,3,2,4,0,2,0,1,0,0,0,8,0
2017,695,345,5,2,11,1,345,5,2,11,1,5,2,36,4,0,4,12,3
2017,816,126,2,1,4,0,86,1,1,4,0,1,0,7,0,0,0,10,2
2017,833,110,2,1,5,0,110,2,1,5,0,3,0,5,0,0,9,10,1
2017,870,94,2,2,6,1,60,1,2,6,1,2,0,1,0,0,0,0,0
2017,927,51,1,1,2,0,45,0,1,2,0,1,0,1,0,0,0,0,1
2017,961,451,9,4,12,0,441,9,4,12,0,8,4,36,0,0,0,22,0
2017,962,40,0,0,3,0,38,0,0,3,0,1,0,0,0,0,2,0,3
2017,1079,40,2,1,2,1,5,2,1,2,1,1,0,2,0,0,0,0,0
2017,1101,69,3,1,4,1,69,3,1,4,1,1,0,1,0,0,2,0,0
2017,666,522,25,2,16,1,541,25,2,16,1,5,5,12,0,0,0,30,0
2017,392,128,0,0,0,0,116,0,0,0,0,2,0,0,0,0,0,0,0
2017,790,256,0,0,7,0,251,0,0,6,0,4,0,36,80,0,6,0,0
2017,650,152,2,2,5,0,152,2,2,5,0,3,0,14,0,0,0,0,0
2017,876,258,9,2,10,0,244,9,2,10,0,5,0,17,0,0,0,9,0
2017,944,29,0,0,4,0,15,0,0,4,0,2,0,0,0,0,0,0,0
2017,952,96,12,2,10,0,90,12,2,10,0,3,0,5,0,0,0,0,1
2017,54,87,0,0,0,0,87,0,0,0,0,0,0,,30,0,0,0,0
2017,367,47,0,0,4,0,14,0,0,3,0,1,0,1,0,0,0,0,0
2017,538,343,8,2,10,0,285,8,2,9,0,5,1,22,12,0,0,19,4
2017,557,118,3,2,5,0,72,3,2,2,0,3,0,13,0,0,0,6,0
2017,653,141,5,2,5,0,132,2,2,5,0,5,2,14,0,0,6,0,0
2017,647,103,2,2,6,0,97,2,2,6,0,8,0,2,0,0,0,6,0
2017,978,564,23,2,13,1,521,22,2,13,1,14,1,18,20,0,0,23,0
2017,996,155,3,1,4,0,73,3,1,4,0,3,0,9,0,0,12,12,0
2017,729,1179,26,8,37,4,1091,26,8,37,4,11,1,74,80,0,29,0,5
2017,182,135,5,1,7,1,135,5,1,7,1,3,0,0,0,0,0,9,1
2017,633,151,4,2,8,1,131,4,2,8,1,2,0,0,0,0,0,24,0
2017,685,238,10,3,6,0,233,10,3,6,0,4,0,12,20,0,12,0,0
2017,683,148,4,2,5,0,135,4,2,4,0,3,0,4,0,0,4,0,0
2017,945,80,2,2,4,0,80,2,2,4,0,3,0,1,0,0,0,8,0
2017,953,4,0,0,4,0,2,0,0,2,0,0,0,0,0,0,0,0,0
2017,1022,24,0,0,2,0,24,0,0,2,0,3,0,1,0,0,0,0,0
2017,1049,32,0,0,2,0,32,0,0,2,0,2,0,1,0,0,0,0,0
2017,794,1341,28,3,30,3,1283,28,3,30,3,10,6,91,25,0,7,0,0
2017,415,56,0,0,4,0,56,0,0,4,0,1,0,24,0,0,0,0,0
2017,592,108,0,1,6,0,96,0,1,6,0,2,0,0,0,0,0,0,0
2017,497,120,0,0,5,1,120,0,0,5,1,2,0,0,0,0,0,0,0
2017,458,144,9,2,9,1,144,9,2,9,1,4,0,0,0,0,0,0,0
2017,726,439,16,2,12,0,402,16,2,12,0,9,1,28,15,0,0,8,4
2017,272,149,0,0,4,0,119,0,0,4,0,2,0,0,0,0,0,0,0
2017,805,1395,34,3,31,3,1277,34,3,31,3,16,1,35,50,8,0,0,7
2017,234,126,6,1,14,0,126,6,1,13,0,1,0,13,0,0,0,0,0
2017,64,98,0,0,0,0,98,0,0,0,0,0,0,0,0,0,0,0,0
2017,842,81,0,1,4,0,80,0,1,4,0,3,0,0,0,0,9,0,0
2017,843,78,2,1,3,0,78,2,1,3,0,4,0,4,0,0,3,4,0
2017,803,395,7,2,11,0,373,7,2,9,0,6,2,23,10,0,14,0,0
2017,211,30,0,0,3,0,30,0,0,3,0,3,0,0,0,0,3,3,3
2017,773,368,28,3,11,2,337,28,3,11,2,3,0,21,0,0,0,0,1
2017,424,44,2,1,3,0,44,2,1,3,0,1,0,6,0,0,6,4,1
2017,298,114,4,1,7,1,114,4,1,7,1,6,0,2,0,0,10,0,0
2017,594,28,1,0,3,0,19,0,0,3,0,1,0,0,0,0,14,14,2
2017,237,101,0,0,3,0,101,0,0,3,0,2,0,0,0,25,0,0,0
2017,16,23,0,0,0,0,23,0,0,0,0,0,0,0,0,0,0,0,0
2017,768,80,1,1,2,0,72,1,1,2,0,2,0,6,0,25,5,0,0
2017,617,155,4,5,6,0,138,4,5,5,0,3,0,10,0,0,0,15,0
2017,297,41,1,1,3,0,41,1,1,3,0,1,0,0,0,0,0,0,0
2017,105,63,0,0,0,0,63,0,0,0,0,0,0,0,0,10,0,0,0
2017,544,136,1,3,3,0,136,1,3,3,0,3,0,10,0,17,10,0,0
2017,804,142,2,4,5,0,117,2,4,5,0,3,0,11,0,0,15,0,0
2017,104,120,0,0,0,0,120,0,0,0,0,0,0,0,50,0,0,0,0
2017,20,36,0,0,0,0,36,0,0,0,0,0,0,0,0,0,0,0,0
2017,550,91,0,0,4,0,91,0,0,4,0,6,0,9,0,0,0,14,0
2017,112,24,0,0,0,0,24,0,0,0,0,0,0,0,0,25,0,0,0
2017,818,105,0,0,0,0,105,0,0,0,0,0,0,0,0,19,0,0,0
2017,882,52,0,0,0,0,52,0,0,0,0,0,0,0,0,20,0,0,0
2017,914,131,0,0,0,0,131,0,0,0,0,0,0,0,0,40,0,0,0
2017,928,36,0,0,0,0,36,0,0,0,0,0,0,23,0,0,0,0,0
2017,964,263,4,3,7,0,215,4,3,7,0,3,0,26,0,0,6,0,0
2017,1026,100,0,0,0,0,100,0,0,0,0,0,0,0,0,20,0,0,0
2017,1068,160,0,0,0,0,80,0,0,0,0,0,0,0,0,32,0,0,0
2017,1108,64,2,2,4,0,44,2,2,4,0,2,0,5,0,0,5,0,0
2017,404,102,0,0,2,0,102,0,0,2,0,1,0,0,0,0,0,7,2
2017,270,91,2,3,8,1,91,2,3,8,1,2,0,7,0,0,0,0,0
2017,676,119,7,2,5,0,119,7,2,5,0,5,0,11,0,0,0,15,1
2017,709,184,3,4,7,0,178,3,4,7,0,5,6,17,20,0,11,16,1
2017,754,1408,32,10,64,3,1408,32,10,62,3,20,1,205,100,0,61,46,21
2017,997,50,0,2,2,0,22,0,2,2,0,2,0,1,0,0,10,0,0
2017,1069,30,0,0,1,0,22,0,0,1,0,2,0,1,0,0,6,0,0
2017,1118,73,2,2,9,1,73,1,1,7,1,6,0,6,10,0,5,23,0
2017,734,432,8,1,12,2,353,8,1,12,2,6,2,34,37,12,0,26,0
2017,299,57,0,0,2,0,40,0,0,2,0,1,0,0,0,0,0,3,2
2017,645,40,0,0,1,0,40,0,0,1,0,1,0,0,0,0,0,0,0
2017,17,165,0,0,0,0,165,0,0,0,0,0,0,0,0,0,0,0,0
2017,1046,147,0,0,0,0,110,0,0,0,0,0,0,0,0,0,0,0,0
2017,420,26,0,0,3,0,26,0,0,3,0,4,0,0,0,0,0,0,0
2017,802,102,0,0,0,0,102,0,0,0,0,1,0,0,0,0,0,0,0
2017,266,149,4,1,11,2,149,4,1,11,2,4,0,18,0,0,0,18,0
2017,137,22,0,0,3,0,22,0,0,3,0,3,0,0,0,0,0,0,0
2017,769,75,0,0,4,0,39,0,0,3,0,2,0,16,0,0,0,0,0
2017,776,96,1,0,4,0,96,1,0,4,0,3,2,7,0,0,8,4,1
2017,640,105,1,3,6,0,75,1,3,5,0,3,0,4,0,0,8,0,0
2017,315,448,0,0,0,0,443,0,0,0,0,0,0,0,20,20,0,0,0
2017,40,299,0,0,0,0,282,0,0,0,0,0,0,0,0,0,0,0,0
2017,508,100,0,0,5,0,100,0,0,5,0,1,2,1,0,0,0,3,2
2017,46,80,0,0,0,0,80,0,0,0,0,0,0,0,0,0,0,0,0
2017,590,128,1,4,5,0,127,1,4,5,0,4,2,10,0,0,0,0,0
2017,777,117,2,2,5,0,96,2,2,5,0,4,1,10,0,0,10,0,0
2017,897,1171,22,8,34,1,1076,22,8,33,1,9,13,67,0,0,57,12,3
2017,965,88,0,0,0,0,81,0,0,0,0,0,0,0,0,0,0,0,0
2017,461,202,1,1,5,0,15,0,0,2,0,1,0,1,0,0,0,0,0
2017,376,20,1,1,2,0,20,1,1,2,0,2,0,0,0,0,0,0,0
2017,621,113,1,2,4,0,108,1,2,4,0,2,0,11,0,0,12,0,0
2017,793,842,21,5,26,2,816,21,5,26,2,12,8,85,32,0,12,28,7
2017,1102,56,4,2,6,1,30,3,1,4,1,1,0,2,0,0,5,0,0
2017,,60,1,1,4,0,10,0,0,2,0,1,0,0,0,0,0,0,0
2017,712,297,3,2,8,0,243,3,2,6,0,5,0,18,0,0,7,0,0
2017,32,110,0,0,0,0,107,0,0,0,0,0,0,0,0,0,0,0,0
2017,361,70,0,0,0,0,69,0,0,0,0,1,0,0,0,12,0,0,0
2017,486,40,1,1,3,0,30,0,0,3,0,1,0,0,0,0,0,0,0
2017,595,174,4,2,5,0,165,4,2,5,0,3,1,16,0,0,8,0,0
2017,433,50,0,2,2,0,44,0,2,2,0,2,0,0,0,0,0,0,0
2017,1058,32,0,0,2,0,20,0,0,1,0,1,0,0,0,0,0,0,0
2017,261,39,0,1,3,0,39,0,1,3,0,1,0,0,0,0,0,0,0
2017,730,204,3,2,7,0,176,3,2,7,0,6,0,12,20,0,0,14,0
2017,577,226,5,2,7,0,223,5,2,6,0,5,0,10,0,0,0,22,0
2017,788,795,20,4,24,1,729,20,4,24,1,10,5,94,45,0,1,1,5
2017,865,106,3,2,4,0,106,3,2,4,0,3,0,1,0,0,0,0,0
2017,979,24,0,0,2,0,25,0,0,1,0,2,0,1,0,0,0,0,0
2017,998,18,0,0,1,0,17,0,0,1,0,1,0,1,0,0,0,0,0
2017,1072,28,0,0,2,0,28,0,0,2,0,2,0,1,0,0,0,8,2
2017,221,121,0,1,3,0,90,0,1,3,0,3,0,0,0,0,0,0,0
2017,506,75,3,2,5,0,75,3,2,5,0,2,0,0,0,0,0,0,3
2017,727,408,9,3,11,0,359,9,3,8,0,9,0,22,0,0,0,0,0
2017,355,74,0,0,2,0,74,0,0,2,0,3,0,0,0,0,0,0,0
2017,487,297,0,0,6,0,285,0,0,6,0,2,0,0,0,0,0,0,0
2017,938,1056,16,2,21,2,909,16,2,21,2,8,12,20,10,0,0,0,2
2017,886,110,0,0,3,0,102,0,0,2,0,1,0,0,0,0,0,6,1
2017,835,46,1,1,2,0,46,1,1,2,0,4,0,0,0,0,0,0,0
2017,999,15,0,0,0,0,13,0,0,0,0,1,0,0,0,0,0,0,0
2017,798,449,16,2,14,1,384,16,2,14,1,8,0,80,0,0,10,10,2
2017,504,192,0,0,5,0,192,0,0,5,0,5,0,15,20,20,0,8,0
2017,247,43,1,1,3,0,43,1,1,3,0,4,3,6,0,0,0,5,0
2017,216,55,2,1,3,0,51,2,1,3,0,2,0,2,0,0,3,3,1
2017,654,63,2,2,5,0,63,1,2,5,0,1,0,0,0,0,5,0,0
2017,65,75,0,0,0,0,75,0,0,0,0,0,0,0,0,0,0,0,0
2017,472,78,2,1,3,0,54,2,1,3,0,2,0,4,0,10,0,0,0
2017,427,36,0,0,0,0,36,0,0,0,0,1,0,0,0,10,0,0,0
2017,491,64,2,1,2,0,60,2,1,2,0,2,0,3,0,0,8,0,0
2017,551,30,1,1,1,0,30,1,1,1,0,1,0,15,0,0,15,0,0
2017,106,120,0,0,0,0,120,0,0,0,0,0,0,0,0,0,0,0,0
2017,819,137,0,0,0,0,126,0,0,0,0,0,0,0,0,0,0,0,0
2017,836,20,0,0,0,0,20,0,0,0,0,0,0,0,0,0,0,0,0
2017,915,126,0,0,0,0,114,0,0,0,0,0,0,0,0,23,0,0,0
2017,942,29,0,0,0,0,24,0,0,0,0,0,0,0,0,0,0,0,0
2017,1140,130,0,0,0,0,125,0,0,0,0,0,0,0,0,0,0,0,0
2017,748,590,12,3,22,1,568,12,3,16,1,11,4,26,27,0,0,34,7
2017,198,87,0,0,0,0,87,0,0,0,0,0,0,0,0,0,0,0,0
2017,871,80,1,3,4,0,68,1,3,4,0,3,0,10,0,0,11,0,0
2017,948,54,1,1,3,1,54,1,1,3,1,1,0,0,0,0,0,0,0
2017,1051,140,0,0,0,0,137,0,0,0,0,0,0,0,0,0,0,0,0
2017,1083,26,0,0,0,0,26,0,0,0,0,0,0,0,0,0,0,0,0
2017,1096,75,0,0,0,0,75,0,0,0,0,1,0,0,0,0,0,0,0
2017,679,848,19,1,18,1,759,18,1,18,1,22,0,46,15,12,0,0,0
2017,176,75,0,0,5,0,75,0,0,5,0,1,0,0,0,0,0,0,0
2017,537,69,0,0,6,0,60,0,0,5,0,2,0,6,0,0,3,1,2
2017,608,140,8,2,6,0,140,8,2,5,0,7,0,19,0,0,0,4,0
2017,596,140,5,1,5,0,134,3,1,5,0,5,0,10,0,0,0,0,0
2017,749,901,0,0,45,3,802,0,0,38,3,33,6,79,21,0,23,0,0
2017,758,1256,50,5,38,3,1181,41,5,38,3,12,8,60,40,0,45,30,6
2017,1104,860,20,2,24,3,709,16,2,24,3,12,7,81,55,14,15,18,8
2017,567,156,0,0,11,0,86,0,0,7,0,2,0,0,50,0,0,30,3
2017,677,564,0,0,14,1,387,0,0,13,1,6,2,64,10,0,18,0,0
2017,670,174,2,0,6,0,145,2,0,6,0,3,0,20,15,0,10,0,0
2017,588,154,0,0,9,0,131,0,0,7,0,2,0,15,0,18,12,0,0
2017,753,1351,66,9,44,4,1183,50,9,32,4,14,3,96,24,0,0,55,9
2017,887,334,0,0,0,0,325,0,0,0,0,1,0,0,0,0,0,0,0
2017,245,170,5,2,10,1,170,5,2,10,1,4,0,0,0,0,0,0,0
2017,603,190,6,2,8,1,152,6,2,8,1,3,0,5,0,0,8,4,1
2017,426,74,0,0,3,0,74,0,0,3,0,3,0,0,0,0,0,0,0
2017,232,84,12,2,5,0,79,12,2,5,0,1,0,0,0,0,5,5,2
2017,288,160,0,0,7,0,160,0,0,7,0,5,0,9,0,0,0,9,2
2017,246,76,6,2,8,0,82,6,2,8,0,2,0,6,0,0,0,0,0
2017,284,154,12,1,11,1,154,8,1,11,1,4,0,0,0,0,0,0,0
2017,18,94,0,0,0,0,64,0,0,0,0,0,0,0,0,0,0,0,0
2017,356,99,0,0,0,0,99,0,0,0,0,0,0,0,60,0,0,0,0
2017,401,388,0,0,0,0,246,0,0,0,0,1,0,1,0,0,0,0,0
2017,733,659,15,5,18,1,577,10,5,18,1,5,4,26,4,0,7,0,3
2017,243,76,0,0,4,0,76,0,0,4,0,2,0,0,0,0,6,0,0
2017,380,250,0,0,0,0,164,0,0,0,0,1,0,0,0,0,0,0,0
2017,716,82,0,0,9,0,82,0,0,9,0,2,0,10,0,0,10,8,0
2017,534,100,0,0,7,1,100,0,0,7,1,4,0,7,0,0,0,0,0
2017,185,92,0,0,11,1,68,0,0,11,1,2,0,0,0,0,8,0,0
2017,258,152,0,0,10,1,149,0,0,10,1,3,0,9,1,0,4,4,3
2017,505,30,0,0,3,0,30,0,0,3,0,1,0,5,0,0,4,4,3
2017,268,140,0,0,10,1,140,0,0,10,1,2,0,8,0,0,10,0,0
2017,602,157,8,2,10,1,153,8,2,10,1,2,0,3,0,0,4,0,0
2017,254,172,7,9,10,1,172,7,9,10,1,2,0,16,0,0,5,0,0
2017,705,116,14,3,7,1,116,14,3,7,1,3,0,7,0,0,3,0,0
2017,133,60,10,2,3,0,48,8,2,3,0,1,0,0,0,0,0,0,0
2017,33,96,0,0,0,0,96,0,0,0,0,0,0,0,20,0,0,0,0
2017,143,67,0,0,0,0,67,0,0,0,0,0,0,0,3,0,0,0,0
2017,36,120,0,0,0,0,120,0,0,0,0,0,0,0,20,0,0,0,0
2017,756,389,3,3,16,2,368,3,3,16,2,4,0,14,0,0,0,0,0
2017,662,507,10,3,15,1,410,10,3,13,1,6,4,23,30,0,18,0,0
2017,192,192,0,0,0,0,192,0,0,0,0,1,0,0,0,0,0,0,0
2017,382,322,0,0,0,0,318,0,0,0,0,1,0,0,0,0,0,0,0
2017,322,339,0,0,0,0,339,0,0,0,0,1,0,0,0,0,0,0,0
2017,478,133,0,0,5,0,133,0,0,5,0,4,0,0,0,0,0,0,0
2017,352,144,0,0,0,0,127,0,0,0,0,1,0,0,0,0,0,0,0
2017,628,386,7,4,13,1,349,7,4,12,1,10,5,40,0,0,0,0,0
2017,291,178,0,0,0,0,173,0,0,0,0,0,0,,141,0,0,0,0
2017,495,122,0,0,6,0,87,0,0,6,0,3,0,0,0,0,0,6,
2017,845,332,11,2,12,0,277,11,2,10,0,8,3,12,30,0,20,0,0
2017,498,91,3,1,5,0,75,3,1,4,0,2,0,3,0,0,6,0,0
2017,314,202,0,0,0,0,175,0,0,0,0,1,0,0,0,0,0,0,0
2017,720,99,0,0,5,0,92,0,0,5,0,3,0,5,0,0,5,0,0
2017,721,510,14,2,18,1,393,14,2,15,1,13,3,25,30,15,13,0,0
2017,485,19,0,0,3,0,19,0,0,3,0,0,0,5,1,0,0,4,3
2017,273,235,3,1,14,1,200,2,1,14,1,2,0,13,0,0,14,8,0
2017,846,400,10,2,15,1,349,10,2,15,1,11,0,34,3,0,21,0,0
2017,847,85,0,0,9,0,80,0,0,9,0,3,0,0,0,0,0,23,3
2017,848,170,20,3,8,2,160,18,3,8,2,7,0,11,0,0,5,0,0
2017,916,99,0,0,4,0,82,0,0,3,0,2,0,16,0,0,6,0,0
2017,930,91,3,3,5,1,80,3,2,4,1,1,0,8,0,0,0,7,0
2017,954,406,14,3,11,1,312,14,3,10,1,5,2,20,0,0,12,0,0
2017,943,86,0,0,6,0,83,0,0,6,0,3,0,8,0,0,8,0,0
2017,949,1254,73,8,50,3,1134,71,8,45,3,25,8,118,82,8,45,0,0
2017,980,124,14,2,6,1,124,14,2,6,1,3,0,7,0,0,6,0,0
2017,981,53,0,0,5,0,46,0,0,5,0,1,0,1,0,0,12,8,2
2017,1024,220,14,2,16,1,180,9,2,12,1,2,0,26,0,0,0,17,0
2017,1017,47,0,0,0,0,43,0,0,0,0,0,0,10,0,0,0,0,0
2017,1000,198,0,0,13,1,179,0,0,9,1,3,0,34,0,0,7,0,0
2017,1018,152,4,4,8,1,145,2,4,8,1,2,0,17,1,1,0,0,0
2017,1001,91,7,2,10,1,56,5,2,9,1,2,0,0,0,0,0,0,0
2017,1007,271,12,7,12,0,261,9,7,10,0,10,0,25,30,0,0,20,4
2017,1008,238,8,3,7,0,225,8,3,7,0,4,0,23,0,0,0,20,0
2017,1010,132,8,3,5,0,130,8,3,5,0,4,0,13,0,0,0,18,0
2017,1011,98,4,2,5,0,87,4,2,4,0,3,0,9,0,0,18,0,0
2017,1012,188,8,8,9,0,168,6,6,9,0,5,0,24,0,0,0,13,0
2017,1013,613,24,12,21,2,519,24,12,20,2,10,0,62,25,0,42,0,0
2017,1041,160,0,0,0,0,120,0,0,0,0,0,0,0,0,0,0,0,0
2017,1073,250,10,8,10,1,171,7,8,10,1,3,0,20,15,0,12,26,10
2017,1087,364,6,6,12,1,359,4,6,12,1,4,0,56,2,0,0,0,0
2017,1109,209,5,4,9,1,184,4,4,8,1,3,0,30,6,0,0,4,0
2017,1110,164,8,6,8,1,124,8,6,8,1,5,0,7,0,0,2,2,2
2017,1112,20,0,0,3,0,10,0,0,3,0,1,0,4,0,0,0,0,0
2017,1120,100,0,0,0,0,66,0,0,0,0,1,0,0,0,0,0,0,0
2017,1126,367,10,8,13,0,339,10,5,12,0,8,4,52,16,0,21,9,0
2017,789,367,0,0,0,0,367,0,0,0,0,0,0,0,0,0,0,0,0
2017,326,154,0,0,0,0,154,0,0,0,0,0,0,0,6,,0,0,0
2017,442,104,6,3,7,1,104,6,3,7,1,1,0,1,0,0,0,1,0
2017,294,128,5,1,5,1,128,5,1,5,1,1,0,9,0,0,1,0,0
2017,378,44,2,2,5,0,42,1,2,5,0,1,0,2,0,0,4,0,0
2017,402,105,0,0,7,1,70,0,0,7,1,3,0,0,0,0,0,0,0
2017,29,185,0,0,0,0,177,0,0,0,0,0,0,0,0,0,0,0,0
2017,450,32,0,0,4,0,3,0,0,4,0,1,0,0,0,0,5,0,0
2017,656,174,4,2,6,0,131,4,2,5,0,2,0,20,12,0,0,12,0
2017,333,72,1,1,5,1,72,1,1,5,1,1,0,21,0,0,0,0,0
2017,684,196,5,4,7,0,193,5,4,7,0,5,1,14,0,0,7,0,0
2017,422,90,0,0,4,1,50,0,0,4,1,1,0,7,0,0,0,1,1
2017,763,1025,40,13,37,2,1013,40,13,36,2,21,2,75,0,0,59,0,4
2017,741,656,3,5,24,2,554,3,5,24,2,11,6,69,24,0,0,0,0
2017,553,400,8,6,11,1,379,8,6,11,1,6,1,28,0,0,6,0,0
2017,357,202,2,1,5,0,24,0,0,5,0,2,0,0,0,0,0,12,1
2017,899,70,0,0,0,0,70,0,0,0,0,0,0,0,0,0,0,0,0
2017,900,13,0,0,2,0,12,0,0,2,0,1,0,0,0,0,2,0,0
2017,932,41,0,0,2,0,41,0,0,2,0,1,0,3,0,0,0,0,0
2017,950,6,0,0,1,0,6,0,0,1,0,1,0,1,0,0,0,0,1
2017,966,46,2,1,2,1,25,1,1,2,1,2,0,0,0,0,0,0,1
2017,967,15,0,0,0,0,9,0,0,0,0,0,0,20,0,0,0,0,0
2017,982,131,1,0,6,1,118,0,0,5,1,4,0,11,0,0,4,11,2
2017,1014,19,0,0,3,0,17,0,0,3,0,3,0,6,0,0,21,0,3
2017,1080,105,8,2,7,1,105,8,2,7,1,2,0,8,0,0,0,6,1
2017,1074,12,0,0,2,0,12,0,0,2,0,1,0,1,0,0,0,0,0
2017,1084,8,0,0,3,0,7,0,0,3,0,1,0,2,0,0,0,2,3
2017,1113,20,1,1,2,0,20,1,1,2,0,1,0,11,0,0,2,1,1
2017,1137,14,0,0,2,0,12,0,0,2,0,1,0,0,0,0,0,0,2
2017,1142,159,6,5,6,0,130,6,5,6,0,4,0,7,0,0,0,8,2
2017,722,910,80,12,29,3,910,80,12,26,3,18,2,68,0,0,14,11,2
2017,660,339,0,0,12,0,310,0,0,9,0,5,0,10,0,0,21,0,0
2017,75,96,0,0,0,0,96,0,0,0,0,0,0,0,40,0,0,0,0
2017,249,131,3,2,8,1,131,3,2,8,1,3,0,1,0,0,8,0,0
2017,227,123,6,4,10,1,112,6,4,10,1,2,0,13,0,0,0,0,2
2017,150,76,0,0,4,0,76,0,0,4,0,2,0,0,0,0,4,0,0
2017,47,50,0,0,0,0,50,0,0,0,0,0,0,0,0,0,0,0,0
2017,172,139,0,0,6,0,139,0,0,6,0,1,0,6,0,0,6,0,1
2017,581,103,3,2,4,0,103,3,2,4,0,4,0,1,0,0,1,0,0
2017,120,39,0,0,1,0,39,0,0,1,0,1,0,0,0,0,0,1,0
2017,445,154,0,0,2,0,140,0,0,2,0,0,0,0,0,0,0,0,0
2017,471,313,0,0,7,0,313,0,0,7,0,2,0,0,0,0,0,0,0
2017,53,40,0,0,0,0,40,0,0,0,0,0,0,0,0,0,0,0,0
2017,199,175,0,0,3,0,175,0,0,3,0,1,0,0,0,0,4,0,0
2017,575,255,6,7,10,0,190,6,7,10,0,4,0,9,0,0,9,0,0
2017,528,96,6,3,5,0,96,6,3,4,0,3,1,2,0,0,5,0,0
2017,631,287,7,2,5,0,265,7,2,3,0,4,2,12,0,0,6,0,1
2017,699,394,0,0,10,0,373,0,0,10,0,9,2,36,0,0,37,0,0
2017,823,26,0,0,3,0,26,0,0,3,0,2,0,0,0,0,3,0,0
2017,849,142,0,0,5,0,83,0,0,5,0,3,0,0,0,0,6,0,0
2017,869,83,0,0,5,0,83,0,0,5,0,3,0,0,0,0,0,0,0
2017,955,62,0,0,0,0,50,0,0,0,0,0,0,0,0,0,0,0,0
2017,983,222,0,0,0,0,222,0,0,0,0,0,0,0,0,0,0,0,0
2017,1002,60,0,0,0,0,60,0,0,0,0,0,0,0,0,0,0,0,0
2017,1015,644,14,8,25,2,606,14,8,25,2,22,0,69,0,0,43,0,0
2017,51,28,0,0,0,0,28,0,0,0,0,0,0,0,32,0,0,0,0
2017,441,190,0,0,7,0,190,0,0,7,0,3,0,0,0,0,0,0,0
2017,327,231,0,0,0,0,226,0,0,0,0,0,0,0,40,20,0,0,0
2017,690,241,4,2,17,1,220,4,2,14,1,3,0,24,0,0,2,0,0
2017,262,72,2,2,7,0,72,2,2,7,0,2,1,4,0,0,0,6,0
2017,403,5,0,0,2,0,5,0,0,2,0,1,0,0,0,0,0,0,0
2017,312,154,0,0,0,0,154,0,0,0,0,0,0,0,15,0,0,0,0
2017,589,93,2,1,4,0,84,2,1,4,0,6,0,6,0,0,6,0,0
2017,665,192,3,2,5,0,173,3,2,5,0,4,0,1,0,0,0,0,0
2017,334,21,0,0,0,0,21,0,0,0,0,0,0,1,1,1,0,0,0
2017,1075,1097,28,3,39,1,953,28,3,39,1,12,9,76,0,0,0,44,0
2017,751,1008,12,2,21,1,833,12,2,20,1,10,2,81,20,0,0,23,4
2017,186,43,1,0,3,1,43,1,0,3,1,3,0,0,0,0,0,0,0
2017,646,100,2,1,2,0,100,2,1,2,0,3,0,10,0,0,2,1,2
2017,536,79,1,1,3,0,79,1,1,3,0,5,0,8,0,0,3,1,1
2017,242,49,2,1,2,0,49,1,1,2,0,2,0,0,0,0,0,0,0
2017,490,194,0,0,4,0,171,0,0,3,0,1,0,1,0,15,0,15,0
2017,500,105,3,2,6,1,105,2,2,6,1,4,0,8,0,0,7,0,0
2017,206,48,0,0,3,0,48,0,0,3,0,1,0,0,0,0,0,0,0
2017,58,36,0,0,0,0,29,0,0,0,0,0,0,0,20,0,0,0,0
2017,572,436,12,4,11,0,356,12,4,9,0,10,0,17,50,0,12,0,0
2017,180,90,0,0,2,0,82,0,0,2,0,1,0,0,0,0,0,0,0
2017,549,103,3,2,3,0,103,3,2,3,0,6,0,6,0,0,0,0,0
2017,582,105,3,1,3,0,101,3,1,3,0,3,0,4,0,0,2,0,0
2017,743,457,15,2,14,1,436,15,2,13,1,6,3,38,0,0,20,0,0
2017,795,120,0,0,5,0,114,0,0,5,0,1,0,0,0,0,7,9,0
2017,269,24,0,0,3,0,24,0,0,3,0,1,0,0,0,0,0,0,0
2017,634,233,0,0,6,0,196,0,0,6,0,4,0,6,0,0,0,0,0
2017,1,39,0,1,4,0,39,0,1,4,0,1,0,2,0,0,0,0,0
2017,717,216,8,2,5,0,202,8,2,4,0,4,0,7,15,0,8,0,0
2017,373,140,0,0,0,0,138,0,0,0,0,1,0,0,0,0,0,0,0
2017,535,176,3,3,7,0,148,3,3,5,0,7,0,9,20,0,0,14,0
2017,824,991,32,6,33,2,955,32,6,27,2,43,8,43,12,0,113,1,1
2017,888,90,2,1,3,0,90,2,1,3,0,2,0,0,0,0,0,0,0
2017,902,19,0,0,0,0,19,0,0,0,0,1,0,0,0,0,0,0,0
2017,968,42,0,0,0,0,42,0,0,0,0,0,0,0,0,0,0,0,0
2017,1130,40,0,0,0,0,24,0,0,0,0,0,0,0,0,0,0,0,0
2017,1141,3,0,0,2,0,3,0,0,2,0,0,0,0,0,0,0,0,0
2017,1145,32,0,0,0,0,21,0,0,0,0,1,0,0,0,0,0,0,0
2017,1122,28,0,0,0,0,20,0,0,0,0,0,0,0,0,0,0,0,0
2017,1133,13,0,0,4,0,13,0,0,4,0,0,0,0,0,0,0,0,0
2017,346,206,0,0,0,0,206,0,0,0,0,0,0,0,0,0,0,0,0
2017,27,97,0,0,0,0,97,0,0,0,0,0,0,0,0,0,0,0,0
2017,165,44,0,1,2,0,44,0,0,2,0,1,0,2,0,0,1,2,2
2017,956,495,12,2,12,0,459,12,2,10,0,10,0,16,12,0,0,19,0
2017,413,53,0,0,0,0,52,0,0,0,0,0,0,0,0,0,0,0,0
2017,149,69,0,0,3,0,66,0,0,3,0,1,0,0,0,0,0,16,0
2017,612,154,7,3,7,1,154,7,3,7,1,9,0,6,0,0,0,0,0
2017,559,115,0,0,4,0,83,0,0,3,0,1,0,0,0,0,1,0,0
2017,7,134,0,0,5,0,124,0,0,5,0,1,0,0,0,0,0,0,0
2017,283,162,0,0,8,1,162,0,0,8,1,6,0,6,0,0,3,0,0
2017,37,64,0,0,0,0,64,0,0,0,0,0,0,0,0,0,0,0,0
2017,153,195,0,0,8,1,144,0,0,8,1,8,0,0,0,0,0,0,0
2017,547,292,4,5,9,0,230,4,5,8,0,5,0,19,0,0,1,2,1
2017,397,80,0,0,0,0,80,0,0,0,0,2,0,0,0,18,0,0,0
2017,556,131,6,4,5,0,131,6,4,5,0,4,0,18,0,0,0,0,0
2017,42,80,0,0,0,0,80,0,0,0,0,0,0,0,0,0,0,0,0
2017,31,218,0,0,0,0,205,0,0,0,0,1,0,0,0,35,0,0,0
2017,740,905,40,8,23,1,810,40,8,20,1,14,4,38,45,0,32,0,0
2017,217,84,0,0,3,0,41,0,0,3,0,1,0,0,0,0,0,0,0
2017,863,62,2,1,3,0,18,0,1,2,0,1,0,0,0,0,0,0,0
2017,889,828,0,0,22,2,747,0,0,17,2,14,9,64,0,0,0,24,4
2017,984,147,0,0,5,0,127,0,0,5,0,3,0,0,0,0,0,0,0
2017,1106,10,0,0,2,0,10,0,0,2,0,1,0,0,0,0,0,0,0
2017,1146,12,0,0,1,0,12,0,0,1,0,1,0,0,0,0,1,0,0
2017,34,68,0,0,0,0,68,0,0,0,0,0,0,0,0,0,0,0,0
2017,791,118,2,1,5,0,118,2,1,5,0,2,0,0,0,0,0,0,0
2017,181,33,0,0,0,0,33,0,0,0,0,1,0,1,0,0,0,0,0
2017,430,17,0,0,1,0,17,0,0,1,0,1,0,0,0,0,0,0,0
2017,715,573,3,2,13,1,389,3,2,13,1,10,0,22,0,0,0,0,0
2017,521,52,0,0,3,0,44,0,0,3,0,4,0,0,0,0,0,0,1
2017,524,192,2,1,9,1,194,2,1,9,1,2,0,5,0,0,0,6,2
2017,432,40,0,0,2,0,16,0,0,2,0,1,0,0,0,0,0,0,0
2017,19,24,3,1,2,0,24,3,1,2,0,0,0,0,0,0,0,0,0
2017,25,48,0,0,0,0,47,0,0,0,0,0,0,0,0,0,0,0,0
2017,26,84,0,0,0,0,65,0,0,0,0,0,0,0,0,0,0,0,0
2017,890,606,18,2,17,1,594,18,2,17,1,21,4,48,20,0,0,14,0
2017,904,123,1,1,5,0,111,1,1,5,0,3,0,2,0,0,0,0,0
2017,957,1273,30,12,36,2,1134,30,12,36,2,16,0,120,20,0,40,35,12
2017,939,907,18,3,26,2,799,18,3,26,2,16,1,19,27,0,0,37,6
2017,236,106,1,1,5,0,99,1,1,5,0,0,0,8,0,0,15,0,0
2017,735,1013,36,6,23,2,899,36,6,21,2,11,2,109,45,0,0,10,2
2017,146,258,0,0,0,0,258,0,0,0,0,1,0,0,0,0,0,0,0
2017,363,157,0,0,5,1,157,0,0,5,1,1,0,3,0,0,0,6,1
2017,187,190,0,0,5,1,190,0,0,5,1,2,0,5,0,0,0,1,1
2017,265,71,0,0,2,0,71,0,0,2,0,5,0,0,0,0,0,0,0
2017,295,108,0,0,5,0,66,0,0,3,0,2,0,6,0,0,0,0,0
2017,496,256,4,2,5,1,156,2,2,4,1,3,0,0,0,0,0,0,0
2017,77,99,0,0,0,0,99,0,0,0,0,0,0,0,0,0,0,0,0
2017,391,29,0,0,2,0,29,0,0,2,0,1,0,0,0,0,0,0,0
2017,240,199,2,1,4,0,161,2,1,4,0,2,0,2,0,0,0,0,0
2017,448,40,2,1,2,0,40,2,1,2,0,1,0,3,0,0,2,0,0
2017,151,144,0,0,0,0,144,0,0,0,0,1,0,0,0,0,0,0,0
2017,425,32,3,1,2,0,28,3,1,2,0,1,0,0,0,0,0,0,0
2017,300,61,0,0,2,0,61,0,0,2,0,2,0,5,0,0,0,5,1
2017,339,104,1,1,5,1,47,1,1,5,1,3,0,0,0,0,0,0,0
2017,874,198,3,2,5,0,198,3,2,5,0,6,1,3,0,0,4,0,0
2017,905,822,18,4,21,3,766,18,4,19,3,8,5,47,0,0,0,25,7
2017,1123,12,0,0,2,0,12,0,0,2,0,1,0,0,0,0,0,0,0
2017,736,902,24,10,32,2,875,24,10,32,2,14,0,39,72,1,61,0,0
2017,459,30,0,0,2,0,30,0,0,2,0,1,0,0,0,0,0,0,0
2017,320,114,0,0,4,0,114,0,0,4,0,1,0,0,0,1,0,8,4
2017,45,420,0,0,0,0,420,0,0,0,0,0,0,0,140,57,0,0,0
2017,618,131,2,1,5,0,115,2,1,5,0,6,1,12,0,0,20,0,0
2017,463,301,0,2,10,0,250,0,0,7,0,6,3,39,15,0,22,0,0
2017,891,105,2,3,9,0,93,2,3,9,0,3,0,0,0,0,0,0,0
2017,958,375,10,2,10,0,319,10,2,10,0,10,0,30,0,10,18,0,0
2017,244,48,1,1,2,0,48,0,1,2,0,2,0,4,0,0,0,0,0
2017,28,56,0,0,0,0,52,0,0,0,0,0,0,0,0,0,0,0,0
2017,444,27,0,0,5,0,27,0,0,5,0,1,0,2,0,0,0,0,0
2017,479,83,0,0,2,0,83,0,0,0,0,1,0,0,0,0,0,36,2
2017,285,91,5,1,5,1,91,1,1,5,1,2,0,7,0,0,0,0,0
2017,253,140,12,5,10,1,140,7,5,10,1,6,0,0,0,0,2,18,3
2017,481,70,3,2,7,1,50,2,2,5,1,3,0,0,0,0,0,0,4
2017,540,121,5,3,8,1,120,5,3,8,1,5,0,0,0,0,0,0,0
2017,41,60,0,0,0,0,58,0,0,0,0,0,0,0,0,0,0,0,0
2017,510,93,0,0,5,0,42,0,0,5,0,4,0,1,1,0,1,1,1
2017,305,10,0,0,0,0,10,0,0,0,0,1,0,3,0,0,0,0,0
2017,708,237,3,2,6,0,197,3,2,6,0,5,0,11,20,0,20,0,0
2017,755,1279,59,4,51,3,1152,53,4,51,3,19,11,181,30,0,0,57,8
2017,750,847,21,3,25,3,775,21,3,24,3,10,8,66,30,0,0,26,8
2017,696,584,22,2,16,1,560,22,2,16,1,12,6,63,0,0,12,21,4
2017,421,136,0,0,4,0,82,0,0,3,0,3,0,0,0,0,0,0,0
2017,827,184,0,0,0,0,160,0,0,0,0,0,0,0,0,0,0,0,0
2017,933,200,0,0,10,0,190,0,0,9,0,8,0,7,0,0,,32,2
2017,1030,151,7,5,18,1,151,7,2,10,1,1,0,5,0,0,0,0,0
2017,1003,16,0,0,2,0,16,0,0,2,0,1,0,4,0,0,6,6,2
2017,1050,16,0,0,1,0,8,0,0,1,0,1,0,6,0,0,0,2,1
2017,1043,112,8,6,11,1,106,8,6,10,1,1,0,0,0,0,0,13,3
2017,1128,36,2,2,4,0,26,2,2,4,0,1,0,2,0,0,36,5,3
2017,1125,18,0,0,0,0,5,0,0,0,0,0,0,0,12,0,0,0,0
2017,1135,22,0,0,2,0,9,0,0,2,0,1,0,1,0,0,0,0,0
2017,934,325,5,4,8,0,299,5,4,5,0,7,0,20,0,0,0,16,0
2017,629,329,15,2,13,1,300,15,2,13,1,8,0,15,7,0,7,27,4
2017,21,156,0,0,0,0,149,0,0,0,0,0,0,0,0,50,0,0,0
2017,615,179,2,1,7,0,179,2,1,7,0,5,0,12,0,0,0,0,0
2017,626,51,1,1,5,0,51,1,1,5,0,3,0,0,0,0,0,0,0
2017,417,18,0,0,2,0,15,0,0,2,0,1,0,5,0,0,0,0,0
2017,597,116,2,1,3,0,86,2,1,3,0,3,0,6,0,30,0,6,0
2017,539,368,9,7,10,0,352,9,7,8,0,20,0,74,0,20,22,0,0
2017,343,66,1,1,5,0,66,1,1,5,0,1,0,0,0,0,0,0,0
2017,135,350,0,0,0,0,316,0,0,0,0,0,0,0,0,0,0,0,0
2017,158,687,0,0,0,0,560,0,0,0,0,1,0,0,64,20,0,0,0
2017,775,237,6,6,7,0,152,6,6,7,0,4,0,14,0,0,0,4,0
2017,177,240,0,0,0,0,231,0,0,0,0,1,0,0,0,40,0,0,0
2017,578,38,2,1,3,0,38,2,1,3,0,2,0,0,0,0,0,0,0
2017,416,146,0,0,2,0,146,0,0,2,0,5,0,0,0,12,0,0,0
2017,561,103,2,1,4,0,103,2,1,4,0,4,0,21,0,10,0,6,1
2017,62,46,0,0,0,0,46,0,0,0,0,0,0,0,0,24,0,0,0
2017,828,85,0,0,0,0,85,0,0,0,0,0,0,0,0,25,0,0,0
2017,860,90,2,1,3,0,78,2,1,3,0,2,0,0,0,20,0,8,1
2017,935,44,0,0,0,0,44,0,0,0,0,0,0,0,0,20,0,0,0
2017,936,35,0,0,0,0,35,0,0,0,0,0,0,0,0,0,0,0,0
2017,986,45,0,0,0,0,45,0,0,0,0,0,0,0,40,0,0,0,0
2017,987,114,1,1,3,0,114,1,1,3,0,3,0,8,0,0,0,0,0
2017,1021,30,0,0,0,0,30,0,0,0,0,0,0,0,0,10,0,0,0
2017,1085,70,0,0,0,0,70,0,0,0,0,0,0,0,0,0,0,0,0
2017,658,215,4,2,5,0,207,4,2,5,0,4,0,12,0,0,0,7,0
2017,353,50,0,0,0,0,40,0,0,0,0,1,0,0,0,12,0,0,0
2017,323,150,0,0,0,0,150,0,0,0,0,0,0,0,20,0,0,0,0
2017,620,133,4,2,3,0,126,4,2,3,0,3,0,12,0,0,0,0,0
2017,384,210,0,0,1,0,185,0,0,1,0,4,0,3,0,0,0,0,0
2017,554,310,12,2,10,0,258,9,2,10,0,9,0,16,15,0,0,0,0
2017,209,15,0,0,2,0,15,0,0,2,0,2,0,0,0,0,0,0,0
2017,707,953,39,3,29,2,864,39,3,24,2,7,7,37,20,12,0,0,0
2017,395,10,0,0,1,0,10,0,0,1,0,1,0,0,0,0,0,0,0
2017,969,118,0,0,4,0,48,0,0,4,0,2,0,5,0,0,0,0,0
2017,1052,30,0,0,0,0,30,0,0,0,0,0,0,0,0,0,0,0,0
2017,739,1004,54,8,40,3,952,54,8,40,3,46,4,79,30,0,0,56,0
2017,613,517,6,2,19,1,460,6,2,18,1,6,3,26,0,0,0,16,4
2017,593,284,0,0,10,0,274,0,0,10,0,6,1,18,0,0,19,0,0
2017,704,582,22,3,16,2,539,22,3,16,2,9,6,41,0,0,24,0,0
2017,493,33,0,0,6,0,33,0,0,6,0,2,0,0,0,0,0,30,0
2017,686,501,8,1,25,2,470,6,1,24,2,5,0,50,0,0,30,23,6
2017,257,181,18,3,12,1,160,18,3,12,1,2,0,0,0,0,0,0,0
2017,494,46,0,0,5,0,46,0,0,3,0,1,0,0,0,0,0,0,0
2017,681,140,0,0,8,0,115,0,0,8,0,2,0,37,0,0,0,0,0
2017,286,94,0,0,11,1,88,0,0,10,1,3,0,0,0,0,0,0,0
2017,255,79,12,1,7,1,79,12,1,7,1,3,0,9,0,0,11,3,0
2017,79,40,0,0,0,0,32,0,0,0,0,0,0,0,0,0,0,0,0
2017,81,76,0,0,0,0,74,0,0,0,0,0,0,0,0,0,0,0,0
2017,688,315,6,3,8,0,285,6,3,8,0,5,0,18,8,0,12,16,0
2017,531,241,7,2,8,0,229,7,2,8,0,6,2,23,0,0,0,8,0
2017,514,56,0,1,3,0,34,0,1,3,0,3,0,2,0,0,14,14,0
2017,499,230,0,0,8,0,106,0,0,7,0,3,0,0,0,0,0,0,0
2017,532,252,4,2,11,0,242,4,2,11,0,7,2,17,0,0,15,0,0
2017,190,183,0,0,0,0,145,0,0,0,0,3,0,0,0,0,0,0,0
2017,598,88,3,1,3,0,82,3,1,3,0,5,0,8,0,0,0,6,0
2017,260,300,10,6,20,1,200,8,6,20,1,5,0,0,0,0,0,0,0
2017,838,11,0,0,1,0,11,0,0,1,0,1,0,0,0,0,0,0,0
2017,839,96,1,1,4,0,35,0,0,4,0,1,0,16,0,0,0,0,0
2017,851,7,0,0,2,0,7,0,0,2,0,0,0,0,0,0,2,0,0
2017,852,301,4,5,14,1,301,4,5,14,1,3,5,16,1,0,0,30,3
2017,988,125,0,0,0,0,125,0,0,0,0,1,0,12,20,0,0,0,0
2017,1056,348,7,2,12,1,252,7,2,12,1,4,4,24,0,0,5,0,0
2017,1044,57,0,0,0,0,23,0,0,0,0,0,0,0,0,0,0,0,0
2017,1114,96,0,0,6,0,96,0,0,5,0,3,1,6,0,0,6,0,0
2017,1129,186,9,2,15,1,90,5,1,12,1,2,0,10,0,0,0,6,3
2017,644,646,17,6,19,0,602,17,6,19,0,9,2,29,45,0,29,0,2
2017,752,777,8,2,17,2,671,8,2,17,2,16,2,34,30,0,0,0,0
2017,238,75,0,0,10,0,75,0,0,10,0,3,0,6,0,0,18,0,10
2017,325,242,0,0,0,0,242,0,0,0,0,0,0,0,5,5,0,0,0
2017,622,119,3,2,4,0,105,3,2,3,0,2,0,2,0,0,0,0,0
2017,879,79,0,0,4,0,79,0,0,4,0,1,0,0,0,0,0,0,0
2017,906,95,5,1,4,1,95,5,1,4,1,1,0,11,0,0,0,0,0
2017,370,240,0,0,0,0,173,0,0,0,0,2,0,0,0,4,0,0,0
2017,418,44,0,0,3,0,44,0,0,3,0,2,0,0,0,0,0,0,0
2017,574,23,0,0,2,0,23,0,0,2,0,2,0,0,0,0,0,0,0
2017,399,70,0,0,5,0,70,0,0,5,0,1,0,2,0,0,2,2,1
2017,195,38,0,0,3,0,20,0,0,3,0,1,0,0,0,0,0,0,0
2017,783,683,15,5,18,1,663,15,5,17,1,6,10,49,4,0,36,0,0
2017,263,76,0,0,6,0,69,0,0,6,0,1,0,11,0,0,0,10,0
2017,194,48,0,0,3,0,30,0,0,2,0,1,0,0,0,0,0,0,0
2017,214,32,0,0,3,0,22,0,0,3,0,1,0,0,0,0,0,0,0
2017,785,906,24,8,33,2,843,24,8,33,2,10,7,105,12,0,21,0,0
2017,780,112,0,0,6,0,98,0,0,6,0,2,5,23,0,0,15,0,1
2017,782,406,0,0,18,1,383,0,0,18,1,9,6,32,10,0,48,0,2
2017,369,179,0,0,0,0,133,0,0,0,0,1,0,0,0,0,0,0,0
2017,713,100,0,0,5,0,95,0,0,5,0,4,0,0,0,0,0,11,0
2017,941,24,0,0,0,0,24,0,0,0,0,0,0,0,3,0,0,0,0
2017,1091,356,0,0,0,0,364,0,0,0,0,0,0,0,446,0,0,0,0
2017,1045,110,3,2,7,1,65,3,1,4,1,2,0,1,0,0,9,0,0
2017,1086,171,4,2,12,1,136,2,2,10,1,3,0,11,0,0,18,0,0
2017,937,600,4,6,15,0,429,4,6,15,0,13,0,36,6,0,0,34,6
2017,1004,44,3,1,3,0,44,3,1,3,0,0,0,1,0,0,0,0,0
2017,737,808,5,3,18,1,757,5,3,17,1,8,6,16,15,0,17,0,0
2017,765,1234,27,3,36,2,1164,27,3,36,2,23,4,69,0,0,0,0,5
2017,329,254,0,0,7,0,238,0,0,6,0,3,5,15,0,0,20,0,0
2017,87,172,0,0,0,0,164,0,0,0,0,0,0,0,0,0,0,0,0
2017,527,150,0,0,8,0,139,0,0,6,0,2,0,0,0,18,0,21,6
2017,562,106,0,0,7,1,104,0,0,7,1,3,0,0,0,0,0,0,0
2017,251,90,2,3,7,1,90,2,3,7,1,3,0,0,0,0,0,0,0
2017,129,275,0,0,0,0,275,0,0,0,0,0,0,0,0,0,0,0,0
2017,154,184,0,0,0,0,184,0,0,0,0,1,0,0,0,25,0,0,0
2017,516,113,4,1,8,1,113,4,1,8,1,2,0,7,0,0,0,0,0
2017,184,32,0,0,4,0,32,0,0,4,0,1,0,0,0,0,0,0,0
2017,652,200,0,0,5,0,143,0,0,5,0,3,0,6,0,0,0,6,1
2017,637,122,4,2,5,0,113,4,2,2,0,5,0,12,0,0,0,6,0
2017,88,43,0,0,0,0,43,0,0,0,0,0,0,0,0,0,0,0,0
2017,907,39,0,0,0,0,39,0,0,0,0,0,0,0,0,0,0,0,0
2017,970,50,0,0,0,0,50,0,0,0,0,0,0,0,50,0,0,0,0
2017,1019,32,0,0,2,0,17,0,0,2,0,2,0,0,0,0,0,0,2
2017,1016,68,2,2,5,1,68,2,2,5,1,1,0,0,0,0,0,0,0
2017,1047,252,10,3,7,0,177,10,3,6,0,3,0,27,0,0,0,20,0
2017,635,168,12,2,4,0,163,12,2,4,0,5,0,4,2,0,0,0,0
