año,NCODI,totHemodina_Paciente,totPaciente_radioInterv,totLitofrag_Paciente,totLitofrag_Sesion,totAceleLineal_Paciente,totAceleLineal_Sesion,totBomCobal_Paciente,totBomCobal_Sesion,totOtraRadio_Paciente,totOtraRadio_Sesion,totFisiot_Paciente,totFisiot_Sesion,totLogop_Paciente,totLogop_Sesion,totTerapOcupa_Paciente,totTerapOcupa_Sesion,totHemodial_Paciente,totHemodial_Sesion,totHemodialDom_Paciente,totHemodialDom_Sesion,totDialPerito_Paciente,totDialPerito_Sesion
2017,454,0,812,0,0,0,0,0,0,0,0,1140,6497,34,60,244,14096,0,0,0,0,0,0
2017,318,0,0,0,0,0,0,0,0,0,0,81,2015,0,0,67,9227,0,0,0,0,0,0
2017,600,0,0,0,0,0,0,0,0,0,0,122,2196,0,0,0,0,0,0,0,0,0,0
2017,545,0,0,0,0,1192,22553,0,0,0,0,4970,68728,705,2784,294,2248,170,10501,0,0,43,10688
2017,100,0,0,0,0,0,0,0,0,0,0,1,1,0,0,1,1,0,0,0,0,0,0
2017,702,1269,1669,0,0,0,0,0,0,50,51,2902,20318,49,248,270,4187,0,0,0,0,0,0
2017,778,0,0,0,0,0,0,0,0,0,0,3035,88349,0,0,0,0,151,13569,0,0,7,1738
2017,341,0,0,0,0,0,0,0,0,0,0,946,14246,0,0,59,333,0,0,0,0,0,0
2017,99,0,0,0,0,0,0,0,0,0,0,844,10959,0,0,522,6597,0,0,0,0,0,0
2017,767,0,631,0,0,0,0,0,0,0,0,1309,3156,0,0,0,0,0,0,0,0,0,0
2017,359,0,0,0,0,0,0,0,0,0,0,805,13130,262,1314,226,2017,218,24559,0,0,0,0
2017,98,0,0,0,0,0,0,0,0,0,0,508,25010,0,0,143,6241,0,0,0,0,0,0
2017,132,0,0,0,0,0,0,0,0,0,0,368,9530,0,0,290,8752,0,0,0,0,0,0
2017,97,0,0,0,0,0,0,0,0,0,0,591,8931,14,143,550,1327,0,0,0,0,0,0
2017,103,0,0,0,0,0,0,0,0,0,0,0,0,0,0,0,0,0,0,0,0,0,0
2017,110,0,0,0,0,0,0,0,0,0,0,0,0,0,0,175,5250,0,0,0,0,0,0
2017,94,0,0,0,0,0,0,0,0,0,0,44,1204,0,0,61,1207,0,0,0,0,0,0
2017,91,0,0,0,0,0,0,0,0,0,0,320,8300,55,120,120,1892,0,0,0,0,0,0
2017,664,0,0,0,0,0,0,0,0,0,0,4187,50862,88,261,701,5326,0,0,0,0,0,0
2017,918,2601,4160,0,0,1758,31403,0,0,3,3,12132,199146,569,7266,2664,33801,347,4231,0,0,47,11082
2017,92,0,0,0,0,0,0,0,0,0,0,120,4966,0,0,117,1669,0,0,0,0,0,0
2017,95,0,0,0,0,0,0,0,0,0,0,730,10220,102,385,220,1150,0,0,0,0,0,0
2017,301,0,0,0,0,0,0,0,0,0,0,1913,30227,0,0,0,0,0,0,0,0,0,0
2017,492,0,356,0,0,0,0,0,0,0,0,2436,34531,0,0,0,0,0,0,0,0,0,0
2017,811,0,0,0,0,0,0,0,0,0,0,0,0,0,0,0,0,0,0,0,0,0,0
2017,812,0,0,0,0,2812,53166,0,0,0,0,722,4490,0,0,0,0,0,0,0,0,0,0
2017,832,0,0,0,0,0,0,0,0,0,0,34,2256,0,0,34,2891,0,0,0,0,0,0
2017,841,0,0,0,0,0,0,0,0,0,0,130,4160,0,0,52,457,0,0,0,0,0,0
2017,856,0,0,0,0,0,0,0,0,0,0,292,7599,281,2290,219,4150,0,0,0,0,0,0
2017,859,0,0,0,0,0,0,0,0,0,0,0,0,0,0,0,0,0,0,0,0,0,0
2017,861,0,0,0,0,0,0,0,0,0,0,0,0,0,0,0,0,0,0,0,0,0,0
2017,880,0,0,0,0,0,0,0,0,0,0,618,13547,100,2401,327,4730,0,0,0,0,0,0
2017,883,0,0,0,0,0,0,0,0,0,0,0,0,0,0,281,3255,0,0,0,0,0,0
2017,884,0,0,0,0,0,0,0,0,0,0,440,10163,26,117,512,2723,0,0,0,0,0,0
2017,877,0,0,0,0,0,0,0,0,0,0,0,0,0,0,0,0,0,0,0,0,0,0
2017,911,0,0,0,0,0,0,0,0,0,0,3154,53447,2387,3776,5962,19722,0,0,0,0,0,0
2017,913,0,0,0,0,0,0,0,0,0,0,0,0,0,0,0,0,0,0,0,0,0,0
2017,922,167,2,144,144,0,0,0,0,0,0,0,0,0,0,0,0,0,0,0,0,0,0
2017,923,0,0,0,0,0,0,0,0,0,0,0,0,0,0,143,777,0,0,0,0,0,0
2017,924,0,0,0,0,1665,32950,0,0,0,0,0,0,0,0,0,0,0,0,0,0,0,0
2017,947,0,0,0,0,0,0,0,0,0,0,130,3900,0,0,130,1560,0,0,0,0,0,0
2017,951,0,0,0,0,0,0,0,0,0,0,986,2015,0,0,925,1975,0,0,0,0,0,0
2017,1103,0,0,0,0,0,0,0,0,0,0,682,15697,37,477,368,1475,0,0,0,0,0,0
2017,972,0,0,0,0,0,0,0,0,0,0,208,1040,0,0,208,974,0,0,0,0,0,0
2017,973,21,65,0,0,0,0,0,0,0,0,0,0,0,0,0,0,0,0,0,0,0,0
2017,974,0,0,0,0,0,0,0,0,0,0,515,7862,0,0,273,498,0,0,0,0,0,0
2017,975,0,0,0,0,0,0,0,0,0,0,250,15970,0,0,215,8027,0,0,0,0,0,0
2017,960,0,0,0,0,0,0,0,0,0,0,771,24815,14,406,503,13361,0,0,0,0,0,0
2017,1028,0,0,0,0,0,0,0,0,0,0,0,0,0,0,0,0,0,0,0,0,0,0
2017,976,0,0,0,0,0,0,0,0,0,0,796,1480,0,0,0,0,0,0,0,0,0,0
2017,977,0,0,0,0,0,0,0,0,0,0,836,12528,144,211,516,4274,0,0,0,0,0,0
2017,1020,0,0,0,0,0,0,0,0,0,0,79,211,0,0,0,0,0,0,0,0,0,0
2017,994,0,429,0,0,0,0,0,0,0,0,2563,37217,0,0,0,0,98,14490,0,0,7,2326
2017,995,0,0,0,0,0,0,0,0,0,0,778,7391,0,0,0,0,0,0,0,0,0,0
2017,1060,0,0,0,0,0,0,0,0,0,0,0,0,0,0,0,0,0,0,0,0,0,0
2017,1005,0,0,0,0,0,0,0,0,0,0,104,3326,0,0,37,108,0,0,0,0,0,0
2017,1061,0,0,0,0,0,0,0,0,0,0,8,560,0,0,6,480,0,0,0,0,0,0
2017,1062,0,0,0,0,0,0,0,0,0,0,57,57,0,0,0,0,0,0,0,0,0,0
2017,1006,0,0,0,0,0,0,0,0,0,0,0,0,0,0,0,0,0,0,0,0,0,0
2017,1088,0,0,0,0,0,0,0,0,0,0,0,0,0,0,0,0,0,0,0,0,0,0
2017,1089,0,0,0,0,0,0,0,0,0,0,547,10390,0,0,0,0,0,0,0,0,0,0
2017,1076,0,0,0,0,0,0,0,0,0,0,0,0,0,0,0,0,0,0,0,0,0,0
2017,1078,0,0,0,0,0,0,0,0,0,0,758,8110,0,0,851,15350,0,0,0,0,0,0
2017,1033,0,1618,0,0,0,0,0,0,0,0,4704,51266,0,0,0,0,0,0,0,0,0,0
2017,1037,0,0,0,0,0,0,0,0,0,0,0,0,0,0,116,10774,0,0,0,0,0,0
2017,1039,0,0,0,0,0,0,0,0,0,0,0,0,0,0,0,0,0,0,0,0,0,0
2017,1067,0,0,0,0,0,0,0,0,0,0,506,20042,0,0,0,0,0,0,0,0,0,0
2017,1065,0,0,0,0,0,0,0,0,0,0,1194,60885,31,67,538,27070,0,0,0,0,0,0
2017,1066,0,21,0,0,0,0,0,0,0,0,5752,70432,0,0,0,0,0,0,0,0,0,0
2017,1100,0,0,0,0,0,0,0,0,0,0,593,23140,0,0,0,0,0,0,0,0,0,0
2017,1105,0,0,0,0,0,0,0,0,0,0,1259,25018,238,349,315,4448,0,0,0,0,0,0
2017,1107,0,0,0,0,0,0,0,0,0,0,0,0,0,0,0,0,0,0,0,0,0,0
2017,1111,0,0,0,0,0,0,0,0,0,0,0,0,0,0,0,0,0,0,0,0,0,0
2017,1121,0,0,0,0,0,0,0,0,0,0,69,5544,0,0,69,5280,0,0,0,0,0,0
2017,1119,0,0,0,0,0,0,0,0,0,0,161,10584,30,558,61,2585,0,0,0,0,0,0
2017,207,0,0,0,0,0,0,0,0,0,0,2034,39742,48,1696,0,0,0,0,0,0,0,0
2017,431,0,0,0,0,0,0,0,0,0,0,2391,25022,0,0,462,3506,0,0,0,0,0,0
2017,387,0,0,0,0,0,0,0,0,0,0,1590,76397,0,0,0,0,0,0,0,0,0,0
2017,179,0,0,0,0,0,0,0,0,0,0,68,9356,0,0,0,0,0,0,0,0,0,0
2017,606,0,0,0,0,0,0,0,0,0,0,2590,42157,0,0,0,0,32,2511,0,0,0,0
2017,925,1888,2814,0,0,888,18145,0,0,0,0,28279,509029,0,0,2149,38681,201,17972,0,0,34,10397
2017,541,0,0,0,0,0,0,0,0,0,0,1915,68885,0,0,0,0,0,0,0,0,0,0
2017,797,0,0,0,0,0,0,0,0,0,0,1236,13639,0,0,0,0,0,0,0,0,0,0
2017,627,0,0,0,0,404,10257,0,0,0,0,2605,90272,1516,2448,0,0,45,1960,0,0,9,108
2017,173,0,0,0,0,0,0,0,0,0,0,57,5402,0,0,399,49079,0,0,0,0,0,0
2017,636,1984,0,0,0,0,0,0,0,0,0,7100,84092,258,846,0,0,929,7798,53,1165,548,16326
2017,205,0,0,0,0,0,0,0,0,0,0,0,0,0,0,0,0,0,0,0,0,0,0
2017,814,0,0,0,0,0,0,0,0,0,0,0,0,0,0,0,0,0,0,0,0,0,0
2017,881,0,0,0,0,0,0,0,0,0,0,0,0,0,0,0,0,0,0,0,0,0,0
2017,771,552,596,316,423,847,15638,0,0,,,1940,52222,251,2554,54,3489,76,7908,0,0,0,0
2017,533,115,0,0,0,0,0,0,0,0,0,1098,22456,11,21,0,0,0,0,0,0,0,0
2017,447,0,0,0,0,0,0,0,0,0,0,296,2764,0,0,0,0,0,0,0,0,0,0
2017,815,0,10,0,0,0,0,0,0,0,0,297,7530,0,0,0,0,0,0,0,0,0,0
2017,801,1327,1282,0,0,153,2298,0,0,,,2971,60571,0,0,0,0,1200,13433,0,0,0,0
2017,800,0,0,0,0,0,0,0,0,0,0,1574,12394,0,0,0,0,0,0,0,0,0,0
2017,389,0,0,0,0,0,0,0,0,0,0,3041,45707,0,0,0,0,0,0,0,0,0,0
2017,695,0,779,0,0,0,0,0,0,,,742,17899,0,0,0,0,40,12921,0,0,0,0
2017,816,0,0,0,0,0,0,0,0,0,0,1591,28796,0,0,35,951,0,0,0,0,0,0
2017,833,0,0,0,0,0,0,0,0,0,0,2641,48987,0,0,0,0,0,0,0,0,0,0
2017,870,248,0,0,0,0,0,0,0,0,0,2667,37611,152,2594,7,35,0,0,0,0,0,0
2017,927,0,0,0,0,0,0,0,0,0,0,3328,41753,0,0,0,0,0,0,0,0,0,0
2017,961,0,0,0,0,567,12232,0,0,,,3769,67686,0,0,0,0,48,2510,0,0,0,0
2017,962,0,0,0,0,0,0,0,0,0,0,2993,32923,0,0,0,0,0,0,0,0,0,0
2017,1079,94,10,0,0,0,0,0,0,0,0,4188,44401,0,0,0,0,0,0,0,0,0,0
2017,1101,189,9,0,0,0,0,0,0,0,0,736,14272,13,46,0,0,0,0,0,0,0,0
2017,666,1339,1535,0,0,0,0,0,0,0,0,10912,567478,0,0,0,0,805,8884,25,3940,87,23277
2017,392,0,0,0,0,0,0,0,0,0,0,2244,39808,502,3060,822,7262,0,0,0,0,0,0
2017,790,0,332,504,504,841,21165,0,0,0,0,2918,204852,299,2416,0,0,0,0,0,0,0,0
2017,650,0,753,0,0,0,0,0,0,0,0,3099,79411,0,0,0,0,0,0,0,0,0,0
2017,876,0,803,0,0,0,0,0,0,0,0,8881,94793,0,0,0,0,0,0,0,0,0,0
2017,944,0,0,0,0,0,0,0,0,0,0,0,0,0,0,0,0,0,0,0,0,0,0
2017,952,0,59,0,0,0,0,0,0,0,0,50,542,0,0,0,0,0,0,0,0,0,0
2017,54,0,0,0,0,0,0,0,0,0,0,0,0,0,0,0,0,0,0,0,0,0,0
2017,367,0,14,0,0,0,0,0,0,0,0,0,0,0,0,0,0,0,0,0,0,0,0
2017,538,0,431,0,0,0,0,0,0,0,0,3198,36273,0,0,365,2235,0,0,0,0,0,0
2017,557,0,0,8,8,0,0,0,0,0,0,4899,38599,0,0,682,6444,0,0,0,0,0,0
2017,653,0,332,0,0,0,0,0,0,0,0,4995,39344,0,0,0,0,0,0,0,0,0,0
2017,647,0,0,0,0,0,0,0,0,0,0,587,26076,0,0,111,1826,0,0,0,0,0,0
2017,978,1467,1329,0,0,809,15287,0,0,1069,1525,6515,57731,0,0,295,1764,1327,13984,0,0,194,5441
2017,996,0,0,0,0,0,0,0,0,0,0,2944,23438,0,0,276,2490,0,0,0,0,0,0
2017,729,4039,6568,576,749,2034,30512,0,0,,,4803,58100,531,3571,0,0,175,13617,0,0,0,0
2017,182,213,0,0,0,0,0,0,0,0,0,0,0,0,0,0,0,0,0,0,0,0,0
2017,633,70,148,0,0,128,143,0,0,0,0,349,7611,291,6898,0,0,0,0,0,0,0,0
2017,685,0,8,0,0,0,0,0,0,,,884,9907,0,0,0,0,0,0,0,0,0,0
2017,683,0,0,0,0,0,0,0,0,,,1405,12619,0,0,0,0,15,2087,0,0,0,0
2017,945,0,0,0,0,0,0,0,0,,,893,14393,0,0,0,0,0,0,0,0,0,0
2017,953,0,0,0,0,0,0,0,0,0,0,0,0,0,0,0,0,0,0,0,0,0,0
2017,1022,0,0,0,0,0,0,0,0,,,766,10232,0,0,0,0,0,0,0,0,0,0
2017,1049,0,0,0,0,0,0,0,0,,,646,8617,0,0,0,0,0,0,0,0,0,0
2017,794,4467,3888,412,674,0,0,0,0,0,0,5621,132034,427,7232,1851,42854,137,11913,1128,177096,0,0
2017,415,0,0,0,0,2135,34794,0,0,203,370,0,0,0,0,0,0,0,0,0,0,0,0
2017,592,0,0,0,0,0,0,0,0,0,0,1971,42065,0,0,0,0,127,15267,0,0,0,0
2017,497,133,14656,0,0,0,0,0,0,0,0,2156,41128,0,0,0,0,2038,26671,0,0,0,0
2017,458,390,98,0,0,0,0,0,0,0,0,463,6945,1,7,0,0,0,0,0,0,0,0
2017,726,0,89,0,0,0,0,0,0,0,0,3232,175558,0,0,350,18000,84,2568,0,0,0,0
2017,272,0,0,0,0,0,0,0,0,0,0,1817,31837,132,1643,0,0,127,16297,0,0,0,0
2017,805,4074,3377,426,686,1281,22836,0,0,137,257,2018,110468,4,164,90,7835,193,7073,1,187,29,10752
2017,234,0,0,0,0,0,0,0,0,0,0,1206,20209,143,1632,0,0,166,15360,0,0,0,0
2017,64,0,0,0,0,0,0,0,0,0,0,0,0,0,0,0,0,0,0,0,0,0,0
2017,842,0,21,0,0,0,0,0,0,0,0,1183,57969,0,0,0,0,41,5381,0,0,0,0
2017,843,0,0,0,0,0,0,0,0,0,0,433,15609,0,0,0,0,11,1207,0,0,0,0
2017,803,0,1175,0,0,0,0,0,0,0,0,4408,36427,0,0,331,2070,97,6542,0,0,33,4408
2017,211,0,0,0,0,0,0,0,0,0,0,1183,16947,0,0,0,0,0,0,0,0,0,0
2017,773,1787,2352,0,0,0,0,0,0,0,0,5770,85516,167,2100,0,0,149,4435,0,0,105,915
2017,424,0,0,0,0,0,0,0,0,0,0,0,0,0,0,0,0,0,0,0,0,0,0
2017,298,198,1923,0,0,0,0,0,0,0,0,1770,38524,0,0,0,0,142,25144,0,0,0,0
2017,594,0,0,0,0,0,0,0,0,0,0,0,0,0,0,0,0,0,0,0,0,0,0
2017,237,0,0,0,0,0,0,0,0,0,0,1067,16924,79,674,0,0,0,0,0,0,0,0
2017,16,0,0,0,0,0,0,0,0,0,0,156,8290,3,30,60,1201,0,0,0,0,0,0
2017,768,0,0,0,0,0,0,0,0,0,0,376,11306,3,6,0,0,0,0,0,0,0,0
2017,617,0,0,0,0,0,0,0,0,0,0,3733,48401,146,1021,0,0,148,10010,0,0,16,4412
2017,297,0,0,0,0,0,0,0,0,0,0,778,61528,0,0,0,0,0,0,0,0,0,0
2017,105,0,0,0,0,0,0,0,0,0,0,160,5119,0,0,96,2366,0,0,0,0,0,0
2017,544,0,237,0,0,0,0,0,0,0,0,2380,34555,153,1444,135,1612,0,0,0,0,0,0
2017,804,0,0,0,0,0,0,0,0,0,0,5462,77842,464,3008,223,4252,147,9730,0,0,0,0
2017,104,0,0,0,0,0,0,0,0,0,0,0,0,0,0,203,751,0,0,0,0,0,0
2017,20,0,0,0,0,0,0,0,0,0,0,48,1572,0,0,49,1273,0,0,0,0,0,0
2017,550,0,0,0,0,0,0,0,0,0,0,2662,37425,19,87,0,0,0,0,0,0,0,0
2017,112,0,0,0,0,0,0,0,0,0,0,0,0,0,0,0,0,0,0,0,0,0,0
2017,818,0,0,0,0,0,0,0,0,0,0,433,4375,0,0,0,0,0,0,0,0,0,0
2017,882,0,0,0,0,0,0,0,0,0,0,0,0,0,0,0,0,0,0,0,0,0,0
2017,914,0,0,0,0,0,0,0,0,0,0,536,20951,20,202,0,0,0,0,0,0,0,0
2017,928,0,0,0,0,1313,28974,0,0,0,0,0,0,0,0,0,0,0,0,0,0,0,0
2017,964,0,0,0,0,0,0,0,0,159,751,715,45840,0,0,0,0,0,0,0,0,0,0
2017,1026,0,0,0,0,0,0,0,0,0,0,352,43932,11,136,55,3035,0,0,0,0,0,0
2017,1068,0,0,0,0,0,0,0,0,0,0,353,3223,55,229,350,3092,0,0,0,0,0,0
2017,1108,0,0,0,0,0,0,0,0,0,0,0,0,0,0,0,0,41,2467,0,0,0,0
2017,404,0,0,0,0,0,0,0,0,0,0,2664,57488,12,365,18,171,0,0,0,0,0,0
2017,270,211,608,0,0,296,5624,0,0,0,0,3149,62372,0,0,0,0,0,0,0,0,0,0
2017,676,0,0,0,0,0,0,0,0,,,1267,20718,0,0,158,1830,0,0,0,0,0,0
2017,709,0,0,0,0,0,0,0,0,,,697,17593,0,0,283,6352,0,0,0,0,0,0
2017,754,2110,3422,781,1172,1491,29460,0,0,,,15414,183207,80,8252,2535,45638,1278,33254,0,0,0,0
2017,997,0,33,0,0,0,0,0,0,,,629,11798,0,0,0,0,0,0,0,0,0,0
2017,1069,0,0,0,0,0,0,0,0,,,0,0,0,0,0,0,0,0,0,0,0,0
2017,1118,107,104,26,31,0,0,0,0,0,0,2648,58496,0,0,0,0,0,0,0,0,0,0
2017,734,1081,1424,0,0,0,0,0,0,0,0,3019,72712,295,3898,446,12372,111,10056,3,966,34,6970
2017,299,0,0,0,0,0,0,0,0,0,0,1858,29159,0,0,0,0,0,0,0,0,0,0
2017,645,0,0,0,0,0,0,0,0,0,0,1701,16387,0,0,0,0,0,0,0,0,0,0
2017,17,0,0,0,0,0,0,0,0,0,0,0,0,0,0,103,1854,0,0,0,0,0,0
2017,1046,0,0,0,0,0,0,0,0,0,0,48,3780,19,1814,114,10368,0,0,0,0,0,0
2017,420,0,0,0,0,0,0,0,0,0,0,951,14889,0,0,0,0,0,0,0,0,0,0
2017,802,0,0,0,0,0,0,0,0,0,0,7561,165773,505,10286,0,0,0,0,0,0,0,0
2017,266,1565,0,0,0,0,0,0,0,0,0,2500,39414,0,0,0,0,127,10880,0,0,0,0
2017,137,0,0,0,0,0,0,0,0,0,0,1018,16131,23,425,0,0,0,0,0,0,0,0
2017,769,0,0,0,0,898,21375,0,0,398,1736,95,317,0,0,0,0,0,0,0,0,0,0
2017,776,0,150,0,0,0,0,0,0,0,0,38302,124583,0,0,0,0,0,0,0,0,0,0
2017,640,0,92,0,0,0,0,0,0,0,0,2396,53888,0,0,0,0,0,0,0,0,0,0
2017,315,0,0,0,0,0,0,0,0,0,0,344,16624,168,5044,181,6436,0,0,0,0,0,0
2017,40,0,0,0,0,0,0,0,0,0,0,0,0,0,0,272,229,0,0,0,0,0,0
2017,508,0,0,0,0,0,0,0,0,0,0,7913,66718,0,0,0,0,0,0,0,0,0,0
2017,46,0,0,0,0,0,0,0,0,0,0,0,0,0,0,260,980,0,0,0,0,0,0
2017,590,0,123,0,0,0,0,0,0,0,0,6379,55484,0,0,0,0,77,6417,0,0,0,0
2017,777,0,326,0,0,0,0,0,0,0,0,1249,94464,0,0,0,0,0,0,0,0,0,0
2017,897,1264,3247,0,0,1000,18978,0,0,168,534,210057,249067,2679,2969,472,490,277,25282,0,0,0,0
2017,965,0,0,0,0,0,0,0,0,0,0,0,0,0,0,70,1870,0,0,0,0,0,0
2017,461,0,0,0,0,0,0,0,0,0,0,112,2537,0,0,0,0,0,0,0,0,0,0
2017,376,0,0,0,0,0,0,0,0,0,0,1110,30660,53,231,0,0,0,0,0,0,0,0
2017,621,0,291,0,0,0,0,0,0,,,1566,18779,0,0,0,0,0,0,0,0,0,0
2017,793,1979,2395,0,0,1201,12591,0,0,,,2800,50835,334,3465,391,9531,172,12585,0,0,0,0
2017,1102,88,39,0,0,0,0,0,0,0,0,2951,28396,40,103,0,0,0,0,0,0,0,0
2017,,0,0,0,0,0,0,0,0,0,0,235,790,0,0,0,0,0,0,0,0,0,0
2017,712,0,735,0,0,0,0,0,0,0,0,1945,82877,0,0,121,3955,80,5847,0,0,6,1246
2017,32,0,0,0,0,0,0,0,0,0,0,0,0,0,0,428,1464,0,0,0,0,0,0
2017,361,0,0,0,0,0,0,0,0,0,0,0,0,0,0,0,0,0,0,0,0,0,0
2017,486,0,0,0,0,0,0,0,0,0,0,2170,22355,0,0,0,0,0,0,0,0,0,0
2017,595,0,426,0,0,0,0,0,0,0,0,3788,108573,199,1309,0,0,90,7400,0,0,0,0
2017,433,0,0,0,0,0,0,0,0,0,0,632,10506,0,0,50,661,157,1677,0,0,0,0
2017,1058,0,0,0,0,0,0,0,0,0,0,424,6729,0,0,0,0,0,0,0,0,0,0
2017,261,0,0,0,0,0,0,0,0,0,0,0,0,0,0,0,0,0,0,0,0,0,0
2017,730,0,0,0,0,0,0,0,0,,,3525,52634,0,0,0,0,0,0,0,0,0,0
2017,577,0,0,0,0,0,0,0,0,,,2105,46450,0,0,0,0,0,0,0,0,0,0
2017,788,3173,0,0,0,1008,15130,0,0,,,8319,62839,0,0,0,0,160,9237,0,0,0,0
2017,865,0,0,0,0,0,0,0,0,,,596,11527,0,0,0,0,0,0,0,0,0,0
2017,979,0,0,0,0,0,0,0,0,,,258,6244,0,0,0,0,0,0,0,0,0,0
2017,998,0,0,0,0,0,0,0,0,,,216,3995,0,0,0,0,0,0,0,0,0,0
2017,1072,0,0,0,0,0,0,0,0,,,292,7411,0,0,0,0,0,0,0,0,0,0
2017,221,0,0,68,77,0,0,0,0,0,0,1293,23088,0,0,0,0,0,0,0,0,0,0
2017,506,0,0,0,0,0,0,0,0,0,0,2144,39420,0,0,0,0,0,0,0,0,0,0
2017,727,0,578,0,0,0,0,0,0,0,0,9352,212215,651,1267,362,3407,35,5583,0,0,6,2004
2017,355,0,0,0,0,0,0,0,0,0,0,2004,39964,28,120,17,198,0,0,0,0,0,0
2017,487,0,0,0,0,0,0,0,0,0,0,2517,31153,28,251,0,0,0,0,0,0,0,0
2017,938,4048,2312,960,960,921,19078,0,0,0,0,12752,278865,2627,5322,504,11332,65,10443,0,0,41,13518
2017,886,0,0,0,0,0,0,0,0,0,0,522,12159,28,112,0,0,0,0,0,0,0,0
2017,835,0,0,0,0,0,0,0,0,0,0,536,9942,77,351,0,0,0,0,0,0,0,0
2017,999,0,0,0,0,0,0,0,0,0,0,65,884,0,0,30,295,0,0,0,0,0,0
2017,798,2686,1334,0,0,37,737,0,0,674,14127,420,1133,0,0,0,0,75,6853,0,0,37,12119
2017,504,0,0,0,0,0,0,0,0,0,0,7871,160117,612,6213,0,0,0,0,0,0,0,0
2017,247,0,0,303,303,0,0,0,0,0,0,1442,15711,0,0,0,0,0,0,0,0,0,0
2017,216,0,0,0,0,0,0,0,0,0,0,0,0,0,0,0,0,0,0,0,0,0,0
2017,654,0,0,0,0,0,0,0,0,0,0,0,0,0,0,0,0,0,0,0,0,0,0
2017,65,0,0,0,0,0,0,0,0,0,0,0,0,0,0,0,0,0,0,0,0,0,0
2017,472,0,0,0,0,0,0,0,0,0,0,1244,26131,62,593,0,0,0,0,0,0,0,0
2017,427,0,0,0,0,0,0,0,0,0,0,0,0,0,0,91,3070,0,0,0,0,0,0
2017,491,0,0,0,0,0,0,0,0,0,0,1884,34385,48,748,137,1320,10,1523,0,0,0,0
2017,551,0,23,0,0,0,0,0,0,0,0,641,11636,41,509,0,0,0,0,0,0,0,0
2017,106,0,0,0,0,0,0,0,0,0,0,270,10476,0,0,202,5652,0,0,0,0,0,0
2017,819,0,0,0,0,0,0,0,0,0,0,135,6320,0,0,129,5316,0,0,0,0,0,0
2017,836,0,0,0,0,0,0,0,0,0,0,12,1200,0,0,10,600,0,0,0,0,0,0
2017,915,0,0,0,0,0,0,0,0,0,0,470,19740,95,222,241,4820,0,0,0,0,0,0
2017,942,0,0,0,0,0,0,0,0,0,0,27,350,0,0,0,0,0,0,0,0,0,0
2017,1140,0,0,0,0,0,0,0,0,0,0,75,450,0,0,0,0,0,0,0,0,0,0
2017,748,1311,1818,143,143,763,12909,0,0,78,439,79262,173577,1940,6495,0,0,47,7042,1,134,21,9203
2017,198,0,0,0,0,0,0,0,0,0,0,0,0,0,0,0,0,0,0,0,0,0,0
2017,871,0,0,0,0,0,0,0,0,0,0,1515,18694,134,2915,140,1822,36,5070,0,0,4,1340
2017,948,178,0,0,0,0,0,0,0,0,0,870,17417,0,0,0,0,0,0,0,0,0,0
2017,1051,0,0,0,0,0,0,0,0,0,0,0,0,0,0,0,0,0,0,0,0,0,0
2017,1083,0,0,0,0,0,0,0,0,0,0,0,0,0,0,0,0,0,0,0,0,0,0
2017,1096,0,0,0,0,0,0,0,0,0,0,0,0,0,0,0,0,0,0,0,0,0,0
2017,679,1147,1092,0,0,736,13122,0,0,0,0,10095,148801,0,0,411,4242,907,8162,0,0,218,1476
2017,176,0,0,0,0,0,0,0,0,0,0,0,28308,0,0,0,0,0,0,0,0,0,0
2017,537,0,0,0,0,0,0,0,0,0,0,375,11254,0,0,0,0,0,0,0,0,0,0
2017,608,0,161,0,0,0,0,0,0,0,0,438,33794,0,0,0,0,48,5664,0,0,0,0
2017,596,0,0,0,0,0,0,0,0,0,0,954,58303,0,0,0,0,0,0,0,0,0,0
2017,749,3488,2796,386,386,1262,20295,0,0,104,174,6111,160081,0,0,651,6837,58,8331,0,0,31,11221
2017,758,2857,1605,185,235,1808,32134,0,0,154,763,9622,153567,939,8637,934,14664,634,8244,0,0,0,0
2017,1104,3209,6395,0,0,1160,11695,0,0,0,0,7902,126641,149,2516,289,5064,69,1257,0,0,31,10940
2017,567,0,594,0,0,0,0,0,0,0,0,2240,19243,0,0,331,385,0,0,0,0,0,0
2017,677,1178,3849,0,0,1046,17121,0,0,0,0,8675,41914,158,838,0,0,76,13164,3,817,16,5584
2017,670,0,407,0,0,0,0,0,0,0,0,529,10957,1362,8518,131,4042,0,0,0,0,0,0
2017,588,0,0,0,0,0,0,0,0,0,0,3353,90665,110,1287,251,4531,0,0,0,0,0,0
2017,753,6261,3735,254,490,1646,30209,0,0,0,0,5301,92139,415,5036,660,7654,80,12948,3,513,13,4259
2017,887,0,0,0,0,0,0,0,0,0,0,2276,55859,0,0,2450,71429,0,0,0,0,0,0
2017,245,169,0,0,0,0,0,0,0,0,0,1870,37250,0,0,0,0,0,0,0,0,0,0
2017,603,328,0,0,0,0,0,0,0,0,0,5910,240376,316,4908,0,0,0,0,0,0,0,0
2017,426,0,0,0,0,0,0,0,0,0,0,2244,25663,20,500,67,6968,0,0,0,0,0,0
2017,232,0,0,0,0,0,0,0,0,0,0,0,0,9,61,0,0,0,0,0,0,0,0
2017,288,0,0,0,0,312,5640,0,0,0,0,2609,78830,300,19063,384,21800,0,0,0,0,0,0
2017,246,0,17,57,172,0,0,0,0,0,0,140,703,0,0,0,0,167,12748,0,0,0,0
2017,284,282,46,0,0,519,7785,0,0,0,0,5270,29992,0,0,0,0,471,5729,0,0,0,0
2017,18,0,0,0,0,0,0,0,0,0,0,0,0,0,0,159,4018,0,0,0,0,0,0
2017,356,0,0,0,0,0,0,0,0,0,0,0,0,0,0,65,2964,0,0,0,0,0,0
2017,401,0,0,0,0,0,0,0,0,0,0,411,30888,285,11988,75,3087,0,0,0,0,0,0
2017,733,2311,8752,470,699,1503,32314,0,0,88,387,12547,123189,934,8337,320,1742,2305,26746,33,526,380,7209
2017,243,0,0,0,0,0,0,0,0,0,0,295,1269,0,0,0,0,0,0,0,0,0,0
2017,380,0,0,0,0,0,0,0,0,0,0,482,17191,483,7429,188,2799,0,0,0,0,0,0
2017,716,0,55,0,0,0,0,0,0,0,0,0,0,0,0,0,0,139,12380,0,0,0,0
2017,534,148,47,0,0,0,0,0,0,0,0,1382,16582,0,0,0,0,0,0,0,0,0,0
2017,185,207,2,265,392,0,0,0,0,0,0,0,0,0,0,0,0,0,0,0,0,0,0
2017,258,383,36,214,247,277,5213,0,0,0,0,1384,25406,0,0,0,0,0,0,0,0,0,0
2017,505,0,0,0,0,0,0,0,0,0,0,10588,139987,0,0,0,0,187,18746,0,0,0,0
2017,268,215,276,0,0,0,0,0,0,0,0,,2316,0,0,0,0,0,0,0,0,0,0
2017,602,220,253,0,0,336,8836,0,0,0,0,1003,14371,48,600,27,769,7,19,0,0,0,0
2017,254,686,575,649,1179,341,8500,0,0,0,0,0,0,0,0,0,0,0,0,0,0,0,0
2017,705,400,1586,0,0,0,0,0,0,0,0,768,5259,261,1662,0,0,0,0,0,0,0,0
2017,133,0,0,0,0,0,0,0,0,0,0,0,0,0,0,0,0,0,0,0,0,0,0
2017,33,0,0,0,0,0,0,0,0,0,0,0,0,0,0,157,2577,0,0,0,0,0,0
2017,143,0,0,0,0,0,0,0,0,0,0,23,41,0,0,0,0,0,0,0,0,0,0
2017,36,0,0,0,0,0,0,0,0,0,0,0,0,0,0,0,0,0,0,0,0,0,0
2017,756,603,948,73,140,365,9102,0,0,24,102,3341,57505,133,2255,125,2095,90,9321,0,0,0,0
2017,662,764,2529,0,0,0,0,0,0,0,0,8291,55480,361,1623,1283,6135,825,10651,12,239,222,6760
2017,192,0,0,0,0,0,0,0,0,0,0,642,18416,119,1756,193,4336,0,0,0,0,0,0
2017,382,0,0,0,0,0,0,0,0,0,0,0,0,0,0,0,0,0,0,0,0,0,0
2017,322,0,0,0,0,0,0,0,0,0,0,125,193410,0,0,122,147884,0,0,0,0,0,0
2017,478,0,0,0,0,0,0,0,0,0,0,3529,37162,0,0,1604,11205,0,0,0,0,0,0
2017,352,0,0,0,0,0,0,0,0,0,0,1020,19984,183,3113,318,6517,0,0,0,0,0,0
2017,628,1188,469,0,0,0,0,0,0,0,0,2724,60137,0,0,0,0,129,18802,6,1769,15,5580
2017,291,0,0,0,0,0,0,0,0,0,0,32,3378,0,0,93,4339,0,0,0,0,0,0
2017,495,0,0,0,0,0,0,0,0,0,0,631,69845,8,909,124,15124,0,0,0,0,0,0
2017,845,0,1396,0,0,0,0,0,0,0,0,1968,57220,0,0,269,1544,0,0,0,0,0,0
2017,498,0,233,0,0,0,0,0,0,0,0,1504,12223,0,0,0,0,0,0,0,0,0,0
2017,314,0,0,0,0,0,0,0,0,0,0,599,17344,124,1917,163,4167,0,0,0,0,0,0
2017,720,0,66,0,0,0,0,0,0,0,0,4999,80145,0,0,0,0,0,0,0,0,0,0
2017,721,526,1418,0,0,0,0,0,0,0,0,5321,121889,585,10585,206,4459,137,7509,0,0,30,5383
2017,485,0,0,0,0,0,0,0,0,0,0,0,0,0,0,0,0,0,0,0,0,0,0
2017,273,1611,640,0,0,0,0,0,0,0,0,0,0,0,0,0,0,0,0,0,0,0,0
2017,846,1148,5075,138,180,0,0,0,0,0,0,5979,72476,0,0,405,4894,62,9606,0,0,20,7031
2017,847,0,0,0,0,0,0,0,0,0,0,3682,83460,0,0,0,0,0,0,0,0,0,0
2017,848,1205,156,134,198,0,0,0,0,0,0,3294,33516,0,0,103,310,20,120,0,0,0,0
2017,916,0,0,0,0,466,8533,0,0,0,0,0,0,0,0,0,0,0,0,0,0,0,0
2017,930,102,81,0,0,0,0,0,0,0,0,5898,34799,0,0,0,0,0,0,0,0,0,0
2017,954,1,2840,0,0,1281,26799,0,0,0,0,4489,74347,382,4213,548,5153,0,0,0,0,0,0
2017,943,0,0,0,0,0,0,0,0,0,0,2583,48309,0,0,0,0,0,0,0,0,0,0
2017,949,1914,5787,0,0,1144,19791,0,0,99,278,15665,119845,1627,9774,3104,29079,1112,11398,0,0,875,18732
2017,980,385,955,127,150,0,0,0,0,0,0,0,0,0,0,0,0,0,0,0,0,0,0
2017,981,0,0,0,0,0,0,0,0,0,0,840,17078,216,9601,218,8211,0,0,0,0,0,0
2017,1024,575,523,0,0,955,13503,0,0,0,0,4150,68643,45,545,0,0,0,0,0,0,0,0
2017,1017,0,0,0,0,0,0,0,0,0,0,97,818,0,0,0,0,0,0,0,0,0,0
2017,1000,160,696,0,0,878,18439,0,0,223,3795,2400,76828,0,0,0,0,29,198,0,0,0,0
2017,1018,295,218,0,0,0,0,0,0,0,0,3380,46939,325,3314,346,6400,65,6704,0,0,0,0
2017,1001,25,14,0,0,0,0,0,0,0,0,0,0,0,0,0,0,0,0,0,0,0,0
2017,1007,0,933,0,0,0,0,0,0,0,0,5660,115775,0,0,172,2194,67,9878,0,0,36,11923
2017,1008,0,0,0,0,0,0,0,0,0,0,2000,32443,0,0,125,1673,67,9921,2,266,25,8594
2017,1010,0,356,0,0,0,0,0,0,0,0,1449,22117,169,2628,23,691,54,7958,0,0,7,2576
2017,1011,0,26,0,0,0,0,0,0,0,0,1544,32358,0,0,186,2992,43,6561,0,0,0,0
2017,1012,0,0,0,0,0,0,0,0,0,0,1480,28233,0,0,207,4121,788,8940,0,0,148,4661
2017,1013,2736,7889,167,189,1546,26534,0,0,0,0,10403,70262,0,0,0,0,82,16630,0,0,29,10436
2017,1041,0,0,0,0,0,0,0,0,0,0,0,0,0,0,130,49920,0,0,0,0,0,0
2017,1073,713,456,0,0,0,0,0,0,0,0,2560,42356,320,7852,0,0,134,12003,0,0,17,0
2017,1087,674,3116,0,0,632,18121,0,0,30,124,5887,95548,224,3905,332,5477,785,10106,8,103,60,1365
2017,1109,271,1160,0,0,0,0,0,0,0,0,3469,43146,350,4758,433,6765,604,7251,7,169,1,1
2017,1110,81,105,0,0,465,6847,0,0,0,0,3484,47372,21,42,0,0,0,0,0,0,0,0
2017,1112,0,0,0,0,0,0,0,0,0,0,5275,50041,0,0,0,0,0,0,0,0,0,0
2017,1120,0,0,0,0,0,0,0,0,0,0,64,1529,12,297,31,623,0,0,0,0,0,0
2017,1126,0,813,0,0,0,0,0,0,0,0,5345,77115,112,1989,544,6915,89,11765,0,0,0,0
2017,789,0,0,0,0,0,0,0,0,0,0,70,7295,0,0,0,0,0,0,0,0,0,0
2017,326,0,0,0,0,0,0,0,0,0,0,0,0,0,0,0,0,0,0,0,0,0,0
2017,442,331,306,0,0,0,0,0,0,0,0,1472,20941,105,1124,0,0,0,0,0,0,0,0
2017,294,317,249,242,368,0,0,0,0,0,0,1238,13655,0,0,0,0,0,0,0,0,0,0
2017,378,0,0,0,0,0,0,0,0,0,0,450,20931,0,0,0,0,0,0,0,0,0,0
2017,402,58,0,0,0,0,0,0,0,0,0,630,9450,0,0,0,0,0,0,0,0,0,0
2017,29,0,0,0,0,0,0,0,0,0,0,0,0,0,0,210,1680,0,0,0,0,0,0
2017,450,0,0,0,0,0,0,0,0,0,0,360,5400,0,0,0,0,0,0,0,0,0,0
2017,656,0,359,0,0,0,0,0,0,,,1263,11684,0,0,0,0,0,0,0,0,0,0
2017,333,460,430,0,0,0,0,0,0,0,0,1100,12550,0,0,0,0,171,10770,0,0,0,0
2017,684,0,0,0,0,0,0,0,0,,,989,78852,0,0,0,0,0,0,0,0,0,0
2017,422,67,0,3,3,0,0,0,0,0,0,622,6227,0,0,0,0,103,860,0,0,0,0
2017,763,2295,2614,1044,1566,1317,26408,0,0,,,5926,292755,0,0,318,30303,513,12821,0,0,0,0
2017,741,3288,532,0,0,1447,20809,0,0,,,2948,84264,65,2684,86,3432,0,0,0,0,0,0
2017,553,1147,1657,0,0,0,0,0,0,,,1381,33961,0,0,0,0,83,7198,0,0,0,0
2017,357,0,0,0,0,0,0,0,0,0,0,2,14,0,0,0,0,0,0,0,0,0,0
2017,899,0,0,0,0,0,0,0,0,0,0,0,0,0,0,0,0,0,0,0,0,0,0
2017,900,0,0,0,0,0,0,0,0,0,0,145,1483,0,0,0,0,0,0,0,0,0,0
2017,932,0,0,0,0,0,0,0,0,0,0,0,0,0,0,0,0,0,0,0,0,0,0
2017,950,0,0,0,0,0,0,0,0,0,0,3431,34307,130,1300,0,0,0,0,0,0,0,0
2017,966,182,23,0,0,0,0,0,0,0,0,0,0,0,0,0,0,0,0,0,0,0,0
2017,967,0,0,0,0,0,0,0,0,0,0,126,1163,0,0,0,0,0,0,0,0,0,0
2017,982,661,290,0,0,164,2869,0,0,12,19,2313,30852,25,111,0,0,0,0,0,0,0,0
2017,1014,0,270,0,0,0,0,0,0,,,0,0,0,0,0,0,0,0,0,0,0,0
2017,1080,233,317,303,356,0,0,0,0,0,0,0,0,0,0,0,0,0,0,0,0,0,0
2017,1074,0,0,0,0,0,0,0,0,0,0,0,0,0,0,0,0,0,0,0,0,0,0
2017,1084,0,0,0,0,0,0,0,0,0,0,991,17537,55,1410,0,0,0,0,0,0,0,0
2017,1113,0,0,0,0,0,0,0,0,0,0,30,45,0,0,0,0,0,0,0,0,0,0
2017,1137,0,0,0,0,0,0,0,0,0,0,0,0,0,0,0,0,0,0,0,0,0,0
2017,1142,0,252,0,0,0,0,0,0,,,686,22601,0,0,0,0,32,3172,0,0,0,0
2017,722,5449,5636,0,0,1438,25206,0,0,31,137,13611,69554,681,3324,457,2382,92,10219,0,0,69,26001
2017,660,0,1133,0,0,0,0,0,0,0,0,1352,23555,0,0,0,0,70,7526,0,0,0,0
2017,75,0,0,0,0,0,0,0,0,0,0,0,0,0,0,496,6750,0,0,0,0,0,0
2017,249,42,30,0,0,0,0,0,0,0,0,232,4172,0,0,0,0,0,0,0,0,0,0
2017,227,184,308,0,0,0,0,0,0,0,0,0,0,0,0,0,0,0,0,0,0,0,0
2017,150,0,0,0,0,0,0,0,0,0,0,60,146,4,126,0,0,0,0,0,0,0,0
2017,47,0,0,0,0,0,0,0,0,0,0,0,0,0,0,0,0,0,0,0,0,0,0
2017,172,0,0,0,0,0,0,0,0,0,0,2312,27110,0,0,0,0,0,0,0,0,0,0
2017,581,0,498,0,0,0,0,0,0,0,0,1425,31287,0,0,0,0,0,0,0,0,0,0
2017,120,0,0,0,0,0,0,0,0,0,0,2479,37716,226,7499,0,0,0,0,0,0,0,0
2017,445,0,0,0,0,0,0,0,0,0,0,96,2431,0,0,0,0,0,0,0,0,0,0
2017,471,0,0,0,0,0,0,0,0,0,0,4820,68466,0,0,0,0,0,0,0,0,0,0
2017,53,0,0,0,0,0,0,0,0,0,0,70,1655,0,0,0,0,0,0,0,0,0,0
2017,199,0,0,49,49,0,0,0,0,0,0,2425,62578,253,10659,0,0,0,0,0,0,0,0
2017,575,0,0,0,0,0,0,0,0,0,0,1080,13244,0,0,0,0,0,0,0,0,0,0
2017,528,0,316,0,0,0,0,0,0,0,0,5067,39082,0,0,0,0,0,0,0,0,0,0
2017,631,0,0,0,0,0,0,0,0,0,0,4351,27148,0,0,0,0,40,5991,0,0,2,744
2017,699,0,1994,0,0,0,0,0,0,0,0,11760,43279,0,0,0,0,0,0,0,0,0,0
2017,823,0,0,0,0,0,0,0,0,0,0,1971,40435,0,0,0,0,0,0,0,0,0,0
2017,849,0,0,0,0,0,0,0,0,0,0,4168,18832,0,0,0,0,0,0,0,0,0,0
2017,869,0,0,0,0,0,0,0,0,0,0,1153,17940,0,0,0,0,0,0,0,0,0,0
2017,955,0,0,0,0,0,0,0,0,0,0,0,0,0,0,58,14848,0,0,0,0,0,0
2017,983,0,0,0,0,0,0,0,0,0,0,118,2255,0,0,152,37853,0,0,0,0,0,0
2017,1002,0,0,0,0,0,0,0,0,0,0,44,1194,0,0,0,0,0,0,0,0,0,0
2017,285,208,0,0,0,0,0,0,0,0,0,1612,20199,0,0,0,0,149,14609,0,0,0,0
2017,253,354,104,0,0,0,0,0,0,0,0,0,0,0,0,0,0,0,0,0,0,0,0
2017,481,86,110,0,0,0,0,0,0,0,0,2346,29319,0,0,0,0,12,21,0,0,0,0
2017,540,396,0,0,0,530,14310,0,0,0,0,1292,19380,689,2094,0,0,0,0,0,0,0,0
2017,41,0,0,0,0,0,0,0,0,0,0,0,0,0,0,0,0,0,0,0,0,0,0
2017,510,0,0,0,0,0,0,0,0,0,0,0,0,0,0,0,0,0,0,0,0,0,0
2017,305,0,0,0,0,0,0,0,0,,,0,0,0,0,0,0,0,0,0,0,0,0
2017,708,0,0,0,0,0,0,0,0,,,889,15698,0,0,0,0,0,0,0,0,0,0
2017,755,2872,1707,852,934,2398,35084,0,0,,,11399,193486,480,5434,458,16367,83,12490,0,0,0,0
2017,750,3432,1450,0,0,1380,19957,0,0,,,2419,106306,19,822,195,9696,1977,18152,0,0,0,0
2017,696,2183,219,329,426,0,0,0,0,,,1917,50174,0,0,82,6684,0,0,0,0,0,0
2017,421,0,0,0,0,0,0,0,0,0,0,1609,21411,22,831,313,3598,0,0,0,0,0,0
2017,827,0,0,0,0,0,0,0,0,0,0,0,0,0,0,85,680,0,0,0,0,0,0
2017,933,0,227,0,0,0,0,0,0,0,0,4056,91268,0,0,0,0,0,0,0,0,0,0
2017,1030,21,0,11,39,0,0,0,0,0,0,68,17922,60,8378,46,5810,0,0,0,0,0,0
2017,1003,0,79,0,0,0,0,0,0,,,1443,10915,0,0,0,0,0,0,0,0,0,0
2017,1050,0,28,0,0,0,0,0,0,,,285,2769,0,0,0,0,0,0,0,0,0,0
2017,1043,221,0,0,0,0,0,0,0,0,0,848,23227,78,682,0,0,0,0,0,0,0,0
2017,1128,0,211,0,0,0,0,0,0,,,1649,10554,0,0,0,0,0,0,0,0,0,0
2017,1125,0,0,0,0,0,0,0,0,0,0,8,88,0,0,8,160,0,0,0,0,0,0
2017,1135,0,0,0,0,0,0,0,0,,,613,4264,0,0,0,0,0,0,0,0,0,0
2017,934,0,113,0,0,0,0,0,0,0,0,10985,132912,0,0,598,4987,49,6929,0,0,1,394
2017,629,1930,1040,0,0,0,0,0,0,0,0,2803,42325,185,2514,237,4025,312,3601,0,0,0,0
2017,21,0,0,0,0,0,0,0,0,0,0,0,0,0,0,0,0,0,0,0,0,0,0
2017,615,0,11,0,0,0,0,0,0,0,0,3202,45783,75,978,0,0,0,0,0,0,0,0
2017,626,0,0,0,0,0,0,0,0,0,0,2152,14334,0,0,0,0,0,0,0,0,0,0
2017,417,0,0,0,0,0,0,0,0,0,0,909,21701,0,0,0,0,0,0,0,0,0,0
2017,597,0,0,0,0,0,0,0,0,0,0,1068,34980,38,349,0,0,0,0,0,0,0,0
2017,1015,2281,4878,0,0,1549,18980,0,0,1768,1768,9643,92466,0,0,0,0,42,4492,0,0,29,9883
2017,51,0,0,0,0,0,0,0,0,0,0,0,0,0,0,0,0,0,0,0,0,0,0
2017,441,0,0,0,0,0,0,0,0,0,0,2112,38010,122,2193,268,4825,0,0,0,0,0,0
2017,327,0,0,0,0,0,0,0,0,0,0,0,0,0,0,0,0,0,0,0,0,0,0
2017,690,500,1901,80,117,478,6889,0,0,109,252,1302,17899,59,530,162,514,90,7049,0,0,0,0
2017,262,0,23,0,0,0,0,0,0,0,0,2446,55346,0,0,0,0,0,0,0,0,0,0
2017,403,0,0,0,0,0,0,0,0,0,0,276,1039,0,0,0,0,0,0,0,0,0,0
2017,312,0,0,0,0,0,0,0,0,0,0,0,0,0,0,0,0,0,0,0,0,0,0
2017,589,0,0,0,0,0,0,0,0,0,0,4115,87991,0,0,0,0,0,0,0,0,0,0
2017,665,0,697,0,0,0,0,0,0,0,0,4607,82928,0,0,0,0,77,6682,0,0,0,0
2017,334,0,0,0,0,0,0,0,0,0,0,14,566,0,0,22,5420,0,0,0,0,0,0
2017,1075,1385,3577,492,660,1652,29949,0,0,218,721,7752,227053,214,2922,528,2081,204,26536,14,1779,25,3208
2017,751,1081,1144,0,0,627,18477,0,0,0,0,4328,241184,0,0,163,6509,79,10745,0,0,0,0
2017,186,61,0,0,0,0,0,0,0,0,0,49,1123,0,0,0,0,0,0,0,0,0,0
2017,646,0,58,0,0,0,0,0,0,0,0,783,32878,0,0,0,0,0,0,0,0,0,0
2017,536,0,0,0,0,0,0,0,0,0,0,1118,71036,0,0,0,0,21,3734,0,0,0,0
2017,242,0,0,0,0,0,0,0,0,0,0,500,7500,0,0,0,0,0,0,0,0,0,0
2017,490,0,0,0,0,0,0,0,0,0,0,799,5599,229,4120,47,2089,0,0,0,0,0,0
2017,500,227,20,0,0,185,2760,0,0,0,0,1610,30704,93,640,0,0,0,0,0,0,0,0
2017,206,0,0,0,0,0,0,0,0,0,0,2412,46929,30,330,0,0,0,0,0,0,0,0
2017,58,0,0,0,0,0,0,0,0,0,0,0,0,0,0,3,80,0,0,0,0,0,0
2017,572,0,240,0,0,0,0,0,0,0,0,3106,108044,0,0,0,0,64,9280,0,0,0,0
2017,180,0,0,0,0,0,0,0,0,0,0,898,5805,0,0,0,0,0,0,0,0,0,0
2017,549,0,0,0,0,0,0,0,0,0,0,710,130288,0,0,0,0,37,3323,0,0,0,0
2017,582,0,0,0,0,0,0,0,0,0,0,963,20524,0,0,16,167,36,3732,0,0,0,0
2017,743,1383,847,0,0,0,0,0,0,0,0,12821,516678,382,7854,730,23081,49,7653,0,0,0,0
2017,795,0,0,0,0,0,0,0,0,0,0,1560,10128,0,0,0,0,99,10283,0,0,0,0
2017,269,0,0,0,0,0,0,0,0,0,0,861,8610,96,960,0,0,0,0,0,0,0,0
2017,634,0,4,0,0,1815,17715,0,0,0,0,514,6915,0,0,0,0,103,6731,0,0,0,0
2017,1,0,0,0,0,0,0,0,0,0,0,2527,20696,45,327,0,0,0,0,0,0,0,0
2017,717,0,231,0,0,0,0,0,0,0,0,936,33738,0,0,0,0,31,4765,0,0,0,0
2017,373,0,0,0,0,0,0,0,0,0,0,0,9471,0,0,0,0,0,0,0,0,0,0
2017,535,0,534,0,0,0,0,0,0,0,0,3589,56368,0,0,0,0,42,4914,0,0,0,0
2017,824,3778,5739,1020,1020,1482,30681,0,0,451,1384,8432,285878,548,12787,828,23200,91,14450,6,1485,118,43123
2017,888,0,74,0,0,0,0,0,0,0,0,135,1043,0,0,81,2680,32,4572,0,0,0,0
2017,902,0,0,0,0,0,0,0,0,0,0,120,2623,0,0,0,0,0,0,0,0,0,0
2017,968,0,0,0,0,0,0,0,0,0,0,0,0,0,0,0,0,0,0,0,0,0,0
2017,1130,0,0,0,0,0,0,0,0,0,0,84,480,0,0,0,0,0,0,0,0,0,0
2017,1141,0,0,0,0,0,0,0,0,0,0,0,0,0,0,0,0,0,0,0,0,0,0
2017,1145,0,0,0,0,0,0,0,0,0,0,39,384,0,0,33,372,0,0,0,0,0,0
2017,1122,0,0,0,0,0,0,0,0,0,0,0,0,0,0,0,0,0,0,0,0,0,0
2017,1133,0,0,0,0,0,0,0,0,0,0,0,0,0,0,0,0,0,0,0,0,0,0
2017,346,0,0,0,0,0,0,0,0,0,0,143,7147,0,0,389,66705,0,0,0,0,0,0
2017,27,0,0,0,0,0,0,0,0,0,0,0,0,0,0,0,0,0,0,0,0,0,0
2017,165,0,0,0,0,0,0,0,0,0,0,771,14608,24,499,0,0,0,0,0,0,0,0
2017,956,0,1369,0,0,0,0,0,0,781,6751,6931,112446,0,0,0,0,75,10802,1,157,11,8116
2017,413,0,0,0,0,0,0,0,0,0,0,0,0,0,0,0,0,0,0,0,0,0,0
2017,149,0,0,0,0,0,0,0,0,0,0,1112,35065,0,0,0,0,0,0,0,0,0,0
2017,612,553,90,0,0,0,0,0,0,0,0,2515,53978,0,0,0,0,0,0,0,0,0,0
2017,559,0,10,0,0,0,0,0,0,0,0,892,14874,0,0,0,0,0,0,0,0,0,0
2017,7,0,0,0,0,0,0,0,0,0,0,156,1526,0,0,0,0,0,0,0,0,0,0
2017,283,140,390,46,48,426,7223,0,0,0,0,2257,64779,0,0,0,0,0,0,0,0,0,0
2017,37,0,0,0,0,0,0,0,0,0,0,0,0,0,0,0,0,0,0,0,0,0,0
2017,153,171,19,0,0,0,0,0,0,0,0,2416,41450,0,0,0,0,0,0,0,0,0,0
2017,547,0,0,0,0,0,0,0,0,0,0,1936,51024,0,0,86,2543,137,670,0,0,0,0
2017,397,0,0,0,0,0,0,0,0,0,0,442,6201,240,1669,359,5895,0,0,0,0,0,0
2017,556,0,0,0,0,0,0,0,0,0,0,1218,114181,0,0,37,3090,75,5181,0,0,0,0
2017,42,0,0,0,0,0,0,0,0,0,0,0,0,0,0,0,0,0,0,0,0,0,0
2017,31,0,0,0,0,0,0,0,0,0,0,160,30360,4,396,5,410,0,0,0,0,0,0
2017,740,2344,3228,243,364,0,0,0,0,0,0,14522,102884,1591,5599,2014,9540,1113,13272,2732,33787,527,15177
2017,217,0,0,0,0,0,0,0,0,0,0,2553,21823,0,0,0,0,12,24,0,0,0,0
2017,863,0,0,0,0,0,0,0,0,0,0,2157,14849,0,0,0,0,0,0,0,0,0,0
2017,889,3307,4384,238,365,1658,28075,0,0,452,517,6398,57368,310,3114,376,4144,88,7951,4,736,91,31588
2017,984,0,0,0,0,0,0,0,0,0,0,1435,33219,0,0,0,0,36,314,0,0,0,0
2017,1106,0,0,0,0,0,0,0,0,0,0,864,18385,0,0,0,0,0,0,0,0,0,0
2017,1146,0,0,0,0,0,0,0,0,0,0,0,0,0,0,0,0,0,0,0,0,0,0
2017,34,0,0,0,0,0,0,0,0,0,0,144,9159,0,0,134,4410,0,0,0,0,0,0
2017,791,0,0,0,0,0,0,0,0,0,0,4318,77279,0,0,0,0,0,0,0,0,0,0
2017,181,0,0,0,0,0,0,0,0,0,0,137,9285,591,18540,67,3418,0,0,0,0,0,0
2017,430,0,0,0,0,0,0,0,0,0,0,939,6394,0,0,0,0,0,0,0,0,0,0
2017,715,29,940,344,385,436,8522,0,0,0,0,3982,72615,406,5843,183,6323,119,11605,0,0,20,2449
2017,521,0,0,0,0,0,0,0,0,0,0,1812,32611,0,0,0,0,0,0,0,0,0,0
2017,524,220,69,68,78,0,0,0,0,0,0,10325,156140,3,5,0,0,11,922,0,0,0,0
2017,432,0,0,0,0,0,0,0,0,0,0,3660,32087,0,0,0,0,0,0,0,0,0,0
2017,19,0,0,0,0,0,0,0,0,0,0,0,0,0,0,0,0,0,0,0,0,0,0
2017,25,0,0,0,0,0,0,0,0,0,0,0,0,0,0,0,0,0,0,0,0,0,0
2017,26,0,0,0,0,0,0,0,0,0,0,31,312,0,0,32,9605,0,0,0,0,0,0
2017,890,437,1320,0,0,0,0,0,0,0,0,0,0,0,0,0,0,95,12442,0,0,31,1620
2017,904,0,0,0,0,0,0,0,0,0,0,136,35407,0,0,0,0,0,0,0,0,0,0
2017,957,2810,5488,0,0,2056,42972,0,0,238,875,7633,194381,702,10970,695,14283,675,16155,0,0,41,4978
2017,939,4123,2977,0,0,1024,17619,0,0,70,336,14663,218786,1274,6188,5609,5609,138,17371,1,194,24,7855
2017,236,0,0,0,0,0,0,0,0,0,0,1861,34756,0,0,0,0,0,0,0,0,0,0
2017,735,1750,4141,78,86,1154,20327,0,0,235,1563,5545,92804,471,6710,614,10671,49,4918,0,0,32,6810
2017,146,0,0,0,0,0,0,0,0,0,0,923,8966,0,0,0,0,0,0,0,0,0,0
2017,363,156,206,0,0,0,0,0,0,0,0,1959,51336,0,0,0,0,0,0,0,0,0,0
2017,187,117,38,0,0,0,0,0,0,0,0,4059,35845,65,241,84,367,102,13684,0,0,0,0
2017,265,0,0,0,0,0,0,0,0,0,0,0,0,0,0,0,0,0,0,0,0,0,0
2017,295,0,60,0,0,0,0,0,0,0,0,294,3474,0,0,0,0,0,0,0,0,0,0
2017,496,1292,624,0,0,0,0,0,0,0,0,4439,37787,0,0,0,0,1531,15364,0,0,0,0
2017,77,0,0,0,0,0,0,0,0,0,0,496,6244,0,0,0,0,0,0,0,0,0,0
2017,391,0,0,86,96,0,0,0,0,0,0,0,0,0,0,0,0,0,0,0,0,0,0
2017,240,0,0,0,0,0,0,0,0,0,0,6212,51889,0,0,0,0,1817,22342,0,0,0,0
2017,448,0,0,0,0,0,0,0,0,0,0,1180,22650,23,519,0,0,11,1210,0,0,0,0
2017,151,0,0,0,0,0,0,0,0,0,0,108,5976,0,0,0,0,0,0,0,0,0,0
2017,425,0,0,0,0,0,0,0,0,0,0,487,10669,0,0,0,0,102,1133,0,0,0,0
2017,300,0,21,0,0,0,0,0,0,0,0,2325,23697,0,0,0,0,0,0,0,0,0,0
2017,339,759,3364,0,0,0,0,0,0,0,0,848,4125,0,0,0,0,6,18,0,0,0,0
2017,874,0,0,0,0,0,0,0,0,0,0,1390,22779,0,0,0,0,759,9599,0,0,0,0
2017,905,1993,615,159,248,751,17700,0,0,0,0,3176,102019,418,2918,85,1699,410,7766,0,0,41,7069
2017,1123,0,0,0,0,0,0,0,0,0,0,0,0,0,0,0,0,0,0,0,0,0,0
2017,736,1860,8202,165,192,1405,26301,0,0,265,684,5260,94374,938,10318,324,5829,93,8123,0,0,8,1830
2017,459,0,0,0,0,0,0,0,0,0,0,1645,57331,0,0,0,0,0,0,0,0,0,0
2017,320,0,0,0,0,0,0,0,0,0,0,2997,23739,5,120,175,22823,0,0,0,0,0,0
2017,45,0,0,0,0,0,0,0,0,0,0,31,564,3,64,0,0,0,0,0,0,0,0
2017,618,0,0,0,0,0,0,0,0,0,0,938,130361,0,0,137,9234,0,0,0,0,0,0
2017,463,0,158,0,0,0,0,0,0,0,0,1231,31452,106,788,49,691,0,0,0,0,0,0
2017,891,0,0,0,0,0,0,0,0,0,0,0,0,0,0,0,0,0,0,0,0,0,0
2017,958,0,840,0,0,0,0,0,0,0,0,6579,135776,0,0,535,3887,432,5564,12,242,143,4030
2017,244,0,0,0,0,0,0,0,0,0,0,376,5855,37,404,0,0,0,0,0,0,0,0
2017,28,0,0,0,0,0,0,0,0,0,0,42,825,0,0,68,3841,0,0,0,0,0,0
2017,444,0,0,0,0,0,0,0,0,0,0,2908,16610,0,0,0,0,0,0,0,0,0,0
2017,479,0,0,0,0,0,0,0,0,0,0,161,5440,193,6312,0,0,0,0,0,0,0,0
2017,539,0,0,0,0,1683,29471,0,0,0,0,3905,84336,112,1310,0,0,0,0,0,0,0,0
2017,343,0,0,0,0,0,0,0,0,0,0,1782,32482,0,0,0,0,0,0,0,0,0,0
2017,135,0,0,0,0,0,0,0,0,0,0,63,5136,0,0,0,0,0,0,0,0,0,0
2017,158,0,0,0,0,0,0,0,0,0,0,603,19851,0,0,2027,82823,0,0,0,0,0,0
2017,775,0,1045,0,0,0,0,0,0,0,0,1145,25862,46,1506,134,2580,0,0,0,0,0,0
2017,177,0,0,0,0,0,0,0,0,0,0,261,10948,0,0,0,0,199,21682,0,0,0,0
2017,578,0,0,0,0,0,0,0,0,0,0,743,10445,0,0,0,0,0,0,0,0,0,0
2017,416,0,0,0,0,0,0,0,0,0,0,3076,22653,320,651,320,19796,0,0,0,0,0,0
2017,561,0,0,0,0,0,0,0,0,0,0,2222,44724,83,1003,36,477,63,5633,0,0,0,0
2017,62,0,0,0,0,0,0,0,0,0,0,0,0,0,0,0,0,0,0,0,0,0,0
2017,828,0,0,0,0,0,0,0,0,0,0,173,16240,0,0,171,9251,0,0,0,0,0,0
2017,860,0,0,0,0,0,0,0,0,0,0,3360,52997,217,4167,0,0,0,0,0,0,0,0
2017,935,0,0,0,0,0,0,0,0,0,0,245,4886,0,0,52,860,0,0,0,0,0,0
2017,936,0,0,0,0,0,0,0,0,0,0,187,389,0,0,204,432,0,0,0,0,0,0
2017,986,0,0,0,0,0,0,0,0,0,0,0,0,0,0,0,0,0,0,0,0,0,0
2017,987,0,3,0,0,0,0,0,0,0,0,3488,45217,0,0,0,0,0,0,0,0,0,0
2017,1021,0,0,0,0,0,0,0,0,0,0,134,10522,0,0,78,5317,0,0,0,0,0,0
2017,1085,0,0,0,0,0,0,0,0,0,0,270,6686,0,0,0,0,0,0,0,0,0,0
2017,658,0,521,0,0,0,0,0,0,0,0,1589,19790,0,0,0,0,508,6052,6,135,30,833
2017,353,0,0,0,0,0,0,0,0,0,0,1048,6097,358,1793,692,3256,0,0,0,0,0,0
2017,323,0,0,0,0,0,0,0,0,0,0,0,0,0,0,60,4703,0,0,0,0,0,0
2017,620,0,133,0,0,0,0,0,0,0,0,2818,58144,0,0,0,0,0,0,0,0,0,0
2017,384,0,0,0,0,0,0,0,0,0,0,2538,44371,220,1386,1786,20383,0,0,0,0,0,0
2017,554,0,133,0,0,0,0,0,0,0,0,4134,74880,0,0,332,5137,0,0,0,0,0,0
2017,209,0,0,0,0,0,0,0,0,0,0,0,0,0,0,0,0,0,0,0,0,0,0
2017,707,2054,2707,549,1198,0,0,0,0,0,0,14567,295424,2076,12461,1038,16084,1330,13269,0,0,0,0
2017,395,0,7,0,0,0,0,0,0,0,0,1306,23145,0,0,0,0,0,0,0,0,0,0
2017,969,0,0,0,0,0,0,0,0,0,0,2406,71918,0,0,0,0,0,0,0,0,0,0
2017,1052,0,0,0,0,0,0,0,0,0,0,0,0,0,0,42,530,0,0,0,0,0,0
2017,739,2376,2430,352,1035,2502,24334,0,0,521,940,29215,489154,522,7202,3003,17717,360,6439,1,360,51,16524
2017,613,862,3026,554,684,0,0,0,0,0,0,4153,91415,0,0,0,0,1176,10101,17,3235,88,20090
2017,593,0,1369,0,0,0,0,0,0,0,0,40509,370969,0,0,0,0,0,0,0,0,0,0
2017,704,11476,3021,0,0,1152,22874,0,0,0,0,1115,164216,269,2273,78,1117,1020,7100,0,0,67,15075
2017,493,0,0,0,0,0,0,0,0,0,0,1796,16670,0,0,0,0,0,0,0,0,0,0
2017,686,1583,2136,0,0,2486,19254,0,0,0,0,2777,108442,230,3766,166,4618,1063,7716,103,348,441,1094
2017,257,126,25,0,0,0,0,0,0,0,0,0,0,0,0,0,0,81,8550,0,0,0,0
2017,494,0,0,0,0,0,0,0,0,0,0,0,0,0,0,0,0,0,0,0,0,0,0
2017,681,0,2771,0,0,991,25877,0,0,654,679,1029,9817,0,0,0,0,6,55,0,0,0,0
2017,286,36,0,213,213,2461,12305,0,0,202,901,79,3716,0,0,0,0,104,15149,0,0,0,0
2017,255,197,119,0,0,0,0,0,0,0,0,1898,30424,75,612,0,0,0,0,0,0,0,0
2017,79,0,0,0,0,0,0,0,0,0,0,0,0,0,0,0,0,0,0,0,0,0,0
2017,81,0,0,0,0,0,0,0,0,0,0,0,0,0,0,0,0,0,0,0,0,0,0
2017,688,0,1118,0,0,0,0,0,0,0,0,9083,286996,0,0,0,0,45,7069,0,0,13,4727
2017,531,0,1661,0,0,0,0,0,0,0,0,7863,106634,0,0,0,0,57,8038,11,4015,35,6300
2017,514,0,0,0,0,0,0,0,0,0,0,1650,80567,0,0,0,0,0,0,0,0,0,0
2017,499,0,682,0,0,0,0,0,0,0,0,496,12614,35,1422,63,917,0,0,0,0,0,0
2017,532,0,577,0,0,0,0,0,0,0,0,5993,88942,0,0,0,0,0,0,0,0,0,0
2017,190,0,0,0,0,0,0,0,0,0,0,2047,18578,324,2579,586,5168,0,0,0,0,0,0
2017,598,0,188,0,0,0,0,0,0,0,0,4201,133493,0,0,0,0,0,0,0,0,0,0
2017,260,494,16745,0,0,0,0,0,0,0,0,0,0,0,0,0,0,2,6,0,0,0,0
2017,838,0,0,0,0,0,0,0,0,0,0,687,4998,0,0,0,0,0,0,0,0,0,0
2017,839,0,0,0,0,0,0,0,0,0,0,122,2402,76,1506,106,2103,0,0,0,0,0,0
2017,851,0,0,0,0,0,0,0,0,0,0,0,0,0,0,0,0,0,0,0,0,0,0
2017,852,1617,2208,203,723,1565,23220,0,0,246,561,20804,440632,862,3925,0,0,183,28513,0,0,24,35040
2017,988,0,0,0,0,0,0,0,0,0,0,696,8218,191,1630,412,4424,0,0,0,0,0,0
2017,1056,521,274,94,139,0,0,0,0,0,0,1521,18685,490,5377,0,0,243,25267,0,0,0,0
2017,1044,0,0,0,0,0,0,0,0,0,0,0,0,0,0,0,0,0,0,0,0,0,0
2017,1114,0,36,0,0,0,0,0,0,0,0,5964,54617,0,0,0,0,0,0,0,0,0,0
2017,1129,0,105,0,0,0,0,0,0,0,0,767,8101,8,47,0,0,0,0,0,0,0,0
2017,644,0,2805,0,0,0,0,0,0,0,0,19717,295409,216,1421,91,6153,58,6523,0,0,0,0
2017,752,8119,3696,0,0,1537,32532,0,0,176,350,12267,520338,0,0,930,18941,41,5519,0,0,7,2441
2017,238,0,0,0,0,0,0,0,0,0,0,0,0,0,0,0,0,0,0,0,0,0,0
2017,325,0,0,0,0,0,0,0,0,0,0,164,7297,245,8973,175,7190,0,0,0,0,0,0
2017,622,0,200,0,0,0,0,0,0,0,0,7300,54607,0,0,0,0,0,0,0,0,0,0
2017,879,0,0,0,0,0,0,0,0,0,0,4892,31019,114,2082,64,343,0,0,0,0,0,0
2017,906,551,296,0,0,337,6533,0,0,0,0,0,0,0,0,0,0,0,0,0,0,0,0
2017,370,0,102,0,0,0,0,0,0,0,0,3255,20339,0,0,0,0,0,0,0,0,0,0
2017,418,0,0,81,259,0,0,0,0,0,0,270,19881,0,0,0,0,0,0,0,0,0,0
2017,574,0,0,0,0,0,0,0,0,0,0,1477,38548,0,0,0,0,0,0,0,0,0,0
2017,399,0,0,0,0,0,0,0,0,0,0,0,0,0,0,0,0,0,0,0,0,0,0
2017,195,0,0,0,0,0,0,0,0,0,0,0,0,0,0,0,0,0,0,0,0,0,0
2017,783,1603,2973,0,0,1537,28606,0,0,4,17,24995,392620,474,5005,157,4598,110,9486,0,0,0,0
2017,263,0,0,0,0,0,0,0,0,0,0,1110,20902,0,0,0,0,0,0,0,0,0,0
2017,194,0,0,0,0,0,0,0,0,0,0,0,0,0,0,0,0,0,0,0,0,0,0
2017,214,0,0,0,0,0,0,0,0,0,0,0,0,0,0,0,0,0,0,0,0,0,0
2017,785,0,5042,0,0,1410,38654,0,0,107,427,6334,97939,913,6549,191,2782,372,15399,0,0,0,0
2017,780,0,526,0,0,0,0,0,0,0,0,2204,89814,0,0,0,0,0,0,0,0,0,0
2017,782,840,1818,488,524,0,0,0,0,0,0,29844,90606,0,0,28,351,194,16663,0,0,211,448
2017,369,0,0,0,0,0,0,0,0,0,0,12226,242811,4319,4319,6823,6823,0,0,0,0,0,0
2017,713,0,0,0,0,0,0,0,0,0,0,8275,169569,16,744,40,97,0,0,0,0,0,0
2017,941,0,0,0,0,0,0,0,0,0,0,0,0,0,0,0,0,0,0,0,0,0,0
2017,1091,0,0,0,0,0,0,0,0,0,0,0,0,0,0,9434,9434,0,0,0,0,0,0
2017,1045,44,0,0,0,62,721,0,0,0,0,991,14155,0,0,0,0,0,0,0,0,0,0
2017,1086,0,0,0,0,1011,9119,0,0,0,0,0,0,0,0,0,0,0,0,0,0,0,0
2017,937,0,1240,0,0,346,6439,0,0,0,0,1696,86241,305,3297,112,2015,109,16559,0,0,13,4070
2017,1004,0,0,0,0,0,0,0,0,0,0,998,10659,154,3249,0,0,0,0,0,0,0,0
2017,737,1708,1563,806,806,875,25587,0,0,67,147,6090,198543,336,3461,201,8401,74,11550,0,0,31,6975
2017,765,2941,1726,0,0,1259,20690,0,0,264,2742,17728,123710,1288,7124,3019,20367,77,12065,0,0,31,9636
2017,329,0,715,0,0,0,0,0,0,0,0,848,15257,0,0,0,0,0,0,0,0,0,0
2017,87,0,0,0,0,0,0,0,0,0,0,91,2664,0,0,142,5920,0,0,0,0,0,0
2017,527,0,420,0,0,0,0,0,0,0,0,2608,60458,0,0,2614,4436,0,0,0,0,0,0
2017,562,24,0,0,0,0,0,0,0,0,0,2601,70916,0,0,381,7920,0,0,0,0,0,0
2017,251,108,115,0,0,0,0,0,0,0,0,1496,23019,0,0,0,0,0,0,0,0,0,0
2017,129,0,0,0,0,0,0,0,0,0,0,116,8244,0,0,0,0,0,0,0,0,0,0
2017,154,0,0,0,0,0,0,0,0,0,0,1533,16499,0,0,131,2212,209,20964,0,0,0,0
2017,516,129,0,0,0,0,0,0,0,0,0,0,0,0,0,0,0,0,0,0,0,0,0
2017,184,0,0,0,0,0,0,0,0,0,0,4795,29751,0,0,0,0,0,0,0,0,0,0
2017,652,0,0,0,0,0,0,0,0,0,0,3757,62711,0,0,0,0,19,2077,0,0,0,0
2017,637,0,97,0,0,0,0,0,0,0,0,842,51842,0,0,0,0,269,3191,0,0,0,0
2017,88,0,0,0,0,0,0,0,0,0,0,0,0,0,0,0,0,0,0,0,0,0,0
2017,907,0,0,0,0,0,0,0,0,0,0,0,0,0,0,0,0,0,0,0,0,0,0
2017,970,0,0,0,0,0,0,0,0,0,0,0,0,0,0,0,0,0,0,0,0,0,0
2017,1019,0,0,0,0,0,0,0,0,0,0,1229,8904,0,0,0,0,0,0,0,0,0,0
2017,1016,0,0,0,0,0,0,0,0,0,0,457,7763,0,0,0,0,0,0,0,0,0,0
2017,1047,0,0,0,0,0,0,0,0,0,0,471,8484,0,0,0,0,0,0,0,0,0,0
2017,635,0,229,0,0,0,0,0,0,0,0,1153,56335,0,0,0,0,62,9279,0,0,0,0
2017,113,0,0,0,0,0,0,0,0,0,0,0,0,0,0,159,2848,0,0,0,0,0,0
2017,619,0,0,0,0,0,0,0,0,0,0,0,0,0,0,0,0,0,0,0,0,0,0
2017,163,0,0,0,0,0,0,0,0,0,0,0,0,0,0,0,0,0,0,0,0,0,0
2017,131,0,0,0,0,0,0,0,0,0,0,98,994,0,0,0,0,0,0,0,0,0,0
2017,375,0,0,0,0,0,0,0,0,0,0,1352,17279,0,0,0,0,0,0,0,0,0,0
2017,1090,0,2661,333,446,904,17380,0,0,0,0,17716,372028,0,0,0,0,254,18124,0,0,0,0
2017,764,1711,2218,428,530,847,18305,0,0,69,223,11563,93237,2836,4992,2095,14462,83,12315,1,145,58,20321
2017,14,0,0,0,0,0,0,0,0,0,0,0,0,0,0,0,0,0,0,0,0,0,0
2017,657,0,368,0,0,0,0,0,0,0,0,3279,33027,0,0,0,0,0,0,0,0,0,0
2017,362,88,54,0,0,0,0,0,0,0,0,1783,21396,0,0,0,0,0,0,0,0,0,0
2017,989,0,148,0,0,0,0,0,0,0,0,2503,20332,455,2437,169,1906,0,0,0,0,0,0
2017,990,0,0,0,0,0,0,0,0,0,0,2822,20501,444,1276,319,2512,0,0,0,0,0,0
2017,680,2468,5603,210,351,0,0,0,0,0,0,5662,253462,0,0,0,0,717,13511,0,0,32,11680
2017,411,11334,390,0,0,0,0,0,0,0,0,939,22760,0,0,0,0,959,11735,0,0,0,0
2017,241,161,0,0,0,0,0,0,0,0,0,0,0,0,0,0,0,277,27097,0,0,0,0
2017,558,0,1997,0,0,0,0,0,0,0,0,22869,411646,0,0,0,0,80,12997,0,0,14,4719
2017,167,0,0,0,0,0,0,0,0,0,0,0,0,0,0,0,0,0,0,0,0,0,0
2017,248,241,260,0,0,307,386,0,0,95,220,2218,22852,0,0,0,0,478,16079,0,0,0,0
2017,224,0,0,0,0,0,0,0,0,0,0,0,0,0,0,0,0,0,0,0,0,0,0
2017,591,745,5738,198,198,740,12288,0,0,0,0,15484,376031,0,0,198,2883,200,6842,0,0,22,9221
2017,586,0,698,0,0,0,0,0,0,0,0,14543,449741,0,0,0,0,1289,14191,0,0,10,14608
2017,453,0,0,0,0,0,0,0,0,0,0,1367,112359,620,1954,1300,4000,0,0,0,0,0,0
2017,145,0,0,0,0,0,0,0,0,0,0,12,1513,0,0,0,0,0,0,0,0,0,0
2017,511,0,650,0,0,0,0,0,0,0,0,6409,115361,0,0,0,0,422,4543,0,0,74,74
2017,530,0,0,0,0,0,0,0,0,0,0,6490,249525,0,0,0,0,0,0,0,0,0,0
2017,6,0,0,50,50,0,0,0,0,0,0,0,0,0,0,0,0,0,0,0,0,0,0
2017,161,0,0,0,0,0,0,0,0,0,0,0,0,0,0,98,1375,0,0,0,0,0,0
2017,623,1752,0,0,0,1094,21124,0,0,0,0,11689,194060,0,0,0,0,0,0,0,0,0,0
2017,349,0,0,0,0,0,0,0,0,0,0,0,0,0,0,0,0,0,0,0,0,0,0
2017,875,91,72,0,0,555,12339,0,0,0,0,2093,35667,39,1301,46,2034,0,0,0,0,0,0
2017,946,172,499,0,0,0,0,0,0,0,0,2719,43682,0,0,0,0,153,2206,0,0,0,0
2017,1023,810,493,0,0,0,0,0,0,0,0,5019,72096,705,3720,0,0,299,15683,0,0,29,7778
2017,1054,487,1654,0,0,0,0,0,0,0,0,5274,56103,530,2174,0,0,281,14126,0,0,29,597
2017,1057,0,0,0,0,0,0,0,0,0,0,313,10965,187,3931,203,8326,0,0,0,0,0,0
2017,1031,0,0,0,0,0,0,0,0,0,0,207,5258,129,2372,163,6644,0,0,0,0,0,0
2017,1032,602,481,39,45,0,0,0,0,0,0,6726,96567,341,2513,0,0,155,15104,0,0,25,5522
2017,1064,0,261,0,0,687,14930,0,0,0,0,2828,38411,0,0,0,0,0,0,0,0,0,0
2017,226,95,34,195,195,0,0,0,0,0,0,2100,23107,0,0,0,0,7,1306,0,0,0,0
2017,687,0,0,0,0,0,0,0,0,,,821,26849,0,0,0,0,0,0,0,0,0,0
2017,745,1269,2477,0,0,837,17949,0,0,,,2848,49795,0,0,90,1884,346,15470,0,0,0,0
2017,109,66,45,0,0,0,0,0,0,0,0,1530,25306,75,360,0,0,0,0,0,0,0,0
2017,808,0,108,0,0,0,0,0,0,,,2175,44690,0,0,0,0,59,8758,0,0,0,0
2017,971,0,0,0,0,0,0,0,0,,,695,27656,0,0,0,0,0,0,0,0,0,0
2017,128,0,0,0,0,0,0,0,0,0,0,1248,16299,0,0,0,0,0,0,0,0,0,0
2017,919,0,1343,0,0,0,0,0,0,0,0,61775,194438,0,0,2145,6394,52,7565,1,172,16,5338
2017,725,1926,1247,0,0,1758,25110,0,0,216,1012,4191,72633,253,5969,343,9949,67,11788,3,780,13,4745
2017,3,0,0,0,0,0,0,0,0,0,0,41,10168,0,0,0,0,0,0,0,0,0,0
2017,306,0,0,0,0,0,0,0,0,0,0,0,0,0,0,98,980,0,0,0,0,0,0
2017,15,0,0,0,0,0,0,0,0,0,0,320,5760,0,0,0,0,0,0,0,0,0,0
2017,264,0,0,0,0,0,0,0,0,0,0,0,0,0,0,0,0,0,0,0,0,0,0
2017,867,0,0,0,0,0,0,0,0,0,0,0,0,0,0,0,0,0,0,0,0,0,0
2017,910,0,0,0,0,0,0,0,0,0,0,661,24273,0,0,0,0,36,10721,0,0,0,0
2017,1053,0,850,0,0,0,0,0,0,0,0,2964,28164,0,0,0,0,0,0,0,0,0,0
2017,1055,941,869,279,671,474,497,0,0,0,0,1326,24520,739,3372,0,0,0,0,0,0,0,0
2017,1081,0,0,0,0,0,0,0,0,0,0,305,53209,216,20406,295,46102,0,0,0,0,0,0
2017,1099,0,0,0,0,0,0,0,0,0,0,0,0,0,0,0,0,0,0,0,0,0,0
2017,1115,0,0,0,0,0,0,0,0,0,0,791,14238,38,409,0,0,0,0,0,0,0,0
2017,529,0,0,0,0,0,0,0,0,0,0,1312,30815,385,9125,625,12959,0,0,0,0,0,0
2017,345,0,0,0,0,0,0,0,0,0,0,78,715,0,0,72,3218,0,0,0,0,0,0
2017,515,0,0,0,0,0,0,0,0,0,0,2381,62963,3,54,0,0,0,0,0,0,0,0
2017,174,0,0,0,0,0,0,0,0,0,0,409,20882,0,0,0,0,0,0,0,0,0,0
2017,523,0,0,0,0,0,0,0,0,0,0,7973,169111,300,10485,562,16079,0,0,0,0,0,0
2017,697,355,575,84,84,0,0,0,0,0,0,139,2465,0,0,5750,103499,0,0,0,0,0,0
2017,239,200,284,0,0,0,0,0,0,0,0,3718,96669,26,367,0,0,0,0,0,0,0,0
2017,287,364,253,132,344,354,428,0,0,0,0,3498,138855,49,554,0,0,237,14162,0,0,0,0
2017,377,0,0,0,0,0,0,0,0,0,0,498,29061,0,0,145,8443,0,0,0,0,0,0
2017,692,0,32,0,0,0,0,0,0,0,0,5896,60524,327,2991,0,0,57,8353,0,0,26,8539
2017,435,566,8,0,0,0,0,0,0,0,0,2499,86536,0,0,0,0,0,0,0,0,0,0
2017,423,0,0,0,0,0,0,0,0,0,0,1437,13067,60,548,0,0,0,0,0,0,0,0
2017,351,0,0,0,0,0,0,0,0,0,0,2134,31240,0,0,0,0,0,0,0,0,0,0
2017,810,0,0,0,0,0,0,0,0,0,0,2348,15659,265,1344,0,0,0,0,0,0,0,0
2017,830,0,0,0,0,0,0,0,0,0,0,6454,79546,0,0,0,0,53,7754,9,2129,0,0
2017,892,0,1200,0,0,0,0,0,0,0,0,5050,173868,324,1635,545,18752,73,10091,0,0,20,6287
2017,921,845,105,125,134,0,0,0,0,0,0,2394,47873,123,3367,0,0,0,0,0,0,0,0
2017,991,0,0,0,0,0,0,0,0,0,0,298,4127,0,0,0,0,0,0,0,0,0,0
2017,992,0,0,0,0,0,0,0,0,0,0,2509,94842,0,0,155,2718,66,6402,0,0,11,900
2017,993,0,57,0,0,0,0,0,0,0,0,67877,214750,391,1058,1436,3052,68,4521,0,0,4,600
2017,1070,3558,3926,496,496,1477,31077,0,0,66,192,12554,149855,184,1927,377,6828,60,7929,0,0,0,0
2017,1095,0,0,0,0,0,0,0,0,0,0,988,13226,0,0,0,0,0,0,0,0,0,0
2017,1094,0,0,0,0,0,0,0,0,0,0,539,10089,0,0,0,0,0,0,0,0,0,0
2017,1124,0,0,0,0,0,0,0,0,0,0,0,0,0,0,0,0,0,0,0,0,0,0
2017,473,0,0,0,0,0,0,0,0,0,0,0,0,0,0,0,0,0,0,0,0,0,0
2017,663,1780,0,0,0,0,0,0,0,0,0,2439,23171,0,0,0,0,259,7516,0,0,0,0
2017,552,0,0,0,0,983,14334,0,0,90,1452,2777,48199,97,938,289,5726,0,0,0,0,0,0
2017,772,3560,4728,0,0,1280,22188,0,0,0,0,2389,34297,0,0,0,0,614,23647,3,839,55,12798
2017,568,0,0,0,0,0,0,0,0,0,0,26589,66512,28,256,4252,8849,0,0,0,0,0,0
2017,398,0,0,0,0,0,0,0,0,0,0,2424,18654,0,0,199,318,0,0,0,0,0,0
2017,394,0,572,0,0,0,0,0,0,0,0,217,8644,0,0,0,0,0,0,0,0,0,0
2017,614,0,267,0,0,0,0,0,0,0,0,251,10062,0,0,224,4603,0,0,0,0,0,0
2017,235,0,0,0,0,0,0,0,0,0,0,383,6275,0,0,0,0,0,0,0,0,0,0
2017,616,0,0,0,0,0,0,0,0,0,0,2756,24898,0,0,0,0,0,0,0,0,0,0
2017,267,948,15,0,0,0,0,0,0,0,0,2045,20445,0,0,0,0,0,0,0,0,0,0
2017,565,0,0,0,0,0,0,0,0,0,0,2499,28593,283,3277,0,0,0,0,0,0,0,0
2017,220,0,0,39,39,0,0,0,0,0,0,61,1048,0,0,0,0,0,0,0,0,0,0
2017,278,0,0,0,0,0,0,0,0,0,0,0,0,0,0,0,0,0,0,0,0,0,0
2017,107,0,0,0,0,0,0,0,0,0,0,0,0,0,0,0,0,0,0,0,0,0,0
2017,711,1929,564,0,0,1157,25412,0,0,79,282,4498,58018,557,2876,274,3931,0,0,0,0,0,0
2017,204,0,0,0,0,0,0,0,0,0,0,620,13252,0,0,372,7800,0,0,0,0,0,0
2017,579,0,0,0,0,0,0,0,0,0,0,1230,13435,985,2176,0,0,0,0,0,0,0,0
2017,348,0,0,0,0,0,0,0,0,0,0,547,16615,0,0,0,0,0,0,0,0,0,0
2017,766,0,2547,1592,1911,0,0,0,0,0,0,0,0,0,0,0,0,520,20273,2,464,52,12146
2017,761,0,0,0,0,0,0,0,0,0,0,1442,30287,0,0,434,4273,0,0,0,0,0,0
2017,728,0,0,224,262,0,0,0,0,0,0,4731,52744,191,2676,0,0,0,0,0,0,0,0
2017,280,0,0,0,0,0,0,0,0,0,0,4301,62792,0,0,0,0,0,0,0,0,0,0
2017,222,0,0,291,291,0,0,0,0,0,0,0,0,0,0,0,0,0,0,0,0,0,0
2017,276,396,74,0,0,678,12922,0,0,1075,8633,2016,36110,0,0,0,0,0,0,0,0,0,0
2017,11,0,36,184,184,0,0,0,0,0,0,0,0,0,0,0,0,0,0,0,0,0,0
2017,302,0,0,0,0,0,0,0,0,0,0,1017,12686,25,104,0,0,0,0,0,0,0,0
2017,682,0,0,0,0,801,16732,0,0,0,0,141,5525,0,0,0,0,0,0,0,0,0,0
2017,279,0,0,0,0,0,0,0,0,0,0,1546,8094,0,0,0,0,0,0,0,0,0,0
2017,282,735,357,0,0,991,8674,0,0,0,0,2096,16158,0,0,0,0,0,0,0,0,0,0
2017,281,444,763,0,0,0,0,0,0,0,0,0,0,0,0,0,0,0,0,0,0,0,0
2017,183,0,0,0,0,0,0,0,0,0,0,0,0,0,0,0,0,0,0,0,0,0,0
2017,610,0,0,0,0,0,0,0,0,0,0,0,0,0,0,0,0,0,0,0,0,0,0
2017,116,0,0,0,0,0,0,0,0,0,0,1476,43845,137,645,274,6666,0,0,0,0,0,0
2017,115,0,0,0,0,0,0,0,0,0,0,34,1881,0,0,0,0,0,0,0,0,0,0
2017,114,0,0,0,0,0,0,0,0,0,0,98,1528,0,0,93,1895,0,0,0,0,0,0
2017,119,0,0,0,0,0,0,0,0,0,0,0,0,0,0,0,0,0,0,0,0,0,0
2017,770,1888,5104,271,374,0,0,0,0,0,0,1566,19356,288,2956,169,2666,528,9600,0,0,66,15508
2017,583,0,0,0,0,0,0,0,0,0,0,44,559,0,0,0,0,0,0,0,0,0,0
2017,136,0,0,0,0,0,0,0,0,0,0,1843,34692,91,163,562,5521,0,0,0,0,0,0
2017,469,0,87,0,0,0,0,0,0,0,0,2213,26525,143,850,97,1690,0,0,0,0,0,0
2017,642,0,0,0,0,0,0,0,0,0,0,3224,53836,106,1298,185,6435,0,0,0,0,0,0
2017,674,496,118,0,0,0,0,0,0,0,0,1470,14109,76,1369,169,1808,18,649,0,0,5,356
2017,193,0,0,0,0,0,0,0,0,0,0,0,0,0,0,0,0,0,0,0,0,0,0
2017,526,0,0,0,0,0,0,0,0,0,0,1129,15304,113,736,2,2,0,0,0,0,0,0
2017,698,3399,7250,589,768,0,0,0,0,0,0,2154,31173,83,1241,259,4450,167,7442,0,0,195,1793
2017,630,0,482,0,0,0,0,0,0,0,0,3819,41243,651,6596,0,0,0,0,0,0,0,0
2017,124,0,0,0,0,0,0,0,0,0,0,0,0,374,4757,0,0,0,0,0,0,0,0
2017,364,0,0,0,0,0,0,0,0,0,0,2284,8975,0,0,0,0,0,0,0,0,0,0
2017,439,0,117,0,0,0,0,0,0,0,0,3118,34630,0,0,308,3425,0,0,0,0,0,0
2017,570,0,2241,0,0,494,8072,0,0,0,0,4488,49852,0,0,444,4930,56,6333,0,0,202,22989
2017,123,0,0,0,0,0,0,0,0,0,0,1485,44663,0,0,0,0,0,0,0,0,0,0
2017,310,0,0,0,0,0,0,0,0,0,0,0,0,0,0,0,0,0,0,0,0,0,0
2017,571,0,270,0,0,0,0,0,0,0,0,1911,7150,0,0,0,0,0,0,0,0,0,0
2017,296,0,0,0,0,0,0,0,0,0,0,1633,43807,83,585,531,7641,0,0,0,0,0,0
2017,566,0,0,0,0,0,0,0,0,0,0,2852,38520,0,0,0,0,186,9517,0,0,26,6702
2017,784,0,6162,0,0,0,0,0,0,0,0,7570,121072,140,2090,184,12207,269,21134,0,0,24,8642
2017,102,0,0,0,0,0,0,0,0,0,0,565,19730,0,0,0,0,0,0,0,0,0,0
2017,379,0,0,0,0,0,0,0,0,0,0,0,0,0,0,672,27268,0,0,0,0,0,0
2017,639,0,273,0,0,0,0,0,0,0,0,1576,53328,0,0,0,0,0,0,0,0,0,0
2017,457,0,0,0,0,0,0,0,0,0,0,1536,17995,58,457,6,91,0,0,0,0,0,0
2017,609,988,499,0,0,665,16172,0,0,0,0,6587,65783,0,0,0,0,9,39,0,0,0,0
2017,101,0,0,0,0,0,0,0,0,0,0,431,27425,0,0,212,5528,0,0,0,0,0,0
