año,NCODI,biopsias_hosp,biopsias_CEP,necropsias_hosp,angio_hosp,angio_CEP,densiometrias_hosp,densiometrias_CEP,gamma_hosp,gamma_CEP,mamo_hosp,mamo_CEP,pet_hosp,pet_CEP,resonancia_hosp,resonancia_CEP,rx_hosp,rx_CEP,spect_hosp,spect_CEP,tac_hosp,tac_CEP,Colonosopia,Broncoscopia,ERCP
2017,113,0,0,0,0,0,0,0,0,0,0,0,0,0,0,0,0,0,0,0,0,0,0,0,0
2017,619,0,0,0,0,0,0,0,0,0,1164,0,0,0,4509,0,9585,0,0,0,1614,0,3360,2,5
2017,163,502,0,0,0,0,382,0,0,0,753,0,0,0,5394,0,6775,0,0,0,1390,0,97,0,2
2017,131,0,0,0,0,0,0,0,0,0,0,0,0,0,0,0,0,0,0,0,0,0,0,0,0
2017,375,0,0,0,0,0,0,0,0,0,0,0,0,0,0,0,2560,0,0,0,0,0,0,0,0
2017,1090,29422,119,197,29,0,0,0,0,0,3899,0,0,0,2,0,148033,47562,0,0,26907,0,1076,48,44
2017,764,21653,0,31,154,0,2760,0,0,0,3401,0,0,0,11197,0,193663,0,0,0,24361,0,2754,724,444
2017,14,0,0,0,0,0,0,0,0,0,0,0,0,0,0,0,0,0,0,0,0,0,194,0,0
2017,657,6223,0,5,0,0,0,0,0,0,1175,0,0,0,0,0,40473,0,0,0,5083,0,1496,80,0
2017,362,3924,0,0,0,0,0,0,1002,0,23173,0,0,0,8500,0,10722,0,0,0,1839,0,1180,0,0
2017,989,0,0,0,0,0,0,0,0,0,979,0,0,0,0,0,32955,0,0,0,3895,0,1209,45,0
2017,990,0,0,0,0,0,0,0,0,0,1012,0,0,0,0,0,44937,0,0,0,4569,0,1470,208,0
2017,680,26575,0,18,1866,0,8135,0,0,0,6885,0,0,0,9029,0,157244,23204,0,0,29884,0,3911,1104,410
2017,411,6323,0,2,491,0,5680,0,0,0,4118,0,0,0,8456,0,34345,0,0,0,5816,0,1418,33,16
2017,241,2991,0,0,0,0,0,0,0,0,84,0,0,0,4529,0,4110,0,0,0,2630,0,0,0,0
2017,558,9875,0,2,0,0,0,0,0,0,4378,0,0,0,8410,0,61205,8669,0,0,9696,0,1974,200,125
2017,167,0,0,0,0,0,112,0,0,0,0,0,0,0,0,0,685,0,0,0,0,0,42,0,0
2017,248,0,0,0,571,0,788,0,1114,0,2470,0,663,0,18709,0,33096,0,0,0,8628,0,785,50,0
2017,224,1083,0,0,0,0,629,0,0,0,1182,0,0,0,1405,0,14187,0,0,0,1639,0,658,0,0
2017,591,16011,0,19,0,0,3470,0,0,0,6150,0,0,0,14434,0,120305,0,0,0,15338,0,2492,318,123
2017,586,22919,0,33,0,0,3509,0,0,0,11308,0,0,0,7327,0,142864,0,0,0,21859,0,2698,376,116
2017,453,0,0,0,0,0,0,0,0,0,0,0,0,0,0,0,16611,0,0,0,3219,0,457,36,0
2017,145,0,0,0,0,0,0,0,0,0,0,0,0,0,0,0,0,0,0,0,0,0,0,0,0
2017,511,13958,0,4,0,0,0,0,0,0,4347,0,0,0,0,0,70187,38174,0,0,15176,0,3779,231,72
2017,530,18160,0,7,0,0,0,0,0,0,2296,0,0,0,0,0,68058,31566,0,0,14053,0,5490,272,87
2017,6,402,0,0,121,0,2080,0,978,0,3553,0,490,0,5794,0,28840,0,0,0,4585,0,0,0,0
2017,161,0,0,0,0,0,0,0,0,0,0,0,0,0,0,0,0,0,0,0,0,0,0,0,0
2017,623,19402,0,2,0,0,0,5489,0,0,9648,0,2030,0,7118,0,131752,19119,10738,0,19029,0,3152,1324,99
2017,349,1258,0,0,0,0,312,0,0,0,634,0,0,0,0,0,857,0,0,0,387,0,398,0,0
2017,875,3196,0,0,75,0,1300,0,174,0,2884,0,240,0,5526,0,32660,0,36,0,5974,0,645,96,16
2017,946,4525,0,0,280,0,1361,0,391,0,2224,0,0,0,7279,0,29841,0,0,0,5864,0,676,26,17
2017,1023,12103,0,9,479,0,3320,0,0,0,3800,0,0,0,5995,0,141613,0,0,0,18528,0,3042,412,120
2017,1054,9054,0,6,1029,0,5542,0,0,0,5769,0,0,0,10838,0,87662,0,0,0,13789,0,2354,143,45
2017,1057,0,0,0,0,0,0,0,0,0,0,0,0,0,0,0,1275,0,0,0,144,0,0,0,0
2017,1031,0,0,0,0,0,0,0,0,0,0,0,0,0,0,0,0,0,0,0,0,0,0,0,0
2017,1032,11334,0,5,405,0,4346,0,0,0,4068,0,3797,0,5468,0,122772,0,1572,0,14627,0,2541,442,147
2017,1064,6190,0,0,94,0,1184,0,0,0,3099,0,0,0,8775,0,25676,0,0,0,4672,0,1414,58,20
2017,226,3588,0,0,0,0,1212,0,387,0,2265,0,0,0,8541,0,9276,0,0,0,2587,0,2425,0,0
2017,687,14319,,3,0,0,0,0,0,0,3572,,0,0,0,0,156069,0,0,0,8127,,1910,118,
2017,745,11900,,13,947,,3775,,3470,,9800,15290,0,0,6096,,149347,78592,1569,,23517,,4325,519,260
2017,109,5834,0,0,0,0,0,0,0,0,1148,0,0,0,5782,0,32680,0,0,0,4621,0,1480,4,6
2017,808,14882,0,7,0,0,0,0,0,0,12931,0,0,0,8125,0,145852,0,0,0,11246,0,3374,312,154
2017,971,2986,0,,0,0,0,0,0,0,608,0,0,0,0,0,49327,0,0,0,2083,0,928,,
2017,128,0,0,0,0,0,410,0,0,0,1110,0,0,0,0,0,19985,0,0,0,0,0,273,0,0
2017,919,9514,0,10,0,0,1035,0,0,0,7267,0,0,0,7642,0,91004,15234,0,0,13412,0,2841,157,68
2017,725,24224,0,23,313,0,3683,0,5628,0,5322,0,4133,0,15715,0,172033,0,3473,0,25613,0,3500,620,356
2017,3,0,0,0,0,0,0,0,0,0,0,0,0,0,0,0,0,0,0,0,0,0,0,0,0
2017,306,0,0,0,0,0,0,0,0,0,0,0,0,0,0,0,0,0,0,0,0,0,0,0,0
2017,15,88,0,0,0,0,0,0,0,0,191,0,0,0,0,0,3228,0,0,0,0,0,51,0,0
2017,264,0,0,0,0,0,0,0,0,0,1250,0,0,0,5130,0,23388,0,0,0,5989,0,1009,24,0
2017,867,0,0,0,0,0,0,0,0,0,869,0,0,0,0,0,9518,0,0,0,0,0,180,0,0
2017,910,0,0,0,0,0,0,0,0,0,2776,0,0,0,4259,0,65573,0,0,0,8166,0,1337,107,0
2017,1053,11003,0,3,0,0,0,0,0,0,6003,0,0,0,5944,0,73373,6494,0,0,12390,0,3234,162,0
2017,1055,120505,0,6,0,0,2153,0,0,0,5362,0,0,0,4141,0,120283,0,0,0,16937,0,1906,296,0
2017,1081,0,0,0,0,0,0,0,0,0,0,0,0,0,0,0,0,0,0,0,0,0,0,0,0
2017,1099,0,0,0,0,0,57,0,0,0,53,0,0,0,312,0,4001,0,0,0,464,0,0,0,0
2017,1115,0,0,0,0,0,355,0,0,0,808,0,0,0,1095,0,6076,0,0,0,687,0,193,0,0
2017,529,0,0,0,0,0,0,0,0,0,0,0,0,0,0,0,815,0,0,0,0,0,0,0,0
2017,345,0,0,0,0,0,0,0,0,0,0,0,0,0,0,0,0,0,0,0,0,0,0,0,0
2017,515,0,0,0,0,0,0,0,0,0,0,0,0,0,3830,0,22004,0,0,0,890,0,0,0,0
2017,174,0,0,0,0,0,0,0,0,0,0,0,0,0,0,0,0,0,0,0,0,0,1305,0,0
2017,523,0,0,0,0,0,0,0,0,0,0,0,0,0,5207,0,15570,0,0,0,720,0,0,0,0
2017,697,0,0,0,106,0,3919,0,994,0,8985,0,659,0,14587,0,85564,0,221,0,8975,0,3117,48,12
2017,239,5299,0,0,0,0,1114,0,0,0,3862,0,0,0,8679,0,49427,0,0,0,8409,0,1369,68,0
2017,287,7260,0,0,77,0,2711,0,870,0,4488,0,0,0,9157,0,59933,0,155,0,7145,0,2658,59,32
2017,377,0,0,0,0,0,0,0,0,0,0,0,0,0,0,0,3670,0,0,0,0,0,0,0,0
2017,692,11110,0,7,0,0,752,0,0,0,5812,0,0,0,5757,0,76819,0,0,0,9772,0,1514,161,0
2017,435,1646,0,0,566,0,176,0,0,0,2180,0,0,0,5422,0,18038,0,0,0,5378,0,228,20,0
2017,423,0,0,0,0,0,202,0,0,0,522,0,0,0,2033,0,9822,0,0,0,2261,0,0,0,0
2017,351,0,0,0,0,0,236,0,0,0,912,0,0,0,1601,0,26701,0,0,0,1021,0,79,19,0
2017,810,0,0,0,0,0,73,0,0,0,703,0,0,0,0,0,7350,0,0,0,1320,0,0,0,0
2017,830,9820,0,7,0,0,0,0,0,0,3901,0,0,0,0,0,69160,0,0,0,7814,0,1722,0,13
2017,892,19940,0,67,76,0,1212,0,0,0,4887,0,0,0,7267,0,105928,0,0,0,16288,0,1899,400,130
2017,921,5933,0,2,570,0,2970,0,1136,0,6250,0,0,0,13182,0,49607,0,0,0,11179,0,1846,35,37
2017,991,0,0,0,0,0,0,0,0,0,291,0,0,0,0,0,6649,0,0,0,0,0,0,0,0
2017,992,7337,0,27,0,0,0,0,0,0,1397,0,0,0,6896,0,61228,0,0,0,7410,0,1778,101,76
2017,993,5840,0,5,0,0,1049,0,0,0,1307,0,0,0,4894,0,37256,16057,0,0,6441,0,1125,71,0
2017,1070,29214,0,138,958,0,2039,0,6302,0,6806,0,2494,0,20160,0,152529,0,989,0,30709,0,3698,895,245
2017,1095,84,0,0,0,0,339,0,0,0,598,0,0,0,1539,0,13118,0,0,0,1960,0,152,1,0
2017,1094,0,0,0,0,0,0,0,0,0,247,0,0,0,3193,0,3188,0,0,0,777,0,89,0,0
2017,1124,0,0,0,0,0,0,0,0,0,0,0,0,0,0,0,0,0,0,0,0,0,5,0,0
2017,473,0,0,0,0,0,0,0,0,0,0,0,0,0,0,0,15100,0,0,0,0,0,0,0,0
2017,663,23935,0,0,1952,0,2893,0,1978,0,17230,0,647,0,13434,0,95253,9172,819,0,32282,0,6989,730,173
2017,552,0,0,0,781,0,626,0,0,0,7919,0,0,0,0,0,27127,0,0,0,2359,0,0,0,0
2017,772,323420,0,389,3284,0,4274,0,7012,0,8869,0,3252,0,23115,0,255551,0,1624,0,43325,0,6607,1047,315
2017,568,0,0,0,0,0,0,0,0,0,0,0,0,0,7406,0,17610,0,0,0,2339,0,0,0,0
2017,398,0,0,0,0,0,0,0,0,0,0,0,0,0,7193,0,9961,0,0,0,3771,0,0,0,0
2017,394,0,0,0,0,0,0,0,0,0,0,0,0,0,921,0,6507,0,0,0,0,0,0,0,0
2017,614,0,0,0,0,0,0,0,0,0,0,0,0,0,0,0,0,0,0,0,0,0,0,0,0
2017,235,0,0,0,0,0,0,0,0,0,0,0,0,0,3146,0,4987,0,0,0,261,0,0,0,0
2017,616,4468,0,1,0,0,0,0,0,0,0,0,0,0,3452,0,0,0,0,0,3992,0,1053,0,0
2017,267,2959,0,0,0,0,320,0,0,0,804,0,0,0,5998,0,1892,0,0,0,4295,0,0,0,0
2017,565,2495,0,0,0,0,454,0,0,0,297,0,0,0,3642,0,12136,0,0,0,3596,0,1095,0,0
2017,220,0,0,0,4,0,267,0,0,0,774,0,0,0,0,0,12952,0,0,0,1928,0,1330,0,7
2017,278,0,0,0,0,0,0,0,0,0,0,0,0,0,0,0,0,0,0,0,0,0,0,0,0
2017,107,0,0,0,0,0,0,0,0,0,0,0,0,0,0,0,0,0,0,0,0,0,0,0,0
2017,711,24712,0,63,948,0,3628,0,0,0,20273,0,3939,0,12768,0,106917,0,5096,0,32675,0,8044,1014,304
2017,204,0,0,0,0,0,0,0,0,0,44,0,0,0,0,0,403,0,0,0,0,0,0,0,0
2017,579,0,0,0,0,0,0,0,0,0,0,0,0,0,0,0,27703,0,0,0,246,0,0,0,0
2017,348,0,0,0,0,0,0,0,0,0,0,0,0,0,0,0,2292,0,0,0,0,0,0,0,0
2017,766,3239,0,0,182,0,0,0,385,0,0,0,0,0,597,0,21089,0,0,0,3902,0,0,0,0
2017,761,0,0,0,0,0,0,0,0,0,0,0,0,0,0,0,0,0,0,0,0,0,0,0,0
2017,728,15098,0,6,0,0,0,0,1953,0,5323,0,0,0,8726,0,86580,0,103,0,13681,0,3347,174,0
2017,280,0,0,0,0,0,2813,0,0,0,9281,0,0,0,24130,0,127651,0,0,0,12885,0,5547,92,56
2017,222,0,0,0,0,0,528,0,0,0,2072,0,0,0,1565,0,0,0,0,0,1332,0,0,0,0
2017,276,18887,0,9,18,0,3373,0,4046,0,8661,0,2075,0,17555,0,121024,0,0,0,33504,0,1636,122,50
2017,11,0,0,0,0,0,0,0,0,0,0,0,0,0,0,0,17648,0,0,0,0,0,0,0,0
2017,302,0,0,0,0,0,0,0,0,0,3235,0,0,0,0,0,0,0,0,0,0,0,962,0,0
2017,682,4474,0,0,0,0,472,0,0,0,240,0,105,0,3821,0,23183,0,106,0,5303,0,1266,48,26
2017,279,13312,0,12,0,0,0,0,0,0,0,0,0,0,23141,0,83874,0,0,0,15296,0,4206,22,19
2017,282,6540,0,0,113,0,2180,0,1245,0,8570,0,1645,0,24393,0,80208,0,2775,0,18282,0,11871,172,178
2017,281,5725,0,7,634,0,0,0,0,0,0,0,0,0,3463,0,40267,0,0,0,7187,0,382,348,86
2017,183,135,0,0,0,0,458,0,0,0,1107,0,0,0,2638,0,6083,0,0,0,3039,0,109,0,0
2017,610,0,0,0,773,0,0,0,0,0,0,0,0,0,0,0,2493,0,0,0,0,0,0,0,0
2017,116,0,0,0,0,0,0,0,0,0,0,0,0,0,0,0,0,0,0,0,0,0,0,0,0
2017,115,0,0,0,0,0,0,0,0,0,0,0,0,0,0,0,233,0,0,0,0,0,0,0,0
2017,114,0,0,0,0,0,0,0,0,0,0,0,0,0,0,0,0,0,0,0,0,0,0,0,0
2017,119,0,0,0,0,0,0,0,0,0,431,0,0,0,0,0,685,0,0,0,0,0,169,0,0
2017,770,28434,0,94,3094,0,3694,0,0,0,6739,0,0,0,17839,0,121031,0,8923,0,29808,0,5565,986,287
2017,583,0,0,0,0,0,1280,0,0,0,6636,0,0,0,2970,0,62233,0,0,0,6941,0,2092,93,0
2017,136,0,0,0,0,0,0,0,0,0,0,0,0,0,0,0,90,0,0,0,0,0,0,0,0
2017,469,3543,0,0,0,0,0,0,0,0,2565,0,0,0,0,0,28943,0,0,0,3409,0,619,50,0
2017,642,10696,0,0,0,0,0,0,0,0,7787,0,0,0,0,0,71184,0,0,0,10721,0,2443,141,0
2017,674,6015,0,58,289,0,1085,0,0,0,4581,0,0,0,7436,0,48783,1913,0,0,4102,0,147,39,0
2017,193,0,0,0,0,0,0,0,0,0,0,0,0,0,0,0,142,0,0,0,0,0,0,0,0
2017,526,18234,0,20,0,0,0,0,0,0,13475,0,0,0,8467,0,110456,0,0,0,14046,0,2666,331,169
2017,698,35526,0,50,1031,0,8886,0,13936,0,12425,0,2026,0,17592,0,156097,0,0,0,42608,0,5100,1503,752
2017,630,5324,0,0,0,0,0,0,0,0,5989,0,0,0,7160,0,34818,0,0,0,7877,0,2308,0,111
2017,124,0,0,0,0,0,0,0,0,0,0,0,0,0,0,0,0,0,0,0,0,0,0,0,0
2017,364,0,0,0,0,0,0,0,0,0,0,0,0,0,0,0,0,0,0,0,0,0,0,0,0
2017,439,0,0,0,0,0,0,0,0,0,941,0,0,0,0,0,32618,0,0,0,2521,0,0,0,0
2017,570,21103,0,23,0,0,0,0,0,0,3687,0,0,0,5965,0,125967,0,0,0,17781,0,3604,387,211
2017,123,0,0,0,0,0,0,0,0,0,0,0,0,0,0,0,0,0,0,0,0,0,0,0,0
2017,310,0,0,0,0,0,0,0,0,0,0,0,0,0,0,0,0,0,0,0,0,0,0,0,0
2017,571,0,0,0,91,0,0,0,0,0,7682,0,0,0,0,0,58660,0,0,0,8061,0,3763,71,0
2017,296,0,0,0,0,0,0,0,0,0,503,0,0,0,0,0,5394,0,0,0,0,0,0,0,0
2017,566,0,0,0,0,0,0,0,0,0,8958,0,0,0,6874,0,58160,0,0,0,11076,0,2735,300,0
2017,784,19807,0,117,0,0,0,0,10389,0,25281,0,1876,0,24465,0,144661,0,0,0,34470,0,5405,103,397
2017,102,0,0,0,0,0,0,0,0,0,0,0,0,0,0,0,702,0,0,0,0,0,0,0,0
2017,379,0,0,0,0,0,0,0,0,0,0,0,0,0,0,0,0,0,0,0,0,0,0,0,0
2017,639,18519,0,0,0,0,473,0,0,0,6392,0,0,0,3843,0,0,0,0,0,9437,0,3511,204,0
2017,457,1678,0,0,0,0,0,0,0,0,2667,0,0,0,0,0,24701,0,0,0,2708,0,708,0,0
2017,609,18323,0,15,904,0,2288,0,0,0,7507,0,0,0,16381,0,72775,0,1723,0,13622,0,3509,374,59
2017,101,0,0,0,0,0,0,0,0,0,0,0,0,0,0,0,0,0,0,0,0,0,0,0,0
2017,454,7079,0,12,0,0,0,0,0,0,2382,0,0,0,7172,0,44504,0,0,0,10572,0,2515,68,69
2017,318,0,0,0,0,0,0,0,0,0,0,0,0,0,0,0,0,0,0,0,0,0,0,0,0
2017,600,0,0,0,0,0,1251,0,0,0,5567,0,0,0,0,0,62775,0,0,0,8372,0,3168,247,0
2017,545,11347,0,20,944,0,521,0,0,0,8760,0,0,0,5053,0,70733,0,0,0,9947,0,2568,219,105
2017,100,0,0,0,0,0,0,0,0,0,0,0,0,0,0,0,0,0,0,0,0,0,0,0,0
2017,702,19391,0,54,499,0,0,0,0,0,11987,2668,0,0,11916,0,91139,75182,0,0,22667,0,5341,465,314
2017,778,9767,0,24,0,0,0,0,0,0,10931,0,0,0,4480,0,49911,0,0,0,11119,0,4761,190,74
2017,341,0,0,0,0,0,0,0,0,0,882,0,0,0,0,0,12104,0,0,0,0,0,84,0,0
2017,99,0,0,0,0,0,0,0,0,0,0,0,0,0,0,0,0,0,0,0,0,0,0,0,0
2017,767,0,0,0,0,0,0,0,0,0,5636,0,0,0,4199,0,57649,0,0,0,6183,0,5447,120,0
2017,359,0,0,0,0,0,1875,0,0,0,5430,0,0,0,0,0,23127,0,0,0,0,0,0,0,0
2017,98,0,0,0,0,0,0,0,0,0,0,0,0,0,0,0,0,0,0,0,0,0,0,0,0
2017,132,0,0,0,0,0,0,0,0,0,0,0,0,0,0,0,0,0,0,0,0,0,0,0,0
2017,97,0,0,0,0,0,0,0,0,0,0,0,0,0,0,0,0,0,0,0,0,0,0,0,0
2017,103,0,0,0,0,0,0,0,0,0,0,0,0,0,0,0,0,0,0,0,0,0,0,0,0
2017,110,0,0,0,0,0,0,0,0,0,0,0,0,0,0,0,0,0,0,0,0,0,0,0,0
2017,94,0,0,0,0,0,0,0,0,0,0,0,0,0,0,0,0,0,0,0,0,0,0,0,0
2017,91,0,0,0,0,0,0,0,0,0,0,0,0,0,0,0,0,0,0,0,0,0,0,0,0
2017,664,14808,0,33,170,0,0,0,0,0,2676,0,0,0,8260,0,90316,0,0,0,16663,0,3914,268,146
2017,918,41768,0,304,2977,0,6938,0,9426,0,17239,0,5151,0,43462,0,202612,0,4775,0,89545,0,10661,2342,362
2017,92,0,0,0,0,0,0,0,0,0,0,0,0,0,0,0,0,0,0,0,0,0,0,0,0
2017,95,0,0,0,0,0,0,0,0,0,0,0,0,0,0,0,0,0,0,0,0,0,0,0,0
2017,301,0,0,0,0,0,0,0,0,0,0,0,0,0,0,0,8766,337,0,0,0,0,264,138,41
2017,492,0,0,0,0,0,0,0,0,0,8521,0,0,0,0,0,46781,0,0,0,9711,0,1827,98,0
2017,811,0,0,0,0,0,0,0,0,0,0,3320,0,0,0,3632,1,0,0,0,0,1018,1494,27,6
2017,812,0,0,0,0,0,0,0,0,0,0,0,0,0,0,0,0,0,0,0,0,0,0,0,0
2017,832,0,0,0,0,0,0,0,0,0,0,0,0,0,0,0,0,0,0,0,0,0,0,0,0
2017,841,0,0,0,0,0,0,0,0,0,0,0,0,0,0,0,0,0,0,0,0,0,0,0,0
2017,856,0,0,0,0,0,0,0,0,0,0,0,0,0,0,0,0,0,0,0,0,0,0,0,0
2017,859,0,0,0,0,0,0,0,0,0,0,0,0,0,0,0,0,0,0,0,0,0,0,0,0
2017,861,0,0,0,0,0,0,0,0,0,0,0,0,0,0,0,0,0,0,0,0,0,0,0,0
2017,880,0,0,0,0,0,0,0,0,0,0,0,0,0,0,0,0,0,0,0,0,0,0,0,0
2017,883,0,0,0,0,0,0,0,0,0,0,0,0,0,0,0,0,0,0,0,0,0,0,0,0
2017,884,0,0,0,0,0,0,0,0,0,0,0,0,0,0,0,0,0,0,0,0,0,0,0,0
2017,877,0,0,0,0,0,0,0,0,0,0,0,0,0,0,0,0,0,0,0,0,0,0,0,0
2017,911,0,0,0,0,0,0,0,0,0,0,0,0,0,0,0,0,0,0,0,0,0,0,0,0
2017,913,0,0,0,0,0,0,0,0,0,0,0,0,0,0,0,0,0,0,0,0,0,0,0,0
2017,922,14581,0,0,0,0,1750,0,0,0,4016,0,0,0,9624,0,29724,0,0,0,8870,0,5402,94,0
2017,923,0,0,0,0,0,0,0,0,0,0,0,0,0,0,0,0,0,0,0,0,0,0,0,0
2017,924,0,0,0,0,0,0,0,0,0,0,0,0,0,0,0,0,0,0,0,1665,0,0,0,0
2017,947,0,0,0,0,0,0,0,0,0,0,0,0,0,0,0,0,0,0,0,0,0,0,0,0
2017,951,0,0,0,0,0,0,0,0,0,0,0,0,0,0,0,0,0,0,0,0,0,0,0,0
2017,1103,0,0,0,0,0,0,0,0,0,0,0,0,0,0,0,0,0,0,0,0,0,0,0,0
2017,972,0,0,0,0,0,0,0,0,0,0,0,0,0,0,0,0,0,0,0,0,0,0,0,0
2017,973,2506,0,0,21,0,0,0,0,0,717,0,0,0,14329,0,19875,0,0,0,3701,0,1813,10,0
2017,974,0,0,0,0,0,0,0,0,0,0,0,0,0,0,0,0,0,0,0,0,0,0,0,0
2017,975,0,0,0,0,0,0,0,0,0,0,0,0,0,0,0,0,0,0,0,0,0,0,0,0
2017,960,0,0,0,0,0,0,0,0,0,0,0,0,0,0,0,0,0,0,0,0,0,0,0,0
2017,1028,0,0,0,0,0,0,0,0,0,0,0,0,0,0,0,0,0,0,0,0,0,0,0,0
2017,976,0,0,0,0,0,0,0,0,0,0,0,0,0,0,0,0,0,0,0,0,0,0,0,0
2017,977,0,0,0,0,0,0,0,0,0,0,0,0,0,0,0,0,0,0,0,0,0,0,0,0
2017,1020,0,0,0,0,0,0,0,0,0,0,0,0,0,0,0,0,0,0,0,0,0,0,0,0
2017,994,0,0,0,0,0,0,0,0,0,6371,0,0,0,4185,0,53313,0,0,0,8542,0,2811,70,0
2017,995,0,0,0,0,0,0,0,0,0,0,0,0,0,0,0,0,0,0,0,0,0,0,0,0
2017,1060,0,0,0,0,0,0,0,0,0,0,0,0,0,0,0,0,0,0,0,0,0,0,0,0
2017,1005,0,0,0,0,0,0,0,0,0,0,0,0,0,0,0,0,0,0,0,0,0,0,0,0
2017,1061,0,0,0,0,0,0,0,0,0,0,0,0,0,0,0,0,0,0,0,0,0,0,0,0
2017,1062,0,0,0,0,0,0,0,0,0,0,0,0,0,0,0,0,0,0,0,0,0,0,0,0
2017,1006,0,0,0,0,0,0,0,0,0,0,0,0,0,0,0,0,0,0,0,0,0,0,0,0
2017,1088,0,0,0,0,0,0,0,0,0,0,0,0,0,0,0,0,0,0,0,0,0,101,0,0
2017,1089,3259,0,0,0,0,1414,0,0,0,1893,0,0,0,5904,0,21173,0,0,0,2851,0,1018,4,0
2017,1076,0,0,0,0,0,0,0,0,0,0,0,0,0,0,0,0,0,0,0,0,0,0,0,0
2017,1078,0,0,0,0,0,0,0,0,0,0,0,0,0,0,0,0,0,0,0,0,0,0,0,0
2017,1033,11867,0,12,0,0,0,0,0,0,0,0,0,0,8920,0,85468,0,0,0,21835,0,4544,499,185
2017,1037,0,0,0,0,0,0,0,0,0,0,0,0,0,0,0,0,0,0,0,0,0,0,0,0
2017,1039,0,0,0,0,0,0,0,0,0,0,0,0,0,0,0,0,0,0,0,0,0,0,0,0
2017,1067,0,0,0,0,0,0,0,0,0,0,0,0,0,0,0,0,0,0,0,0,0,0,0,0
2017,1065,0,0,0,0,0,0,0,0,0,0,0,0,0,0,0,1426,0,0,0,0,0,0,0,0
2017,1066,0,0,0,0,0,1411,0,0,0,1911,1971,0,0,8618,1486,13820,5498,0,0,6451,0,7667,75,48
2017,1100,0,0,0,0,0,0,0,0,0,0,0,0,0,0,0,0,0,0,0,0,0,0,0,0
2017,1105,0,0,0,0,0,0,0,0,0,0,0,0,0,0,0,0,0,0,0,0,0,0,0,0
2017,1107,0,0,0,0,0,0,0,0,0,0,0,0,0,0,0,0,0,0,0,0,0,0,0,0
2017,1111,0,0,0,0,0,0,0,0,0,0,0,0,0,0,0,0,0,0,0,0,0,0,0,0
2017,1121,0,0,0,0,0,0,0,0,0,0,0,0,0,0,0,0,0,0,0,0,0,0,0,0
2017,1119,0,0,0,0,0,0,0,0,0,0,0,0,0,0,0,0,0,0,0,0,0,0,0,0
2017,207,869,0,0,0,0,0,0,0,0,0,0,0,0,0,0,10008,0,0,0,0,0,791,2,0
2017,431,0,0,0,0,0,0,0,0,0,0,0,0,0,0,0,2292,0,0,0,0,0,0,0,0
2017,387,4514,0,5,0,0,0,0,0,0,3836,0,0,0,0,0,35561,0,0,0,6266,0,1269,0,0
2017,179,0,0,0,0,0,0,0,0,0,0,0,0,0,0,0,234,0,0,0,0,0,0,0,0
2017,606,3158,0,4,0,0,0,0,0,0,3733,667,0,0,0,0,28737,2833,0,0,4341,0,1058,0,0
2017,925,20296,0,15,2814,0,2476,0,5944,0,4660,0,0,0,10635,0,154071,0,0,0,20206,0,5604,539,260
2017,541,3525,0,0,0,0,0,0,0,0,850,0,0,0,0,0,24981,0,0,0,4176,0,783,0,0
2017,797,1665,0,2,0,0,0,0,0,0,2041,0,0,0,0,0,30030,0,0,0,4967,0,413,0,0
2017,627,9392,0,0,0,0,0,0,0,0,2134,0,0,0,3525,0,54024,19037,0,0,9503,0,1928,170,0
2017,173,0,0,0,0,0,0,0,0,0,0,0,0,0,0,0,0,0,0,0,0,0,0,0,0
2017,636,10060,0,12,0,0,0,0,4228,0,9687,0,0,0,5920,0,112718,0,870,0,15149,0,2009,772,251
2017,205,1008,0,0,0,0,0,0,0,0,115,0,0,0,0,0,6720,0,0,0,0,0,212,0,0
2017,814,0,0,0,0,0,0,0,0,0,128,0,0,0,0,0,2080,0,0,0,0,0,113,0,0
2017,881,0,0,0,0,0,0,0,0,0,1230,0,0,0,0,0,19400,0,0,0,0,0,0,0,0
2017,771,19624,,26,789,,0,,7632,,6680,0,2259,,14522,,238479,21380,2081,,25258,,5287,633,628
2017,533,1969,0,0,0,0,328,0,0,0,369,0,0,0,0,0,5400,0,0,0,0,0,308,0,0
2017,447,4215,0,0,0,0,0,0,0,0,63,0,0,0,2500,0,13537,0,0,0,1354,0,290,5,41
2017,815,528,0,0,22,0,441,0,0,0,1073,0,0,0,12425,0,5975,0,0,0,7718,0,210,0,0
2017,801,12331,,42,0,0,5297,,0,0,5814,27007,0,0,6986,,138595,142535,0,0,20316,,5125,434,
2017,800,4644,0,0,0,0,0,0,0,0,194,0,0,0,0,0,7140,0,0,0,0,0,2061,13,0
2017,389,9184,0,0,0,0,0,0,0,0,857,0,0,0,3149,0,73930,0,0,0,4547,0,1239,36,16
2017,695,8391,,10,628,,1249,,0,0,6834,0,0,0,5489,,122373,51773,0,0,17158,,3993,353,4
2017,816,2382,0,0,0,0,0,0,0,0,2510,0,0,0,0,0,62591,0,0,0,4137,0,972,35,8
2017,833,3593,0,0,0,0,0,0,0,0,4629,0,0,0,0,0,77925,0,0,0,5069,0,1467,8,16
2017,870,3094,0,0,0,0,533,0,0,0,909,0,0,0,6977,0,20894,0,0,0,5804,0,1910,30,72
2017,927,3356,0,0,0,0,0,0,0,0,1133,0,0,0,5037,0,20513,0,0,0,0,0,2038,0,0
2017,961,13225,,7,0,0,0,0,2171,,5325,0,0,0,0,0,193160,58933,1242,,13432,,1249,101,
2017,962,0,0,0,0,0,0,0,0,0,235,0,0,0,713,0,4996,0,0,0,433,0,0,0,0
2017,1079,1360,0,0,0,0,637,0,0,0,752,0,0,0,0,0,10275,0,0,0,0,0,2333,0,0
2017,1101,2266,0,0,0,0,0,0,0,0,1003,0,0,0,2225,0,18634,0,0,0,2194,0,2151,33,24
2017,666,21043,0,56,1825,0,0,6649,0,0,4796,865,0,0,11031,0,96547,42522,0,0,19062,0,2449,352,210
2017,392,0,0,0,0,0,0,0,0,0,0,0,0,0,0,0,2700,0,0,0,0,0,0,0,0
2017,790,6022,0,0,0,0,3384,0,4731,0,3332,0,0,0,6212,0,20748,0,398,0,9079,0,1799,45,12
2017,650,6326,0,3,0,0,0,0,0,0,849,0,0,0,0,0,62171,0,0,0,8279,0,1462,46,0
2017,876,14560,0,22,0,0,0,0,0,0,2175,0,0,0,7877,0,51902,0,0,0,11462,0,2039,143,79
2017,944,0,0,0,0,0,0,0,0,0,0,0,0,0,1861,0,6197,0,0,0,797,0,0,0,0
2017,952,10449,0,0,0,0,543,0,0,0,1936,0,0,0,3562,0,33653,0,0,0,1794,0,1467,28,7
2017,54,0,0,0,0,0,0,0,0,0,0,0,0,0,0,0,0,0,0,0,0,0,0,0,0
2017,367,4393,0,0,0,0,1689,0,0,0,21390,0,0,0,9613,0,18443,0,0,0,3392,0,1905,5,0
2017,538,15134,0,11,0,0,0,0,0,0,2791,0,0,0,5556,0,102146,3573,0,0,10892,0,2492,123,311
2017,557,4442,0,1,0,0,0,0,0,0,1893,0,0,0,0,0,37401,0,0,0,4450,0,987,53,0
2017,653,6454,0,4,0,0,0,0,0,0,1717,0,0,0,7677,0,65336,4644,0,0,7058,125,1565,142,0
2017,647,5127,0,1,0,0,0,0,0,0,1370,0,0,0,0,0,53124,0,0,0,6117,0,141,69,0
2017,978,22144,0,18,173,0,4462,0,8566,0,2655,0,6112,0,9355,0,178417,11109,0,0,19829,397,3991,419,281
2017,996,0,0,0,0,0,0,0,0,0,803,0,0,0,8690,0,39030,0,0,0,4657,0,1213,62,0
2017,729,21985,,66,2766,,14314,,5372,,14409,29156,4763,,25352,,389820,71237,2145,,51468,,8201,1141,750
2017,182,5487,0,0,0,0,0,0,0,0,1669,0,0,0,6010,0,12939,0,0,0,3039,0,1582,0,0
2017,633,549,0,0,444,0,0,0,0,0,306,0,0,0,259,0,56517,0,0,0,249,0,746,11,46
2017,685,4748,,2,0,0,0,0,0,0,13225,0,0,0,0,0,106409,0,0,0,11305,,1750,103,
2017,683,3582,,1,0,0,0,0,0,0,4900,0,0,0,0,0,58996,0,0,0,4576,,995,58,
2017,945,4526,0,,0,0,0,0,0,0,6831,0,0,0,0,0,46348,0,0,0,4327,0,1352,38,
2017,953,0,0,0,275,0,0,0,0,0,0,0,0,0,0,0,0,0,0,0,0,0,0,0,0
2017,1022,857,0,,0,0,0,0,0,0,1897,0,0,0,0,0,31535,0,0,0,1625,0,259,,
2017,1049,964,0,,0,0,0,0,0,0,1505,0,0,0,0,0,21257,0,0,0,1212,0,293,,
2017,794,47506,0,98,712,0,0,1681,0,0,7907,0,0,0,15305,0,182338,71821,0,0,48722,0,8442,1122,351
2017,415,128,0,0,0,0,0,0,0,0,1291,0,339,0,0,0,1749,0,6413,0,5020,0,28,0,0
2017,592,4875,0,0,67,0,599,0,0,0,3070,0,0,0,3788,0,44960,0,0,0,4235,0,1728,0,1
2017,497,2841,0,0,42,0,169,0,0,0,1534,0,0,0,6122,0,24605,0,0,0,3000,0,1787,16,9
2017,458,10579,0,6,51,0,2724,0,1082,0,6781,0,2057,0,6307,0,40701,0,401,0,7356,0,2055,105,20
2017,726,21284,0,25,0,0,2778,0,0,0,3296,0,0,0,4331,0,108509,22613,0,0,21119,0,3542,294,153
2017,272,2357,0,0,0,0,154,0,0,0,1344,0,0,0,8394,0,28157,0,0,0,3641,0,509,9,0
2017,805,32560,0,121,2254,0,3422,0,3799,0,7562,0,2128,0,16253,0,209244,26963,1387,0,39344,0,8127,1487,569
2017,234,16683,0,0,0,0,766,0,0,0,2880,0,0,0,8760,0,16267,0,0,0,3971,0,1787,13,7
2017,64,0,0,0,0,0,0,0,0,0,0,0,0,0,0,0,0,0,0,0,0,0,0,0,0
2017,842,0,0,0,0,0,0,0,0,0,369,0,0,0,2283,0,43250,0,0,0,6803,0,1160,0,0
2017,843,0,0,0,0,0,0,0,0,0,361,0,0,0,0,0,24660,0,0,0,3968,0,927,0,0
2017,803,11346,0,1,0,0,0,0,0,0,3826,0,0,0,6988,0,78027,10572,2418,0,11168,385,3699,143,102
2017,211,2838,0,0,0,0,0,0,0,0,0,0,0,0,0,0,0,0,0,0,0,0,283,0,0
2017,773,17167,0,58,1058,0,3380,0,2634,0,3984,0,0,0,15376,0,78567,0,3579,0,31689,0,3517,457,477
2017,424,0,0,0,0,0,0,0,0,0,0,0,0,0,0,0,219455,0,0,0,0,0,1722,6,0
2017,298,13788,0,0,326,0,2190,0,4820,0,6342,0,0,0,20094,0,26002,0,461,0,6998,0,2409,60,133
2017,594,0,0,0,0,0,0,0,0,0,618,0,0,0,1382,0,6148,0,0,0,863,0,0,0,0
2017,237,351,0,0,0,0,0,0,0,0,0,0,0,0,0,0,14381,0,0,0,0,0,26,0,0
2017,16,0,0,0,0,0,0,0,0,0,0,0,0,0,0,0,0,0,0,0,0,0,0,0,0
2017,768,1878,0,2,0,0,0,0,0,0,1845,0,0,0,0,0,11608,0,0,0,526,0,312,0,0
2017,617,8576,0,11,0,0,0,0,0,0,6356,0,0,0,4611,0,60566,0,0,0,7809,0,1622,206,0
2017,297,23482,0,0,0,0,2150,0,0,0,4852,0,0,0,6194,0,21569,0,0,0,0,0,935,0,0
2017,105,0,0,0,0,0,0,0,0,0,0,0,0,0,0,0,0,0,0,0,0,0,0,0,0
2017,544,2673,0,2,0,0,0,0,0,0,3447,0,0,0,0,0,34484,0,0,0,2473,0,1072,0,0
2017,804,11494,0,9,0,0,1484,0,0,0,7172,0,0,0,5631,0,32427,0,0,0,6172,0,2055,135,0
2017,104,0,0,0,0,0,0,0,0,0,0,0,0,0,0,0,0,0,0,0,0,0,0,0,0
2017,20,0,0,0,0,0,0,0,0,0,0,0,0,0,0,0,0,0,0,0,0,0,0,0,0
2017,550,0,0,0,0,0,0,0,0,0,5900,0,0,0,0,0,54339,0,0,0,0,0,1122,0,0
2017,112,0,0,0,0,0,0,0,0,0,0,0,0,0,0,0,0,0,0,0,0,0,0,0,0
2017,818,0,0,0,0,0,0,0,0,0,0,0,0,0,0,0,0,0,0,0,0,0,0,0,0
2017,882,0,0,0,0,0,0,0,0,0,0,0,0,0,0,0,0,0,0,0,0,0,0,0,0
2017,914,0,0,0,0,0,0,0,0,0,0,0,0,0,0,0,0,0,0,0,0,0,0,0,0
2017,928,0,0,0,0,0,0,0,0,0,0,0,0,0,0,0,0,0,0,0,1313,0,0,0,0
2017,964,5785,0,0,0,0,0,0,0,0,2190,0,0,0,5047,0,47988,0,0,0,7439,0,2055,0,1
2017,1026,0,0,0,0,0,0,0,0,0,0,0,0,0,0,0,0,0,0,0,0,0,0,0,0
2017,1068,0,0,0,0,0,0,0,0,0,0,0,0,0,0,0,0,0,0,0,0,0,0,0,0
2017,1108,0,0,0,0,0,0,0,0,0,1279,0,0,0,2645,0,21343,0,0,0,3830,0,254,0,0
2017,404,722,0,0,0,0,0,0,0,0,0,0,0,0,71,0,2482,0,0,0,1,0,1809,0,0
2017,270,3914,0,0,0,0,0,0,103,0,5477,0,0,0,6800,0,36780,0,0,0,6308,0,2534,40,13
2017,676,4397,,,0,0,0,0,0,0,5364,0,0,0,0,0,85406,0,0,0,6157,,1027,47,
2017,709,8775,,3,0,0,0,0,0,0,8662,0,0,0,0,0,97431,60367,0,0,8655,,2025,103,
2017,754,48019,,59,3984,,19348,,7104,,16351,0,6548,,48590,,515864,3,2111,,78316,,9838,1032,646
2017,997,,0,,0,0,0,0,0,0,2810,0,0,0,0,0,48986,0,0,0,3104,0,942,,
2017,1069,1420,0,,0,0,0,0,0,0,2872,0,0,0,0,0,31832,0,0,0,2213,0,620,,
2017,1118,0,0,0,0,0,2230,0,805,0,6320,0,0,0,8778,0,62303,0,0,0,7068,0,2344,0,0
2017,734,24954,0,7,460,0,0,0,0,0,3838,0,0,0,9864,0,123784,20265,0,0,17126,606,4463,805,228
2017,299,2611,0,0,0,0,2354,0,0,0,1972,0,0,0,3982,0,20052,0,0,0,1257,0,383,0,0
2017,645,0,0,0,0,0,978,0,0,0,1206,0,0,0,0,0,16425,0,0,0,0,0,675,0,0
2017,17,0,0,0,0,0,0,0,0,0,0,0,0,0,0,0,0,0,0,0,0,0,0,0,0
2017,1046,0,0,0,0,0,0,0,0,0,0,0,0,0,0,0,0,0,0,0,0,0,0,0,0
2017,420,0,0,0,0,0,0,0,0,0,0,0,0,0,2096,0,5739,0,0,0,0,0,0,0,0
2017,802,0,0,0,0,0,0,0,0,0,0,0,0,0,0,0,1482,0,0,0,0,0,0,0,0
2017,266,3878,0,2,0,0,381,0,0,0,823,0,0,0,11490,0,31714,0,0,0,5830,0,807,11,3
2017,137,1134,0,0,0,0,450,0,0,0,1393,0,0,0,3752,0,5480,0,0,0,155,0,317,1,0
2017,769,5311,0,1,0,0,111,0,4199,0,46998,0,1856,0,1856,0,6401,0,2586,0,8556,0,23,2,2
2017,776,3818,0,0,0,0,0,0,0,0,0,0,0,0,0,0,30816,19497,0,0,6281,0,74,3,0
2017,640,0,0,0,56,0,0,0,0,0,0,0,0,0,2,0,43973,0,0,0,3771,0,47,1,0
2017,315,0,0,0,0,0,0,0,0,0,0,0,0,0,0,0,0,0,0,0,0,0,0,0,0
2017,40,0,0,0,0,0,0,0,0,0,0,0,0,0,0,0,0,0,0,0,0,0,0,0,0
2017,508,3132,0,0,0,0,0,0,0,0,171,0,0,0,5193,0,22301,11909,0,0,5506,0,111,2,2
2017,46,0,0,0,0,0,0,0,0,0,0,0,0,0,0,0,0,0,0,0,0,0,0,0,0
2017,590,5746,0,3,0,0,0,0,0,0,0,0,0,0,0,0,36109,17161,0,0,6269,0,135,1,0
2017,777,5259,0,8,0,0,0,0,0,0,0,0,0,0,0,0,36860,15168,0,0,4198,0,94,14,0
2017,897,26584,0,37,1100,0,0,5873,0,0,7497,0,163,0,21830,0,126427,97369,0,0,32571,6648,983,143,48
2017,965,0,0,0,0,0,0,0,0,0,0,0,0,0,0,0,0,0,0,0,0,0,0,0,0
2017,461,29,0,0,0,0,0,0,0,0,0,0,0,0,0,0,2520,0,0,0,0,0,0,0,0
2017,376,15951,0,0,0,0,460,0,0,0,932,0,0,0,0,0,8070,0,0,0,4591,0,5359,0,0
2017,621,3194,,,0,0,0,0,0,0,5845,0,0,0,0,0,71037,0,0,0,4095,,621,59,
2017,793,19323,,47,1226,,4788,,3844,,15756,0,0,0,17238,,295010,93149,3223,,39057,,6641,856,163
2017,1102,3479,0,0,0,0,298,0,0,0,1485,0,0,0,996,0,25730,0,0,0,1916,0,1289,6,0
2017,,17,0,0,0,0,0,0,0,0,0,0,0,0,0,0,1697,0,0,0,72,0,5,0,0
2017,712,11968,0,5,0,0,0,0,0,0,1765,0,0,0,0,0,58768,0,0,0,7952,0,2574,91,196
2017,32,0,0,0,0,0,0,0,0,0,0,0,0,0,0,0,0,0,0,0,0,0,0,0,0
2017,361,0,0,0,0,0,0,0,0,0,9654,0,0,0,0,0,2790,0,0,0,1253,0,0,0,0
2017,486,0,0,0,0,0,0,0,1144,0,656,0,0,0,0,0,6384,0,0,0,1390,0,1076,0,0
2017,595,2786,0,5,0,0,0,0,0,0,3365,0,0,0,0,0,55111,11050,0,0,8738,0,1703,86,0
2017,433,0,0,0,0,0,0,0,0,0,518,0,0,0,0,0,17560,0,0,0,0,0,0,0,0
2017,1058,0,0,0,0,0,0,0,0,0,0,0,0,0,0,0,8877,0,0,0,0,0,172,0,0
2017,261,2612,0,0,0,0,0,0,0,0,0,0,0,0,0,0,6819,0,0,0,0,0,785,0,0
2017,730,9157,,1,0,0,0,0,0,0,12391,0,0,0,0,0,139200,0,0,0,9131,,2233,99,
2017,577,5330,,3,0,0,0,0,0,0,11395,0,0,0,0,0,140133,0,0,0,8987,,2022,84,
2017,788,18745,,8,478,,4168,,3580,,4914,0,0,0,16732,,182192,46518,1399,,33061,,4813,174,258
2017,865,3480,0,,0,0,0,0,0,0,5671,0,0,0,0,0,55842,0,0,0,5219,0,1037,28,
2017,979,691,0,,0,0,0,0,0,0,1452,0,0,0,0,0,21026,0,0,0,1770,0,194,7,
2017,998,367,0,,0,0,0,0,0,0,810,0,0,0,0,0,10402,0,0,0,0,0,107,1,
2017,1072,972,0,,0,0,0,0,0,0,1923,0,0,0,0,0,30884,0,0,0,1727,0,296,2,
2017,221,0,0,0,0,0,321,0,0,0,353,0,0,0,2084,0,10258,0,0,0,1245,0,533,3,0
2017,506,0,0,0,0,0,581,0,115,0,257,0,0,0,4234,0,37136,0,0,0,2856,0,1391,6,0
2017,727,14404,0,12,0,0,0,0,0,0,2267,0,0,0,5897,0,95580,0,0,0,16214,0,4167,209,0
2017,355,1766,0,0,0,0,0,0,0,0,576,0,0,0,1575,0,13146,0,0,0,1275,0,248,0,0
2017,487,294,0,0,0,0,2,0,0,0,39,0,0,0,1209,0,8924,0,0,0,1563,0,152,5,0
2017,938,22539,0,32,1524,0,4221,0,6024,0,4006,6466,0,0,11758,0,166007,69789,1757,0,28242,0,8143,596,302
2017,886,0,0,0,0,0,180,0,0,0,222,0,0,0,1169,0,2255,0,0,0,555,0,593,0,0
2017,835,852,0,0,0,0,452,0,0,0,0,0,0,0,2084,0,0,0,0,0,939,0,766,0,0
2017,999,0,0,0,0,0,0,0,0,0,0,0,0,0,0,0,106,0,0,0,0,0,0,0,0
2017,798,23206,0,53,612,0,0,0,0,0,6542,0,0,0,0,0,123673,0,0,0,34794,0,2830,676,327
2017,504,0,0,0,271,0,0,0,0,0,389,0,0,0,9093,0,36376,0,0,0,6722,0,2307,29,0
2017,247,1305,0,0,0,0,0,1138,0,0,0,3822,0,0,0,0,2842,4263,0,0,3125,0,528,0,0
2017,216,1923,0,0,0,0,1161,0,0,0,1994,0,0,0,3888,0,18046,0,0,0,2800,0,568,0,0
2017,654,0,0,0,0,0,0,0,0,0,1854,0,0,0,4193,0,13312,0,0,0,3265,0,1518,56,0
2017,65,0,0,0,0,0,0,0,0,0,0,0,0,0,0,0,0,0,0,0,0,0,0,0,0
2017,472,0,0,0,0,0,0,0,0,0,1159,0,0,0,0,0,15532,0,0,0,1901,0,363,0,0
2017,427,0,0,0,0,0,0,0,0,0,0,0,0,0,0,0,3875,0,0,0,0,0,0,0,0
2017,491,342,0,0,0,0,0,0,0,0,1461,0,0,0,0,0,12702,0,0,0,2444,0,214,0,0
2017,551,87,0,0,0,0,0,0,0,0,367,0,0,0,0,0,8087,0,0,0,929,0,192,0,0
2017,106,0,0,0,0,0,0,0,0,0,0,0,0,0,0,0,0,0,0,0,0,0,0,0,0
2017,819,0,0,0,0,0,0,0,0,0,0,0,0,0,0,0,0,0,0,0,0,0,0,0,0
2017,836,0,0,0,0,0,0,0,0,0,0,0,0,0,0,0,0,0,0,0,0,0,0,0,0
2017,915,0,0,0,0,0,0,0,0,0,0,0,0,0,0,0,0,0,0,0,0,0,0,0,0
2017,942,0,0,0,0,0,0,0,0,0,0,0,0,0,0,0,0,0,0,0,0,0,0,0,0
2017,1140,0,0,0,0,0,0,0,0,0,0,0,0,0,0,0,0,0,0,0,0,0,0,0,0
2017,748,18155,4873,19,126,0,0,2025,0,2193,7469,18692,,1498,15767,3496,126660,48004,0,473,28106,3792,4214,531,264
2017,198,0,0,0,0,0,0,0,0,0,0,0,0,0,0,0,0,0,0,0,0,0,0,0,0
2017,871,3875,0,3,0,0,829,0,0,0,355,0,0,0,6083,0,32919,0,0,0,5259,0,2414,64,0
2017,948,0,0,0,0,0,75,0,0,0,0,0,0,0,3185,0,20939,0,0,0,1690,0,219,0,0
2017,1051,0,0,0,0,0,0,0,0,0,0,0,0,0,0,0,0,0,0,0,0,0,0,0,0
2017,1083,0,0,0,0,0,0,0,0,0,0,0,0,0,0,0,0,0,0,0,0,0,0,0,0
2017,1096,0,0,0,0,0,0,0,0,0,0,0,0,0,0,0,0,0,0,0,0,0,0,0,0
2017,679,21265,0,18,1706,0,3205,0,1560,0,3314,0,0,0,15855,0,206892,0,151,0,27399,0,2038,392,523
2017,176,0,0,0,0,0,0,0,0,0,644,0,0,0,7321,0,14500,0,0,0,2897,0,569,0,0
2017,537,0,0,0,0,0,0,0,0,0,618,0,0,0,6554,0,8865,0,0,0,2695,0,805,0,0
2017,608,10179,0,5,0,0,0,0,0,0,1337,0,0,0,3929,0,61252,0,0,0,6197,0,1883,83,0
2017,596,2028,0,1,0,0,0,0,0,0,754,0,0,0,0,0,30193,0,0,0,4339,0,941,27,0
2017,749,52728,0,14,1625,0,3639,0,9246,0,12048,1343,1552,0,26641,0,198848,85948,0,0,59995,0,11886,1329,412
2017,758,36703,1987,177,923,0,7828,0,11871,0,9219,1626,3039,0,30709,0,185411,73708,2074,0,50719,0,12161,1235,439
2017,1104,36655,0,76,1124,0,7206,0,3594,0,4078,8823,5413,0,21007,0,54924,62929,894,0,16053,0,9999,1175,293
2017,567,8172,0,0,0,0,11338,0,0,0,4610,0,0,0,0,0,9593,0,0,0,2573,0,1615,0,0
2017,677,15456,0,11,586,0,2899,0,0,0,3656,0,0,0,14508,0,106759,17411,3044,0,24884,0,4958,635,653
2017,670,3792,0,2,0,0,0,0,0,0,0,0,0,0,6301,0,22436,0,0,0,1265,0,56,76,0
2017,588,4769,0,0,0,0,0,0,1073,0,1064,0,0,0,0,0,17702,0,0,0,5225,0,574,0,0
2017,753,30913,0,55,981,0,7463,0,5241,0,6506,3395,2846,0,28946,0,218038,43555,792,0,56550,0,9490,810,488
2017,887,0,0,0,0,0,0,0,0,0,0,0,0,0,0,0,860,0,0,0,0,0,0,0,0
2017,245,0,0,0,0,0,8700,0,0,0,24639,0,0,0,20551,0,57788,0,0,0,11459,0,882,32,14
2017,603,5071,0,0,0,0,0,0,0,0,1762,0,0,0,11701,0,76556,0,0,0,6665,0,1721,5,0
2017,426,0,0,0,0,0,0,0,0,0,13721,0,0,0,3798,0,5147,0,0,0,1014,0,420,0,0
2017,232,16000,0,0,0,0,1499,0,0,0,6758,0,0,0,6044,0,7130,0,0,0,1855,0,858,0,0
2017,288,5905,0,0,0,0,50,0,0,0,12173,0,0,0,13094,0,66710,0,0,0,9454,0,8657,20,3
2017,246,4125,0,0,0,0,606,0,0,0,2453,0,0,0,4482,0,11619,0,0,0,2118,0,2459,0,1
2017,284,0,0,0,0,0,3676,0,0,0,10376,0,0,0,9610,0,53619,0,0,0,5463,0,3353,29,0
2017,18,0,0,0,0,0,0,0,0,0,0,0,0,0,0,0,0,0,0,0,0,0,0,0,0
2017,356,0,0,0,0,0,0,0,0,0,0,0,0,0,0,0,0,0,0,0,0,0,0,0,0
2017,401,0,0,0,0,0,0,0,0,0,0,0,0,0,0,0,385,0,0,0,0,0,0,0,0
2017,733,40258,0,16,6069,0,3630,5109,2939,0,7420,9497,0,0,38484,13261,174755,75308,0,0,37172,10401,9905,1754,208
2017,243,0,0,0,0,0,0,0,0,0,1140,0,0,0,7440,0,31435,0,0,0,1905,0,4454,0,0
2017,380,0,0,0,0,0,0,0,0,0,0,0,0,0,0,0,923,0,0,0,0,0,0,0,0
2017,716,9375,0,0,0,0,491,0,0,0,0,0,0,0,7540,0,61830,0,0,0,5553,0,4621,0,2
2017,534,4892,0,0,148,0,3491,0,6092,0,2284,0,0,0,16241,0,38980,0,0,0,6036,0,2069,15,0
2017,185,0,0,0,0,0,107,0,0,0,1092,0,0,0,2219,0,6336,0,0,0,1017,0,1064,0,0
2017,258,7927,0,0,247,0,1035,0,0,0,2523,0,581,0,9965,0,19741,0,0,0,4383,0,2780,36,15
2017,505,451,0,0,0,0,0,0,0,0,911,0,0,0,3920,0,0,0,0,0,1390,0,2071,0,0
2017,268,9214,0,0,7,0,868,0,0,0,1493,0,0,0,8396,0,72366,0,0,0,6520,0,4091,0,40
2017,602,5320,0,0,320,0,2116,0,0,0,6520,0,854,0,9667,0,40120,0,944,0,4520,0,738,59,10
2017,254,0,0,0,18,0,4084,0,2474,0,4823,0,805,0,16862,0,63199,0,0,0,7423,0,2922,47,18
2017,705,16352,0,0,461,0,0,0,0,0,4027,0,0,0,15813,0,48999,0,0,0,11095,0,3150,64,90
2017,133,3712,0,2,0,0,0,0,0,0,10876,0,0,0,0,0,1423,0,0,0,82,0,0,0,0
2017,33,0,0,0,0,0,0,0,0,0,0,0,0,0,0,0,0,0,0,0,0,0,0,0,0
2017,143,0,0,0,0,0,0,0,0,0,0,0,0,0,0,0,0,0,0,0,0,0,0,0,0
2017,36,0,0,0,0,0,0,0,0,0,0,0,0,0,0,0,0,0,0,0,0,0,0,0,0
2017,756,9822,0,15,176,0,2048,0,1494,0,2348,0,0,0,7697,0,91655,0,898,0,13106,0,2353,224,121
2017,662,38502,0,12,266,0,2610,0,2009,0,3439,2942,0,0,7748,6601,112681,49200,0,0,20621,3440,6442,541,142
2017,192,0,0,0,0,0,0,0,0,0,0,0,0,0,0,0,4098,0,0,0,0,0,0,0,0
2017,382,0,0,0,0,0,0,0,0,0,0,0,0,0,0,0,1001,0,0,0,0,0,0,0,0
2017,322,0,0,0,0,0,0,0,0,0,0,0,0,0,0,0,1271,0,0,0,0,0,0,0,0
2017,478,0,0,0,0,0,0,0,0,0,0,0,0,0,6939,0,15016,0,0,0,1860,0,0,0,0
2017,352,0,0,0,0,0,0,0,0,0,0,0,0,0,0,0,4284,0,0,0,0,0,0,0,0
2017,628,20808,0,28,136,0,0,0,0,0,6957,0,0,0,8133,0,78284,38889,0,0,16972,0,4346,466,184
2017,291,0,0,0,0,0,0,0,0,0,0,0,0,0,0,0,0,0,0,0,0,0,0,0,0
2017,495,0,0,0,0,0,0,0,0,0,0,0,0,0,9795,0,44690,0,0,0,3419,0,0,0,0
2017,845,12884,0,16,0,0,0,0,0,0,4922,0,0,0,10774,0,100148,27192,0,0,11615,0,3506,334,193
2017,498,6175,0,0,0,0,0,0,0,0,2615,0,0,0,3737,0,47825,0,0,0,4938,0,1386,21,0
2017,314,0,0,0,0,0,0,0,0,0,0,0,0,0,0,0,0,0,0,0,0,0,0,0,0
2017,720,5659,0,0,0,0,0,0,0,0,3954,0,0,0,16878,0,26075,0,0,0,6013,0,2262,98,49
2017,721,23982,0,44,726,0,0,0,0,0,5629,0,3207,0,15617,0,91679,26823,7524,0,16548,0,4000,445,81
2017,485,5,0,3,0,0,0,0,0,0,0,0,0,0,0,0,0,0,0,0,0,0,0,0,0
2017,273,10147,0,0,417,0,0,0,0,0,1678,0,0,0,10437,0,43128,0,0,0,10419,0,4005,83,74
2017,846,30020,0,89,166,0,1398,0,3675,,6471,0,0,0,11890,0,114588,0,0,0,19275,0,4436,336,81
2017,847,0,0,0,0,0,0,0,0,0,0,0,0,0,33685,0,74370,0,0,0,5906,0,1525,0,0
2017,848,16132,0,23,286,0,2308,0,0,0,8394,0,0,0,9358,0,60199,0,0,0,7284,0,2920,30,67
2017,916,9852,0,0,0,0,0,0,1359,0,4500,0,967,0,5383,0,7288,0,0,0,11133,0,1812,72,14
2017,930,0,0,0,106,0,1972,0,0,0,3460,0,0,0,16354,0,41458,0,0,0,5589,0,2949,42,46
2017,954,19929,0,23,76,0,80,0,2202,0,5261,0,1407,0,9872,0,96792,27352,360,0,17820,0,4549,379,86
2017,943,9560,0,0,0,0,0,0,0,0,5821,0,0,0,13943,0,66577,0,0,0,5105,0,2282,29,0
2017,949,56482,0,134,32,0,6295,0,8762,0,9137,5166,3198,0,24480,0,189472,66452,1329,0,50252,0,10631,1337,483
2017,980,17482,0,0,345,0,3026,0,0,0,8220,0,603,0,15169,0,29155,0,3528,0,11459,0,0,0,0
2017,981,796,0,0,0,0,0,0,0,0,1652,0,0,0,6723,0,2788,0,0,0,3211,0,212,72,0
2017,150,1286,0,0,0,0,0,0,0,0,1026,0,0,0,0,0,2333,0,0,0,0,0,1263,0,0
2017,47,0,0,0,0,0,0,0,0,0,0,0,0,0,0,0,0,0,0,0,0,0,0,0,0
2017,172,184,0,0,0,0,0,0,0,0,0,0,0,0,6152,0,14306,0,0,0,2329,0,65,0,0
2017,581,3692,0,1,0,0,0,0,0,0,866,0,0,0,0,0,56631,0,0,0,5944,0,910,25,0
2017,120,46,0,0,0,0,0,0,0,0,0,0,0,0,0,0,1083,0,0,0,0,0,0,0,0
2017,445,0,0,0,0,0,0,0,0,0,0,0,0,0,0,0,0,0,0,0,0,0,45,0,0
2017,471,0,0,0,0,0,0,0,0,0,0,0,0,0,0,0,20162,0,0,0,0,0,196,12,0
2017,53,0,0,0,0,0,0,0,0,0,0,0,0,0,0,0,0,0,0,0,0,0,0,0,0
2017,199,173,0,0,0,0,0,0,0,0,360,0,0,0,0,0,9436,0,0,0,0,0,358,0,0
2017,575,476,0,0,0,0,0,0,0,0,1206,0,0,0,263,0,72393,0,0,0,5593,0,1454,255,0
2017,528,7161,0,0,0,0,0,0,0,0,852,0,0,0,0,0,28094,7477,0,0,3386,0,1368,0,0
2017,631,12264,0,5,0,0,0,0,0,0,2902,0,0,0,0,0,94115,26225,0,0,7771,0,2243,242,0
2017,699,19012,0,5,0,0,0,0,0,0,4135,0,0,0,3290,0,85772,10567,0,0,17277,0,4599,469,159
2017,823,0,0,0,0,0,0,0,0,0,0,0,0,0,0,0,17613,0,0,0,0,0,0,0,0
2017,849,4932,0,0,0,0,0,0,0,0,3258,0,0,0,0,0,45225,0,0,0,4394,0,1019,194,0
2017,869,912,0,0,0,0,53,0,0,0,207,0,0,0,0,0,70205,0,0,0,2021,0,1221,0,0
2017,955,0,0,0,0,0,0,0,0,0,0,0,0,0,0,0,0,0,0,0,0,0,0,0,0
2017,983,0,0,0,0,0,0,0,0,0,0,0,0,0,0,0,0,0,0,0,0,0,0,0,0
2017,1002,0,0,0,0,0,0,0,0,0,0,0,0,0,0,0,0,0,0,0,0,0,0,0,0
2017,1015,27097,0,88,516,0,0,0,1920,0,4181,0,2428,0,10627,0,203668,0,192,0,20094,0,5010,1145,347
2017,51,0,0,0,0,0,0,0,0,0,0,0,0,0,0,0,0,0,0,0,0,0,0,0,0
2017,441,1540,0,0,0,0,0,0,0,0,0,0,0,0,0,0,5887,0,0,0,0,0,0,0,0
2017,327,0,0,0,0,0,0,0,0,0,0,0,0,0,0,0,0,0,0,0,0,0,0,0,0
2017,690,11514,0,12,842,0,2481,0,0,0,5043,0,3415,0,9768,0,39456,0,2224,0,15174,0,2354,248,45
2017,262,4578,0,0,0,0,1635,0,0,0,1205,223,0,0,6242,968,12034,486,0,0,3826,0,561,10,24
2017,403,0,0,0,0,0,0,0,0,0,0,0,0,0,0,0,1078,0,0,0,0,0,0,0,0
2017,312,0,0,0,0,0,0,0,0,0,0,0,0,0,0,0,0,0,0,0,0,0,0,0,0
2017,902,0,0,0,0,0,0,0,0,0,0,0,0,0,0,0,93,0,0,0,0,0,0,0,0
2017,968,0,0,0,0,0,0,0,0,0,0,0,0,0,0,0,0,0,0,0,0,0,0,0,0
2017,1130,0,0,0,0,0,0,0,0,0,0,0,0,0,0,0,0,0,0,0,0,0,0,0,0
2017,1141,0,0,0,0,0,0,0,0,0,0,0,0,0,0,0,0,0,0,0,0,0,0,0,0
2017,1145,0,0,0,0,0,0,0,0,0,0,0,0,0,0,0,0,0,0,0,0,0,0,0,0
2017,1122,0,0,0,0,0,0,0,0,0,0,0,0,0,0,0,0,0,0,0,0,0,0,0,0
2017,1133,0,0,0,0,0,0,0,0,0,0,0,0,0,0,0,0,0,0,0,0,0,0,0,0
2017,346,0,0,0,0,0,0,0,0,0,0,0,0,0,0,0,0,0,0,0,0,0,0,0,0
2017,27,0,0,0,0,0,0,0,0,0,0,0,0,0,0,0,0,0,0,0,0,0,0,0,0
2017,165,894,0,0,0,0,0,0,0,0,371,0,0,0,0,0,7104,0,0,0,790,0,450,0,0
2017,956,11825,0,12,0,0,882,0,0,0,5847,0,0,0,4822,0,120233,0,0,0,13062,0,4475,358,625
2017,413,0,0,0,0,0,0,0,0,0,0,0,0,0,0,0,0,0,0,0,0,0,0,0,0
2017,149,0,0,0,0,0,0,0,0,0,751,0,0,0,0,0,1703,0,0,0,0,0,0,0,0
2017,612,1442,0,0,0,0,1670,0,0,0,5182,0,0,0,8548,0,62497,0,0,0,4067,0,1134,912,32
2017,559,306,0,0,0,0,0,0,0,0,618,0,0,0,1731,0,5592,0,0,0,1021,0,79,0,0
2017,7,0,0,0,0,0,0,0,0,0,114,0,0,0,2,0,817,0,0,0,50,0,0,0,0
2017,283,4582,0,0,559,0,1324,0,4939,0,6104,0,2830,0,12842,0,44456,0,1208,0,9003,0,2149,3,27
2017,37,0,0,0,0,0,0,0,0,0,0,0,0,0,0,0,0,0,0,0,0,0,0,0,0
2017,153,3308,0,0,0,0,1726,0,0,0,3735,0,0,0,13217,0,69777,0,0,0,6855,0,1029,43,0
2017,547,11764,0,5,0,0,0,0,0,0,1177,0,0,0,0,0,77537,0,0,0,5940,0,2309,116,59
2017,397,0,0,0,0,0,0,0,0,0,0,0,0,0,0,0,494,0,0,0,0,0,0,0,0
2017,556,3952,0,9,0,0,0,0,0,0,1084,0,0,0,0,0,47117,0,0,0,4160,0,1186,0,0
2017,42,0,0,0,0,0,0,0,0,0,0,0,0,0,0,0,0,0,0,0,0,0,0,0,0
2017,31,0,0,0,0,0,0,0,0,0,0,0,0,0,0,0,151,0,0,0,0,0,0,0,0
2017,740,20984,0,95,1274,0,887,0,3370,0,5258,8070,0,0,4368,0,169110,58683,1924,0,25563,0,6305,627,210
2017,217,3085,0,0,0,0,361,0,0,0,1841,0,0,0,3999,0,24506,0,0,0,2457,0,711,20,16
2017,863,717,0,0,0,0,135,0,0,0,520,0,0,0,5162,0,11793,0,0,0,2205,0,368,0,0
2017,889,25101,0,46,2036,0,3006,0,7491,0,5016,0,2613,0,5973,0,104053,100918,815,0,29585,0,4621,595,302
2017,984,2105,0,0,0,0,754,0,0,0,988,0,0,0,6014,0,37669,0,0,0,5248,0,760,607,0
2017,1106,0,0,0,0,0,0,0,0,0,428,0,0,0,2245,0,2833,0,0,0,767,0,366,0,0
2017,1146,0,0,0,0,0,0,0,0,0,0,0,0,0,0,0,1069,0,0,0,0,0,231,0,0
2017,34,0,0,0,0,0,0,0,0,0,0,0,0,0,0,0,0,0,0,0,0,0,0,0,0
2017,791,2093,0,0,0,0,1797,0,0,0,1344,0,0,0,7414,0,62767,0,0,0,9049,0,2497,20,0
2017,181,0,0,0,0,0,0,0,0,0,0,0,0,0,0,0,38,0,0,0,0,0,0,0,0
2017,430,0,0,0,0,0,0,0,0,0,0,0,0,0,0,0,3963,0,0,0,0,0,0,0,0
2017,715,20067,0,1,126,0,0,0,2634,0,4957,0,0,0,19024,0,136454,0,506,0,20640,0,3236,439,108
2017,521,0,0,0,0,0,0,0,0,0,0,0,0,0,1392,0,7096,0,0,0,299,0,66,0,0
2017,524,0,0,0,160,0,0,0,627,0,2850,0,0,0,4630,0,10710,0,0,0,2987,0,883,65,25
2017,432,0,0,0,0,0,0,0,0,0,0,0,0,0,0,0,3298,0,0,0,0,0,162,0,0
2017,19,0,0,0,0,0,0,0,0,0,0,0,0,0,0,0,0,0,0,0,0,0,0,0,0
2017,25,0,0,0,0,0,0,0,0,0,0,0,0,0,0,0,0,0,0,0,0,0,0,0,0
2017,26,0,0,0,0,0,0,0,0,0,0,0,0,0,0,0,0,0,0,0,0,0,0,0,0
2017,890,23518,0,27,1320,0,0,0,0,0,5217,0,0,0,6612,0,101102,33907,0,0,21174,0,3855,435,195
2017,904,0,0,0,0,0,0,0,0,0,1263,0,0,0,1574,0,42366,0,0,0,5954,0,819,0,0
2017,957,33762,0,99,412,0,3486,0,0,0,9745,0,4492,0,24746,0,273916,0,10736,0,48639,0,4735,1361,294
2017,939,33342,0,30,780,0,3788,0,7245,0,6870,76,4830,0,16614,0,166537,6216,1429,0,34918,0,8563,1246,475
2017,236,0,0,0,0,0,0,0,0,0,,0,0,0,,0,0,0,0,0,,0,2208,5,0
2017,735,20324,0,16,4141,0,6766,0,5912,0,11222,0,3247,0,9788,0,193636,40984,1577,0,24538,0,5529,1028,425
2017,146,0,0,0,0,0,0,0,0,0,0,0,0,0,0,0,249,0,0,0,0,0,0,0,0
2017,363,3197,0,0,0,0,0,0,0,0,0,0,0,0,7432,0,15908,0,0,0,2681,0,2553,0,0
2017,187,906,0,0,0,0,78,0,0,0,1186,0,0,0,6987,0,21436,0,0,0,1305,0,621,9,38
2017,265,0,0,0,0,0,0,0,0,0,1698,0,0,0,913,0,10145,0,0,0,865,0,266,0,0
2017,295,996,0,0,0,0,1517,0,0,0,2700,0,0,0,6169,0,35366,0,0,0,2788,0,1532,25,0
2017,496,2413,0,0,1292,0,458,0,0,0,1802,0,0,0,11925,0,61137,0,0,0,10692,0,818,25,0
2017,613,22332,0,36,2469,0,0,4478,2537,0,6556,0,29,0,10225,0,122423,23492,0,0,22546,0,3502,478,106
2017,593,23229,0,4,0,0,0,5244,0,0,7661,0,0,0,13604,0,68677,37076,0,0,12729,0,3774,404,202
2017,704,39731,0,77,2122,0,0,0,4552,0,4338,0,0,0,30320,0,149100,27732,0,0,36073,0,4695,1645,368
2017,493,0,0,0,0,0,10369,0,0,0,0,0,0,0,0,0,12340,0,0,0,1017,0,0,0,0
2017,686,30354,0,77,942,0,5180,0,1033,0,6227,0,1242,0,22659,0,182311,0,112,0,26726,0,5304,405,252
2017,257,8138,0,0,0,0,3520,0,0,0,6520,0,0,0,11770,0,73770,0,0,0,5733,0,1514,0,8
2017,494,0,0,0,0,0,0,0,0,0,68,0,0,0,0,0,2458,0,0,0,15,0,0,0,0
2017,681,28133,0,1,14,0,2582,0,2427,0,9039,0,411,0,4592,0,10341,0,0,0,27447,0,2227,85,0
2017,286,13410,0,0,0,0,2031,0,0,0,18258,0,0,0,7447,0,32798,0,0,0,4303,0,2657,28,12
2017,255,7164,0,0,0,0,2889,0,0,0,4519,0,0,0,21228,0,96423,0,0,0,13153,0,2285,96,0
2017,79,0,0,0,0,0,0,0,0,0,0,0,0,0,0,0,0,0,0,0,0,0,0,0,0
2017,81,0,0,0,0,0,0,0,0,0,0,0,0,0,0,0,0,0,0,0,0,0,0,0,0
2017,688,14688,0,7,0,0,5070,0,0,0,6760,0,0,0,0,0,110088,0,0,0,12834,0,3194,114,143
2017,531,18196,0,3,0,0,0,7090,0,0,3671,0,0,0,11555,0,62198,30973,0,0,8076,0,3021,2286,99
2017,514,0,0,0,0,0,0,0,0,0,476,0,0,0,0,0,30542,0,0,0,3146,0,0,0,0
2017,499,136,0,0,0,0,0,0,0,0,0,0,0,0,12962,0,32428,0,0,0,6035,0,6,0,0
2017,532,11989,0,5,0,0,1871,0,0,0,4284,82,0,0,10369,0,52657,23670,0,0,11222,0,2204,238,93
2017,190,0,0,0,0,0,0,0,0,0,0,0,0,0,0,0,6000,0,0,0,0,0,0,0,0
2017,598,3480,0,1,0,0,0,0,0,0,1168,0,0,0,0,0,39993,0,0,0,4753,0,822,49,0
2017,260,19709,0,0,503,0,4653,0,1267,0,29534,0,3669,0,18219,0,136610,0,36,0,11765,0,1056,174,62
2017,838,1120,0,0,0,0,0,0,0,0,1289,0,0,0,894,0,20340,0,0,0,1198,0,30,0,0
2017,839,396,0,0,0,0,437,0,0,0,1850,0,0,0,1508,0,12872,0,0,0,1505,0,236,0,0
2017,851,0,0,0,0,0,0,0,0,0,0,0,0,0,0,0,0,0,0,0,0,0,0,0,0
2017,852,20083,0,21,0,0,0,3729,2860,0,3549,0,621,0,16623,0,91713,61142,798,0,24674,0,3634,312,143
2017,988,0,0,0,0,0,0,0,0,0,0,0,0,0,0,0,1305,0,0,0,0,0,0,0,0
2017,1056,16613,1378,5,39,0,6925,0,0,0,8815,0,0,0,12616,0,140803,27072,0,0,22391,0,3164,163,143
2017,1044,0,0,0,0,0,0,0,0,0,0,0,0,0,0,0,0,0,0,0,0,0,0,0,0
2017,1024,29723,0,0,215,0,3017,0,3010,0,6604,0,2351,0,23058,0,54560,0,187,0,14792,0,4411,556,121
2017,1017,0,0,0,0,0,0,0,0,0,0,0,0,0,0,0,0,0,0,0,0,0,0,0,0
2017,1000,23238,0,0,0,0,2931,0,3122,0,6684,0,2111,0,19510,0,84943,0,375,0,16919,0,5304,245,118
2017,1018,12463,0,4,0,0,2773,0,0,0,2986,0,0,0,17471,0,100338,0,0,0,13503,0,3560,148,82
2017,1001,17101,0,0,0,0,1157,0,0,0,0,0,0,0,7058,0,13375,0,0,0,2572,0,2321,0,0
2017,1007,16438,0,15,0,0,3960,0,0,0,6445,0,0,0,14395,0,153812,0,0,0,17159,0,6231,323,114
2017,1008,16535,0,7,0,0,0,0,0,0,3629,0,0,0,6777,0,104363,0,0,0,10434,0,3971,368,107
2017,1010,16095,0,15,0,0,0,0,0,0,1202,0,0,0,6798,0,75551,0,0,0,7259,0,3231,157,79
2017,1011,6053,0,7,7,0,0,0,0,0,1762,0,0,0,5501,0,60582,0,0,0,5745,0,1449,85,22
2017,1012,16032,0,3,0,0,0,0,0,0,3847,0,0,0,6809,0,75433,0,0,0,9560,0,2901,159,73
2017,1013,47366,0,92,2878,0,2868,0,0,0,14927,0,2908,0,24773,0,214257,0,5659,0,39891,0,7988,1454,311
2017,1041,0,0,0,0,0,0,0,0,0,0,0,0,0,0,0,0,0,0,0,0,0,0,0,0
2017,1073,19374,0,4,0,0,1592,0,0,0,8529,0,0,0,11518,0,0,0,0,0,14685,0,3754,450,0
2017,1087,20709,0,13,33,0,3543,0,2933,0,3801,0,3340,0,26464,0,167408,0,658,0,20260,0,5252,712,72
2017,1109,17447,0,7,0,0,990,0,913,0,2799,0,0,0,14708,0,106196,0,0,0,12037,0,3051,171,81
2017,1110,22328,0,3,155,0,0,0,1338,0,4658,0,681,0,14520,0,32955,0,100,0,6591,0,2516,73,40
2017,1112,5342,0,0,0,0,1632,0,588,0,2107,0,0,0,3450,0,22938,0,0,0,414,0,1617,0,0
2017,1120,0,0,0,0,0,0,0,0,0,0,0,0,0,0,0,0,0,0,0,0,0,0,0,0
2017,1126,30413,0,14,0,0,3145,0,0,0,3679,3685,0,0,10113,0,106620,44309,0,0,16332,0,6382,229,135
2017,789,0,0,0,0,0,0,0,0,0,0,0,0,0,0,0,0,0,0,0,0,0,0,0,0
2017,326,0,0,0,0,0,0,0,0,0,0,0,0,0,0,0,0,0,0,0,0,0,0,0,0
2017,442,3526,0,0,0,0,2259,0,2060,0,3895,0,0,0,9834,0,12300,0,0,0,3575,0,1290,3,102
2017,294,0,0,0,0,0,1978,0,0,0,2535,0,0,0,5605,0,34360,0,0,0,6931,0,1440,28,68
2017,378,975,0,0,0,0,0,0,0,0,0,0,0,0,0,0,3292,0,0,0,336,0,506,2,0
2017,402,0,0,0,0,0,0,0,0,0,879,0,0,0,1745,0,9617,0,0,0,968,0,6565,0,0
2017,29,0,0,0,0,0,0,0,0,0,0,0,0,0,0,0,0,0,0,0,0,0,0,0,0
2017,450,638,0,0,0,0,0,0,0,0,0,0,0,0,0,0,4216,0,0,0,0,0,26,0,0
2017,656,7925,0,6,0,0,0,0,0,0,7988,0,0,0,0,0,118459,0,0,0,7467,0,1753,35,
2017,333,8980,0,0,0,0,865,0,0,0,1500,0,0,0,6745,0,42500,0,0,0,6700,0,1559,110,27
2017,684,5196,,3,0,0,0,0,0,0,17936,0,0,0,266,,144982,8070,0,0,10791,,1888,214,
2017,422,105,0,0,81,0,0,0,0,0,429,0,0,0,2439,0,9682,0,0,0,1441,0,187,8,2
2017,763,23551,,19,4349,,166,,6188,,6690,0,2633,,24977,,345654,34165,2879,,53389,,6131,526,669
2017,741,25230,,18,1528,,5793,,5706,,9282,3576,0,0,10245,,286345,112324,3718,,41129,,5428,598,8
2017,553,22776,,16,201,,0,0,0,0,13595,0,0,0,20545,,196053,19433,0,0,25724,,3418,393,
2017,357,36,0,0,0,0,0,0,0,0,7,0,0,0,0,0,388,0,0,0,0,0,1,0,0
2017,899,0,0,0,0,0,0,0,0,0,0,0,0,0,0,0,0,0,0,0,0,0,0,0,0
2017,900,51,0,0,0,0,0,0,0,0,284,0,374,0,0,0,557,0,0,0,941,0,78,0,0
2017,932,0,0,0,0,0,0,0,0,0,0,0,0,0,0,0,0,0,0,0,0,0,0,0,0
2017,950,263,0,0,0,0,504,0,0,0,1495,0,0,0,1895,0,5945,0,0,0,864,0,153,1,0
2017,966,2747,0,0,182,0,52,0,0,0,890,0,0,0,1765,0,10896,0,0,0,962,0,410,6,5
2017,967,0,0,0,0,0,0,0,0,0,0,0,0,0,0,0,0,0,0,0,0,0,0,0,0
2017,982,5916,0,0,2,0,591,0,0,0,3404,0,0,0,10167,0,49036,0,1587,0,12894,0,660,106,45
2017,1014,1983,0,74,0,0,0,0,0,0,1529,0,0,0,0,0,45438,0,0,0,4531,0,,,
2017,1080,9479,0,5,0,0,2305,0,0,0,4791,0,0,0,12805,0,38762,0,0,0,9117,0,2476,160,41
2017,1074,0,0,0,0,0,0,0,0,0,640,0,0,0,0,0,11132,0,0,0,1216,0,432,0,0
2017,1084,1594,0,0,0,0,19,0,0,0,819,0,0,0,254,0,12270,0,0,0,109,0,819,0,0
2017,1113,25,0,1,0,0,0,0,0,0,0,0,0,0,0,0,64,0,0,0,0,0,0,0,0
2017,1137,78,0,0,0,0,0,0,0,0,57,0,0,0,0,0,1422,0,0,0,254,0,13,0,0
2017,1142,4161,,4,0,0,0,0,0,0,4416,0,0,0,0,0,71726,0,0,0,5536,,1243,88,
2017,722,21582,0,48,629,0,7682,0,7175,0,3706,0,3946,0,9037,0,169060,21268,801,0,27153,0,5126,654,375
2017,660,21611,0,68,448,0,0,0,0,0,2630,0,0,0,4441,0,129357,0,0,0,19962,0,2786,485,70
2017,75,0,0,0,0,0,0,0,0,0,0,0,0,0,0,0,0,0,0,0,0,0,0,0,0
2017,249,3658,0,0,61,0,429,0,0,0,946,0,0,0,4114,0,36041,0,0,0,2693,0,1097,0,0
2017,227,0,0,0,0,0,4766,0,0,0,3886,0,0,0,8783,0,37433,0,0,0,6235,0,1606,18,1
2017,589,0,0,0,0,0,0,0,0,0,261,0,0,0,0,0,40984,0,0,0,3391,0,1642,39,0
2017,665,5963,0,6,0,0,0,0,0,0,920,0,0,0,0,0,65834,0,0,0,8589,0,1790,79,0
2017,334,0,0,0,0,0,0,0,0,0,0,0,0,0,0,0,0,0,0,0,0,0,0,0,0
2017,1075,93782,0,200,1715,0,1918,0,5692,0,11536,0,0,0,15183,0,353018,0,2217,0,39834,0,6081,650,690
2017,751,31071,0,48,268,0,6196,0,4045,0,6393,0,0,0,7460,0,152303,11012,1476,0,24893,0,5682,768,460
2017,186,0,0,0,0,0,192,0,0,0,905,0,0,0,8965,0,10893,0,0,0,1872,0,242,219,0
2017,646,3134,0,6,0,0,0,0,0,0,556,0,0,0,0,0,20692,0,0,0,3038,0,806,0,0
2017,536,0,0,0,0,0,0,0,0,0,525,0,0,0,0,0,26858,0,0,0,2831,0,521,0,0
2017,242,356,0,0,0,0,0,0,0,0,0,0,0,0,0,0,0,0,0,0,0,0,386,0,0
2017,490,0,0,0,0,0,0,0,0,0,20254,0,0,0,0,0,9554,0,0,0,0,0,569,0,0
2017,500,5062,0,0,0,0,1840,0,437,0,3137,0,455,0,14171,0,28475,0,41,0,5779,0,1919,57,16
2017,206,2429,0,0,0,0,810,0,0,0,1383,0,0,0,11198,0,12593,0,0,0,2676,0,468,1,0
2017,58,0,0,0,0,0,0,0,0,0,0,0,0,0,0,0,0,0,0,0,0,0,0,0,0
2017,572,9774,0,7,0,0,0,0,0,0,3434,0,0,0,6427,0,112397,0,0,0,11372,0,2535,259,134
2017,180,1074,0,0,0,0,1209,0,0,0,8840,0,0,0,0,0,1470,0,0,0,0,0,0,0,0
2017,549,2318,0,4,0,0,0,0,0,0,2188,0,0,0,0,0,29033,0,0,0,2144,0,523,17,0
2017,582,2519,0,7,0,0,0,0,0,0,2362,0,0,0,0,0,36645,0,0,0,3445,0,651,56,16
2017,743,14840,0,42,0,0,0,0,0,0,4416,0,0,0,6592,0,124843,37550,0,0,16753,0,4664,152,173
2017,795,5215,0,0,0,0,0,0,0,0,17409,0,0,0,0,0,9186,0,0,0,0,0,0,0,0
2017,269,516,0,0,0,0,0,0,0,0,0,0,0,0,3256,0,35698,0,0,0,0,0,1015,0,0
2017,634,4665,0,6,0,0,0,0,0,0,2357,0,0,0,7104,0,44781,0,0,0,6403,0,1940,69,114
2017,1,0,0,0,0,0,777,0,0,0,3300,0,0,0,4464,0,25281,0,0,0,0,0,746,497,126
2017,717,5030,0,10,0,0,0,0,0,0,1558,0,0,0,3664,0,58071,0,0,0,8107,0,1795,97,0
2017,373,0,0,0,0,0,0,0,0,0,4855,0,0,0,0,0,3432,0,0,0,0,0,0,0,0
2017,535,8592,0,2,0,0,0,0,0,0,5504,0,0,0,4647,0,49325,0,0,0,6614,0,2434,95,107
2017,824,29158,352,137,727,0,6054,0,5503,0,19772,0,2411,0,29285,0,252188,48380,814,0,46321,0,6833,1060,317
2017,888,1731,0,0,0,0,0,0,0,0,3372,0,0,0,0,0,34448,0,0,0,3329,0,627,10,0
2017,77,0,0,0,0,0,0,0,0,0,0,0,0,0,0,0,0,0,0,0,0,0,0,0,0
2017,391,434,0,0,0,0,0,0,0,0,0,0,0,0,0,0,3156,0,0,0,936,0,100,0,0
2017,240,1310,0,0,0,0,413,0,0,0,1244,0,0,0,5926,0,36421,0,0,0,4083,0,757,3,0
2017,448,0,0,0,0,0,0,0,0,0,176,0,0,0,0,0,5830,0,0,0,1016,0,320,0,169
2017,151,0,0,0,0,0,0,0,0,0,0,0,0,0,0,0,249,0,0,0,0,0,0,0,0
2017,425,0,0,0,0,0,0,0,0,0,77,0,0,0,0,0,3661,0,0,0,486,0,128,0,0
2017,300,0,0,0,0,0,0,0,0,0,1289,0,0,0,451,0,16004,0,0,0,1762,0,531,6,0
2017,339,4199,0,0,759,0,627,0,1163,0,1676,0,0,0,11049,0,23336,0,46,0,3764,0,816,20,0
2017,874,6579,0,3,0,0,0,0,0,0,452,0,0,0,0,0,33610,8887,0,0,5847,0,1398,75,0
2017,905,40102,0,41,2750,0,5593,0,4273,0,3752,3650,0,0,22580,0,176744,126754,1453,0,59193,0,5356,667,503
2017,1123,177,0,0,0,0,232,0,0,0,614,0,0,0,2238,0,1450,0,0,0,0,0,48,67,0
2017,736,40288,0,196,2776,0,0,0,5361,0,7591,0,2936,0,22044,0,203376,0,22,0,40521,0,6081,1271,486
2017,459,0,0,0,0,0,0,0,0,0,0,0,0,0,0,0,7173,0,0,0,0,0,0,0,0
2017,320,136,0,0,0,0,0,0,0,0,0,0,0,0,0,0,8095,0,0,0,0,0,0,0,0
2017,45,0,0,0,0,0,0,0,0,0,0,0,0,0,0,0,0,0,0,0,0,0,0,0,0
2017,618,2914,0,0,0,0,0,0,0,0,3226,0,0,0,0,0,52989,4431,0,0,4380,0,1532,86,0
2017,463,9530,0,5,0,0,0,0,0,0,3357,0,0,0,4762,0,75108,20211,0,0,10658,0,2995,210,113
2017,891,3614,0,2,0,0,0,0,0,0,0,0,0,0,151,0,19020,0,0,0,745,0,77,4,0
2017,958,8735,0,12,0,0,912,0,0,0,3165,0,0,0,6687,0,76554,0,0,0,19367,0,2700,237,77
2017,244,2096,0,0,0,0,490,0,0,0,4,0,0,0,45,0,3466,0,0,0,233,0,375,0,0
2017,28,0,0,0,0,0,0,0,0,0,0,0,0,0,0,0,0,0,0,0,0,0,0,0,0
2017,444,2573,0,0,0,0,0,0,0,0,574,0,0,0,0,0,6647,0,0,0,271,0,791,0,0
2017,479,8,0,0,0,0,0,0,0,0,0,0,0,0,0,0,1078,0,0,0,0,0,0,0,0
2017,285,0,0,0,0,0,6005,0,0,0,4792,0,0,0,4399,0,26972,0,0,0,6893,0,7444,48,37
2017,253,11814,0,2,73,0,3878,0,0,0,10979,0,0,0,17577,0,71070,0,0,0,10815,0,4180,116,85
2017,481,2676,0,4,28,0,526,0,0,0,1004,0,0,0,8723,0,35365,0,0,0,1880,0,729,0,9
2017,540,0,0,0,93,0,0,0,1564,0,5884,0,329,0,9022,0,30570,0,0,0,7205,0,0,0,0
2017,41,0,0,0,0,0,0,0,0,0,0,0,0,0,0,0,0,0,0,0,0,0,0,0,0
2017,510,0,0,0,0,0,473,0,0,0,1153,0,0,0,3547,0,28284,0,0,0,1707,0,658,1,10
2017,305,,,,,,,,,,1155,,,,,,23091,0,,,,,,,
2017,708,5095,,,0,0,0,0,0,0,11301,0,0,0,0,0,139748,0,0,0,11831,,1977,355,
2017,755,36136,,138,3923,,10325,,8353,,11509,17224,5895,,29974,,368453,106330,5307,,82844,,7739,1416,651
2017,750,20800,,45,0,,0,0,4001,,8323,4174,433,,10523,,270588,90770,2222,,50307,,4956,1450,
2017,696,12575,,24,211,,2923,,0,0,18367,0,0,0,6633,,192455,165355,0,0,25308,,5009,474,268
2017,421,0,0,0,0,0,0,0,0,0,0,0,0,0,3964,0,26135,0,0,0,1065,0,0,0,0
2017,827,0,0,0,0,0,0,0,0,0,0,0,0,0,0,0,0,0,0,0,0,0,0,0,0
2017,933,26921,0,2,0,0,0,0,0,0,5274,0,0,0,5656,0,153734,0,0,0,14562,0,4327,412,155
2017,1030,10218,0,1,0,0,1626,0,0,0,4025,0,0,0,5886,0,26881,0,0,0,3895,0,933,15,0
2017,1003,2325,0,,0,0,0,0,0,0,3978,0,0,0,0,0,25767,0,0,0,1589,0,699,29,
2017,1050,1048,0,,0,0,0,0,0,0,2034,0,0,0,0,0,16277,0,0,0,657,0,198,7,
2017,1043,6131,0,4,0,0,1339,0,0,0,9217,0,0,0,6160,0,31260,0,0,0,7749,0,1052,0,0
2017,1128,2045,0,,0,0,0,0,0,0,4237,0,0,0,0,0,35339,0,0,0,2079,0,735,12,
2017,1125,0,0,0,0,0,0,0,0,0,0,0,0,0,0,0,0,0,0,0,0,0,0,0,0
2017,1135,786,0,,0,0,0,0,0,0,1011,0,0,0,0,0,14529,0,0,0,594,0,563,1,
2017,934,9934,0,1,0,0,2093,0,0,0,5770,0,0,0,4346,0,56267,0,0,0,7705,0,1729,136,56
2017,629,16322,0,50,345,0,3941,0,4098,0,8833,0,0,0,10736,0,101334,0,1459,0,19385,0,3516,209,153
2017,21,0,0,0,0,0,0,0,0,0,0,0,0,0,0,0,0,0,0,0,0,0,0,0,0
2017,615,354,0,25,0,0,1948,0,0,0,5135,0,0,0,6960,0,58522,0,0,0,8196,0,1304,134,0
2017,626,2169,0,0,0,0,562,0,0,0,824,0,0,0,0,0,11411,0,0,0,1214,0,590,2,0
2017,417,0,0,0,0,0,0,0,0,0,0,0,0,0,0,0,4605,0,0,0,0,0,567,0,0
2017,597,0,0,0,0,0,461,0,0,0,2048,0,0,0,0,0,16431,0,0,0,1917,0,373,0,0
2017,539,17725,0,0,200,0,2240,0,2075,0,8752,0,892,0,8680,0,42725,0,416,0,18760,0,2312,441,0
2017,343,0,0,0,0,0,0,0,0,0,2329,0,0,0,0,0,39162,0,0,0,0,0,294,0,0
2017,135,0,0,0,0,0,0,0,0,0,0,0,0,0,0,0,0,0,0,0,0,0,0,0,0
2017,158,0,0,0,0,0,0,0,0,0,0,0,0,0,0,0,1514,0,0,0,0,0,0,0,0
2017,775,16181,0,27,0,0,1554,0,0,0,6030,0,0,0,6290,0,60035,0,0,0,12609,0,3217,160,97
2017,177,0,0,0,0,0,0,0,0,0,0,0,0,0,0,0,1827,0,0,0,0,0,0,0,0
2017,578,0,0,0,0,0,0,0,0,0,1309,0,0,0,0,0,23188,0,0,0,0,0,530,0,0
2017,416,781,0,0,0,0,506,0,0,0,1263,0,0,0,3221,0,8432,0,0,0,0,0,188,0,0
2017,561,4476,0,0,0,0,0,0,0,0,3344,0,0,0,0,0,37953,0,0,0,4852,0,915,52,0
2017,62,0,0,0,0,0,0,0,0,0,0,0,0,0,0,0,0,0,0,0,0,0,0,0,0
2017,828,0,0,0,0,0,0,0,0,0,0,0,0,0,0,0,0,0,0,0,0,0,0,0,0
2017,860,0,0,0,0,0,0,0,0,0,3230,0,0,0,0,0,36490,0,0,0,1587,0,158,0,0
2017,935,0,0,0,0,0,0,0,0,0,0,0,0,0,0,0,0,0,0,0,0,0,0,0,0
2017,936,0,0,0,0,0,0,0,0,0,0,0,0,0,0,0,0,0,0,0,0,0,0,0,0
2017,986,0,0,0,0,0,0,0,0,0,0,0,0,0,0,0,0,0,0,0,0,0,0,0,0
2017,987,220,0,14,0,0,0,0,0,0,5507,0,0,0,0,0,56271,0,0,0,7681,0,1350,112,0
2017,1021,0,0,0,0,0,0,0,0,0,0,0,0,0,0,0,0,0,0,0,0,0,0,0,0
2017,1085,0,0,0,0,0,0,0,0,0,0,0,0,0,0,0,0,0,0,0,0,0,0,0,0
2017,658,6647,0,3,0,0,0,0,0,0,1953,0,0,0,2328,0,50649,0,0,0,5017,0,1734,69,0
2017,353,0,0,0,0,0,0,0,0,0,22372,0,0,0,0,0,14528,0,0,0,0,0,0,0,0
2017,323,0,0,0,0,0,0,0,0,0,0,0,0,0,0,0,0,0,0,0,0,0,0,0,0
2017,620,3322,0,1,0,0,0,0,0,0,1102,0,0,0,0,0,37832,0,0,0,3093,0,1393,64,0
2017,384,0,0,0,0,0,0,0,0,0,0,0,0,0,5639,0,16660,0,0,0,0,0,0,27,0
2017,554,10417,0,4,0,0,2256,0,0,0,2723,0,0,0,8097,0,105000,0,0,0,14028,0,3643,337,134
2017,209,789,0,0,0,0,417,0,0,0,1146,0,0,0,2528,0,20837,0,0,0,2312,0,843,0,0
2017,707,37288,0,50,271,0,0,0,0,0,33530,0,0,0,14559,0,156582,70785,0,0,34036,1230,6831,633,359
2017,395,4,0,0,0,0,0,0,0,0,0,0,0,0,0,0,8587,0,0,0,0,0,0,0,0
2017,969,4262,0,0,0,0,538,0,0,0,1483,0,0,0,4529,0,23112,0,2062,0,3234,0,1286,0,0
2017,1052,0,0,0,0,0,0,0,0,0,0,0,0,0,0,0,0,0,0,0,0,0,0,0,0
2017,739,2903,0,90,6370,0,6432,0,3497,0,121695,0,5039,0,24957,0,221021,53142,776,0,44291,0,5114,1631,273
2017,1114,0,0,0,0,0,0,0,0,0,0,0,0,0,0,0,44826,4732,0,0,7787,0,0,0,0
2017,1129,4034,0,0,0,0,553,0,0,0,1467,0,0,0,4850,0,8493,0,0,0,1597,0,222,11,3
2017,644,19083,0,10,2805,0,4190,0,0,0,5911,0,0,0,12040,0,72549,44561,0,0,17939,0,5415,390,1207
2017,752,17359,0,35,1584,0,0,0,8474,0,3886,0,0,0,18902,0,154612,28011,0,0,23277,0,4698,1119,0
2017,238,0,0,0,0,0,0,0,0,0,0,0,0,0,0,0,0,0,0,0,0,0,1215,103,0
2017,325,0,0,0,0,0,0,0,0,0,0,0,0,0,0,0,0,0,0,0,0,0,0,0,0
2017,622,3402,0,1,0,0,0,0,0,0,806,0,0,0,0,0,40158,0,0,0,5819,0,1161,0,0
2017,879,752,0,0,0,0,0,0,0,0,0,0,0,0,0,0,2394,0,0,0,186,0,0,0,0
2017,906,2532,0,0,0,0,0,0,0,0,99,0,0,0,367,0,17385,0,0,0,2074,0,2162,54,89
2017,370,0,0,0,0,0,0,0,0,0,0,0,0,0,164,0,9319,0,0,0,407,0,2,12,0
2017,418,0,0,0,0,0,0,0,0,0,0,0,0,0,4471,0,19101,0,0,0,0,0,0,0,0
2017,574,0,0,0,0,0,0,0,0,0,0,0,0,0,4649,0,10417,0,0,0,0,0,0,0,0
2017,399,0,0,0,0,0,0,0,0,0,0,0,0,0,0,0,3519,0,0,0,0,0,0,0,0
2017,195,0,0,0,0,0,0,0,0,0,0,0,0,0,0,0,6498,0,0,0,0,0,0,0,0
2017,783,26999,263,41,0,0,3081,0,0,0,10731,0,0,0,9523,0,144892,110338,571,0,22959,6904,1122,108,67
2017,263,0,0,0,0,0,0,0,0,0,0,0,0,0,0,0,24069,0,0,0,0,0,14,0,0
2017,194,0,0,0,0,0,0,0,0,0,1398,0,0,0,0,0,17806,0,0,0,0,0,0,0,0
2017,214,0,0,0,0,0,0,0,0,0,543,0,0,0,0,0,4092,0,0,0,0,0,20,0,0
2017,785,34840,0,79,1614,0,715,0,4505,0,6736,982,6227,0,13589,0,145561,94896,1889,0,49307,0,757,166,53
2017,780,0,0,0,0,0,0,0,0,0,1376,10,0,0,0,0,39317,46174,0,0,8126,0,46,4,0
2017,782,18190,0,15,107,0,0,0,0,0,4275,0,0,0,34,0,121644,80431,0,0,23530,0,427,52,50
2017,369,0,0,0,0,0,0,0,0,0,0,0,0,0,0,0,3954,0,0,0,0,0,0,0,0
2017,713,0,0,0,0,0,0,0,0,0,412,0,0,0,6785,0,51444,0,0,0,5865,0,158,0,0
2017,941,0,0,0,0,0,0,0,0,0,0,0,0,0,0,0,0,0,0,0,0,0,0,0,0
2017,1091,0,0,0,0,0,0,0,0,0,0,0,0,0,0,0,0,0,0,0,0,0,0,0,0
2017,1045,2492,0,0,0,0,379,0,213,0,2038,0,60,0,5808,0,16867,0,0,0,2619,0,705,0,8
2017,1086,0,0,0,0,0,1168,0,1912,0,2791,0,1696,0,12301,0,65815,0,0,0,16112,0,107,0,12
2017,937,13616,0,8,0,0,3342,0,0,0,3931,0,0,0,7073,0,89492,0,0,0,18073,0,10060,238,236
2017,1004,0,0,0,0,0,0,0,0,0,0,0,0,0,0,0,0,0,0,0,0,0,753,0,0
2017,737,27360,0,75,384,0,0,0,5264,0,5668,2311,0,0,5009,0,119814,35805,944,0,20870,0,6882,657,497
2017,765,44854,0,93,306,0,6141,0,6339,0,9805,2485,0,0,18159,0,272221,46947,764,0,37414,0,7627,1015,510
2017,329,8227,0,0,0,0,0,0,0,0,0,0,0,0,0,0,61266,36157,0,0,8422,0,2960,309,0
2017,87,0,0,0,0,0,0,0,0,0,0,0,0,0,0,0,0,0,0,0,0,0,0,0,0
2017,527,5582,0,0,0,0,0,0,0,0,4424,0,0,0,6886,0,15834,0,0,0,4607,0,0,0,0
2017,562,248,0,0,23,0,0,0,0,0,0,0,0,0,7687,0,57808,0,0,0,2882,0,0,0,21
2017,251,0,0,0,0,0,1610,0,0,0,1106,0,0,0,5909,0,32152,0,0,0,3403,0,727,18,0
2017,129,0,0,0,0,0,0,0,0,0,0,0,0,0,0,0,0,0,0,0,0,0,0,0,0
2017,154,0,0,0,0,0,0,0,0,0,0,0,0,0,0,0,1646,0,0,0,0,0,0,0,0
2017,516,0,0,0,0,0,0,0,0,0,792,0,0,0,11980,0,71407,0,0,0,5309,0,271,17,0
2017,184,0,0,0,0,0,0,0,0,0,0,0,0,0,196,0,3050,0,0,0,344,0,510,0,0
2017,652,1519,0,0,0,0,742,0,0,0,530,0,0,0,0,0,19742,0,0,0,2082,0,715,58,17
2017,637,6344,0,0,0,0,0,0,0,0,1329,0,0,0,0,0,39601,0,0,0,4484,0,1442,65,0
2017,88,0,0,0,0,0,0,0,0,0,0,0,0,0,0,0,0,0,0,0,0,0,0,0,0
2017,907,0,0,0,0,0,0,0,0,0,0,0,0,0,0,0,0,0,0,0,0,0,0,0,0
2017,970,0,0,0,0,0,0,0,0,0,0,0,0,0,0,0,0,0,0,0,0,0,0,0,0
2017,1019,0,0,0,0,0,0,0,0,0,109,0,0,0,1041,0,9883,0,0,0,493,0,200,0,0
2017,1016,0,0,0,60,0,0,0,0,0,520,0,0,0,5894,0,19943,0,0,0,1396,0,315,0,12
2017,1047,4008,0,0,0,0,1021,0,0,0,871,0,0,0,2975,0,45582,0,0,0,5739,0,572,152,0
2017,635,4237,0,1,0,0,0,0,0,0,521,0,0,0,0,0,55190,0,0,0,8494,0,479,54,0
