"año";"NCODI";"camas instaladas";"incubadoras_instalada";"paritorios_instalada";"quirofanos_instalada";"salasHemo_instalada";"camas_funcionamiento";"incubadoras_funcionamiento";"paritorios_funcionamiento";"quirofanos_funcionamiento";"salasHemo_funcionamiento";"salas_rx_Hospital";"salas_rx_CEP";"puesto_HDia_medico";"puesto_HDia_psiquiatrico";"puesto_HDia_geriatrico";"integradasPuestos_HDia_CMA";"propiasPuestos_HDia_CMA";"propiasQuirofanos_HDia_CMA"
2010;781,00;"200 - 500 camas";23;3;10;2;478;23;3;10;2;6;5;1;0;0;3;0;0
2010;779,00;"200 - 500 camas";0;0;19;0;259;0;0;19;0;5;0;16;4;0;10;0;10
2010;113,00;"200 - 500 camas";0;0;0;0;226;0;0;0;0;0;0;0;0;0;0;0;0
2010;619,00;"Menos de 200 camas";0;0;5;1;73;0;0;5;1;3;0;4;0;0;4;0;0
2010;163,00;"Menos de 200 camas";0;0;4;0;26;0;0;4;0;1;0;0;0;0;0;0;1
2010;131,00;"Menos de 200 camas";0;0;0;0;120;0;0;0;0;0;0;0;0;0;0;0;0
2010;375,00;"Menos de 200 camas";0;0;0;0;63;0;0;0;0;1;0;0;0;0;0;0;0
2010;764,00;"501 - 1000 camas";13;2;15;1;720;13;2;15;1;17;0;16;56;8;32;0;0
2010;14,00;"Menos de 200 camas";3;2;3;0;42;3;2;3;0;1;0;0;0;0;0;0;0
2010;657,00;"Menos de 200 camas";2;1;4;0;115;2;1;4;0;3;0;1;0;0;3;1;1
2010;362,00;"Menos de 200 camas";1;1;3;1;65;1;1;3;1;7;0;0;0;0;8;0;0
2010;989,00;"Menos de 200 camas";0;1;4;0;83;0;1;3;0;4;0;5;0;0;0;0;0
2010;990,00;"Menos de 200 camas";1;1;4;0;86;1;1;2;0;2;0;10;0;0;0;6;0
2010;680,00;"501 - 1000 camas";24;3;27;1;815;24;3;27;1;12;3;36;0;0;3;0;0
2010;411,00;"Menos de 200 camas";4;2;7;2;104;4;2;7;2;3;0;6;0;0;0;0;0
2010;241,00;"Menos de 200 camas";3;2;7;1;103;3;2;7;1;2;0;6;0;0;2;0;0
2010;558,00;"200 - 500 camas";5;2;7;0;271;5;2;5;0;9;0;21;0;0;5;12;2
2010;167,00;"Menos de 200 camas";2;1;2;0;16;0;1;2;0;1;0;0;0;0;0;0;0
2010;224,00;"Menos de 200 camas";1;1;2;0;23;1;1;2;0;2;0;0;0;0;0;3;2
2010;591,00;"200 - 500 camas";24;2;13;1;460;24;2;13;1;7;3;36;0;0;0;0;0
2010;586,00;"501 - 1000 camas";14;2;12;0;420;14;2;12;0;13;3;26;0;0;0;0;0
2010;453,00;"Menos de 200 camas";0;0;0;0;119;0;0;0;0;2;0;6;0;0;0;0;0
2010;145,00;"Menos de 200 camas";0;0;0;0;96;0;0;0;0;0;0;0;0;0;0;0;0
2010;511,00;"200 - 500 camas";7;2;9;0;263;7;2;9;0;6;3;10;0;0;0;14;0
2010;530,00;"200 - 500 camas";8;2;9;0;344;8;2;9;0;6;3;25;0;0;0;2;2
2010;6,00;"Menos de 200 camas";3;1;7;0;54;3;1;7;0;1;0;0;0;0;10;0;0
2010;161,00;"200 - 500 camas";0;0;0;0;390;0;0;0;0;0;0;0;0;0;0;0;0
2010;623,00;"200 - 500 camas";14;2;10;1;370;14;2;10;1;8;2;18;0;0;0;12;0
2010;489,00;"Menos de 200 camas";0;0;1;0;10;0;0;1;0;1;0;0;0;0;0;0;0
2010;349,00;"Menos de 200 camas";0;2;1;0;22;0;2;1;0;1;0;0;0;0;6;0;0
2010;875,00;"Menos de 200 camas";0;0;6;1;82;0;0;6;1;2;0;6;0;0;0;0;0
2010;908,00;"Menos de 200 camas";0;0;0;0;42;0;0;0;0;1;0;0;0;0;0;0;0
2010;940,00;"Menos de 200 camas";0;0;0;0;15;0;0;0;0;0;0;0;0;0;0;0;0
2010;946,00;"Menos de 200 camas";2;4;1;1;100;2;4;1;1;3;0;0;0;0;0;0;0
2010;1023,00;"200 - 500 camas";8;2;11;1;243;8;2;11;1;3;0;38;0;0;13;29;0
2010;1054,00;"200 - 500 camas";9;3;15;2;211;9;3;14;1;13;0;0;0;0;0;0;0
2010;1057,00;"Menos de 200 camas";0;0;0;0;81;0;0;0;0;4;0;0;0;0;0;0;0
2010;1031,00;"Menos de 200 camas";0;0;0;0;6;0;0;0;0;0;0;0;0;0;0;0;0
2010;1032,00;"200 - 500 camas";8;8;12;1;186;8;8;12;1;1;0;25;0;0;14;26;0
2010;226,00;"Menos de 200 camas";2;6;1;1;95;2;6;1;1;2;0;0;0;0;0;0;0
2010;687,00;"Menos de 200 camas";8;2;6;0;172;8;2;6;0;7;0;4;20;0;0;10;1
2010;745,00;"501 - 1000 camas";8;3;18;2;735;8;3;18;1;9;4;71;42;0;0;19;6
2010;109,00;"Menos de 200 camas";2;1;6;1;82;2;1;6;1;4;0;0;0;0;0;0;0
2010;808,00;"200 - 500 camas";8;8;9;0;264;8;6;8;0;6;0;0;22;0;16;0;0
2010;971,00;"Menos de 200 camas";0;0;6;0;5;0;0;2;0;2;0;2;0;0;12;0;0
2010;128,00;"Menos de 200 camas";1;1;3;0;33;0;0;3;0;1;0;3;0;0;2;2;1
2010;919,00;"200 - 500 camas";8;2;8;0;414;8;2;8;0;4;3;24;8;0;0;0;0
2010;725,00;"Más de 1.000 camas";31;3;30;2;903;31;3;29;2;13;0;40;0;0;0;0;2
2010;3,00;"Menos de 200 camas";0;0;0;0;119;0;0;0;0;0;0;0;0;0;0;0;0
2010;386,00;"Menos de 200 camas";0;0;2;0;74;0;0;2;0;1;0;0;0;0;0;0;0
2010;306,00;"200 - 500 camas";0;0;0;0;466;0;0;0;0;0;0;0;0;0;0;0;0
2010;15,00;"Menos de 200 camas";0;0;3;0;29;0;0;2;0;1;0;1;0;0;0;0;0
2010;264,00;"Menos de 200 camas";2;1;4;0;74;2;1;4;0;2;0;0;0;0;0;0;0
2010;867,00;"Menos de 200 camas";0;0;2;0;15;0;0;2;0;2;0;0;0;0;0;0;0
2010;910,00;"200 - 500 camas";2;1;10;0;227;2;1;9;0;19;0;16;0;0;7;0;0
2010;1053,00;"200 - 500 camas";7;2;8;0;310;7;2;6;0;4;4;14;0;0;19;0;0
2010;1055,00;"200 - 500 camas";8;3;14;1;367;8;3;11;1;17;0;32;0;0;0;39;6
2010;732,00;"501 - 1000 camas";37;3;22;2;717;37;3;17;2;37;7;32;26;0;0;0;0
2010;529,00;"Menos de 200 camas";0;0;0;0;79;0;0;0;0;1;0;0;0;0;0;0;0
2010;345,00;"Menos de 200 camas";0;0;0;0;162;0;0;0;0;0;0;0;0;0;0;0;0
2010;515,00;"Menos de 200 camas";0;0;3;0;40;0;0;3;0;2;0;0;0;0;0;0;0
2010;174,00;"Menos de 200 camas";0;0;3;0;30;0;0;2;0;1;0;0;0;1;0;0;0
2010;523,00;"Menos de 200 camas";0;0;3;0;150;0;0;3;0;2;0;0;0;25;0;0;3
2010;697,00;"Menos de 200 camas";9;3;6;1;193;9;3;6;1;5;0;1;1;1;1;1;1
2010;239,00;"Menos de 200 camas";0;0;5;1;100;0;0;4;0;3;0;11;0;0;0;0;0
2010;287,00;"200 - 500 camas";4;3;11;1;206;4;3;11;1;6;0;12;0;0;0;0;0
2010;377,00;"Menos de 200 camas";0;0;0;0;84;0;0;0;0;1;0;0;0;0;0;0;0
2010;692,00;"200 - 500 camas";4;2;6;0;196;4;2;6;0;3;0;10;15;0;0;0;0
2010;335,00;"Menos de 200 camas";0;0;0;0;162;0;0;0;0;0;0;0;0;0;0;0;0
2010;435,00;"Menos de 200 camas";2;1;5;1;68;1;1;5;1;1;0;0;0;0;5;5;5
2010;423,00;"Menos de 200 camas";3;1;2;0;31;3;1;2;0;0;0;1;0;0;2;3;2
2010;351,00;"Menos de 200 camas";0;0;3;0;48;0;0;2;0;2;0;0;0;0;0;2;1
2010;810,00;"Menos de 200 camas";2;1;2;0;20;2;1;2;0;3;0;0;0;0;0;0;0
2010;830,00;"200 - 500 camas";0;2;8;0;224;0;2;8;0;0;0;7;0;0;0;0;0
2010;892,00;"200 - 500 camas";19;5;13;0;381;18;5;13;0;5;0;24;24;0;0;39;0
2010;921,00;"Menos de 200 camas";4;6;8;1;146;4;4;8;1;5;0;0;0;0;0;0;0
2010;991,00;"Menos de 200 camas";1;1;1;0;12;1;1;1;0;1;0;0;0;0;0;0;0
2010;992,00;"Menos de 200 camas";6;1;6;0;165;6;1;6;0;4;0;7;15;0;8;12;1
2010;993,00;"Menos de 200 camas";5;3;5;0;142;5;3;5;0;2;2;21;16;0;0;6;1
2010;473,00;"Menos de 200 camas";33;7;6;0;118;33;7;6;0;2;0;1;0;0;0;0;0
2010;663,00;"200 - 500 camas";9;2;11;1;377;9;2;11;1;4;2;53;0;0;7;0;0
2010;552,00;"Menos de 200 camas";0;0;6;0;174;0;0;6;0;4;0;16;0;0;14;0;0
2010;772,00;"501 - 1000 camas";0;0;26;2;727;0;0;26;2;8;0;70;56;50;0;0;5
2010;568,00;"Menos de 200 camas";0;0;2;0;40;0;0;2;0;2;0;0;0;0;0;0;0
2010;398,00;"Menos de 200 camas";0;0;5;0;94;0;0;2;0;2;0;0;0;0;0;0;0
2010;394,00;"Menos de 200 camas";0;0;2;0;55;0;0;2;0;2;0;0;0;0;0;0;0
2010;614,00;"Menos de 200 camas";0;0;2;0;22;0;0;2;0;0;0;0;0;0;0;7;0
2010;235,00;"Menos de 200 camas";0;0;3;0;40;0;0;3;0;2;0;0;0;0;0;0;0
2010;616,00;"Menos de 200 camas";0;0;6;0;73;0;0;5;0;0;0;19;0;0;15;0;0
2010;267,00;"Menos de 200 camas";7;2;9;1;173;7;2;9;1;0;0;0;0;0;0;0;0
2010;565,00;"200 - 500 camas";0;0;5;0;188;0;0;5;0;2;0;4;0;0;0;7;0
2010;220,00;"Menos de 200 camas";4;3;9;0;138;4;3;9;0;3;0;0;0;0;0;0;8
2010;278,00;"Menos de 200 camas";6;3;8;0;154;6;3;8;0;0;0;0;0;0;0;8;2
2010;107,00;"Menos de 200 camas";0;0;0;0;112;0;0;0;0;0;0;0;15;55;0;0;0
2010;141,00;"Menos de 200 camas";0;0;0;0;39;0;0;0;0;1;0;0;0;0;0;0;0
2010;711,00;"501 - 1000 camas";17;3;22;3;618;17;3;22;3;6;0;73;25;0;16;0;0
2010;569,00;"Menos de 200 camas";0;0;3;0;38;0;0;3;0;2;0;0;0;0;0;0;0
2010;204,00;"Menos de 200 camas";0;0;0;0;116;0;0;0;0;1;0;0;0;24;0;0;0
2010;579,00;"Menos de 200 camas";0;0;2;0;30;0;0;2;0;4;0;0;0;0;0;0;0
2010;348,00;"Menos de 200 camas";0;0;2;0;140;0;0;2;0;1;0;70;0;0;0;0;0
2010;766,00;"Menos de 200 camas";0;0;8;0;124;0;0;8;0;5;0;8;0;0;0;0;0
2010;761,00;"200 - 500 camas";0;0;0;0;271;0;0;0;0;0;0;0;0;60;0;0;0
2010;728,00;"200 - 500 camas";4;1;18;0;198;4;1;18;0;0;0;4;0;0;0;14;4
2010;280,00;"Menos de 200 camas";12;3;9;0;136;12;3;9;0;0;0;10;0;0;0;5;0
2010;222,00;"Menos de 200 camas";0;0;6;0;58;0;0;6;0;2;0;0;0;0;0;0;0
2010;276,00;"Menos de 200 camas";10;3;14;1;184;10;3;14;1;8;0;13;0;0;17;0;0
2010;11,00;"200 - 500 camas";2;2;8;1;188;0;2;8;1;3;0;0;0;0;0;0;0
2010;302,00;"Menos de 200 camas";2;2;3;0;60;2;2;3;0;0;0;0;0;0;1;1;1
2010;682,00;"Menos de 200 camas";0;0;8;0;161;0;0;8;0;1;0;11;0;0;0;0;0
2010;279,00;"Menos de 200 camas";20;5;9;1;181;20;5;9;1;4;0;10;0;0;0;10;3
2010;282,00;"200 - 500 camas";10;3;18;1;257;10;3;18;1;7;0;10;0;0;0;37;4
2010;281,00;"200 - 500 camas";8;5;10;1;307;8;4;10;1;3;0;10;0;0;0;9;0
2010;183,00;"Menos de 200 camas";0;0;3;0;30;0;0;3;0;1;0;1;0;0;1;0;1
2010;610,00;"Menos de 200 camas";0;0;5;0;43;0;0;5;0;1;0;0;0;0;0;19;0
2010;116,00;"200 - 500 camas";0;0;0;0;428;0;0;0;0;0;0;0;0;20;0;0;0
2010;115,00;"Menos de 200 camas";0;0;0;0;50;0;0;0;0;1;0;0;0;0;0;0;0
2010;114,00;"Menos de 200 camas";0;0;0;0;74;0;0;0;0;0;0;0;0;0;0;0;0
2010;126,00;"Menos de 200 camas";0;0;0;0;145;0;0;0;0;0;0;0;0;10;0;0;0
2010;156,00;"Menos de 200 camas";0;0;0;0;106;0;0;0;0;0;0;0;0;0;0;0;0
2010;119,00;"Menos de 200 camas";0;0;4;0;30;0;0;4;0;1;0;0;0;0;0;0;0
2010;770,00;"501 - 1000 camas";10;3;19;2;558;10;3;19;2;7;0;42;20;0;0;8;3
2010;583,00;"Menos de 200 camas";0;0;6;0;118;0;0;6;0;7;0;16;0;0;0;15;0
2010;136,00;"200 - 500 camas";0;0;0;0;209;0;0;0;0;1;0;0;0;50;0;0;0
2010;469,00;"Menos de 200 camas";2;1;3;0;108;2;1;3;0;2;0;9;0;15;9;9;1
2010;642,00;"200 - 500 camas";2;2;5;0;215;2;2;5;0;5;0;7;0;20;0;8;0
2010;674,00;"200 - 500 camas";37;6;13;1;351;37;6;13;1;10;0;13;64;0;7;12;2
2010;193,00;"Menos de 200 camas";0;0;0;0;158;0;0;0;0;1;0;0;0;18;0;0;0
2010;526,00;"200 - 500 camas";12;3;6;0;343;12;3;6;0;4;0;34;0;68;0;10;0
2010;698,00;"501 - 1000 camas";0;0;29;2;744;0;0;29;2;10;0;19;10;0;0;24;0
2010;630,00;"200 - 500 camas";3;2;11;0;331;3;2;11;0;3;0;8;0;30;0;0;0
2010;124,00;"Menos de 200 camas";0;0;0;0;140;0;0;0;0;0;0;0;0;30;0;0;0
2010;364,00;"Menos de 200 camas";0;0;0;0;92;0;0;0;0;0;0;0;0;35;0;0;0
2010;604,00;"501 - 1000 camas";12;6;19;0;553;12;6;19;0;12;0;34;31;0;0;0;2
2010;123,00;"Menos de 200 camas";0;0;0;0;191;0;0;0;0;0;0;0;0;58;0;0;0
2010;310,00;"200 - 500 camas";0;0;0;0;415;0;0;0;0;0;0;0;55;65;0;0;0
2010;571,00;"Menos de 200 camas";2;2;5;0;127;2;2;5;0;3;0;6;0;0;0;1;1
2010;296,00;"Menos de 200 camas";0;0;0;0;177;0;0;0;0;1;0;0;0;22;0;0;0
2010;566,00;"Menos de 200 camas";4;3;6;0;160;0;2;4;0;4;0;20;20;0;11;0;0
2010;784,00;"501 - 1000 camas";18;6;16;0;805;18;6;16;0;6;0;109;20;39;0;17;4
2010;102,00;"501 - 1000 camas";0;0;0;0;760;0;0;0;0;1;0;0;15;20;0;0;0
2010;379,00;"501 - 1000 camas";0;0;0;0;632;0;0;0;0;0;0;0;90;0;0;0;0
2010;639,00;"Menos de 200 camas";3;4;5;0;134;1;4;4;0;5;0;6;0;0;0;8;0
2010;457,00;"Menos de 200 camas";0;0;2;0;81;0;0;2;0;2;0;2;0;0;0;10;0
2010;609,00;"200 - 500 camas";10;2;12;2;297;10;2;12;2;8;0;9;10;0;9;0;0
2010;101,00;"Menos de 200 camas";0;0;0;0;82;0;0;0;0;0;0;0;0;20;0;0;0
2010;454,00;"200 - 500 camas";2;1;3;0;275;2;1;3;0;3;0;14;0;0;0;4;1
2010;318,00;"200 - 500 camas";0;0;0;0;372;0;0;0;0;0;0;0;20;25;0;0;0
2010;600,00;"Menos de 200 camas";2;5;8;0;138;2;5;8;0;5;0;20;0;0;0;16;0
2010;545,00;"200 - 500 camas";27;3;14;15;382;14;3;14;15;5;0;38;30;36;0;0;0
2010;100,00;"Menos de 200 camas";0;0;0;0;98;0;0;0;0;0;0;0;0;35;0;0;0
2010;702,00;"200 - 500 camas";9;3;15;1;469;9;3;15;1;5;0;22;35;0;0;21;4
2010;778,00;"200 - 500 camas";3;3;11;0;214;3;3;11;0;5;0;50;22;0;0;13;2
2010;341,00;"Menos de 200 camas";1;1;2;0;65;0;0;2;0;2;0;0;0;0;0;0;0
2010;99,00;"Menos de 200 camas";0;0;0;0;105;0;0;0;0;0;0;0;0;50;0;0;0
2010;767,00;"Menos de 200 camas";0;0;5;0;121;0;0;5;0;6;0;8;0;0;0;0;0
2010;359,00;"Menos de 200 camas";0;0;2;0;107;0;0;2;0;2;0;0;0;30;4;8;2
2010;98,00;"Menos de 200 camas";0;0;0;0;119;0;0;0;0;0;0;0;0;25;0;0;0
2010;132,00;"Menos de 200 camas";0;0;0;0;94;0;0;0;0;0;0;0;0;0;0;0;0
2010;97,00;"Menos de 200 camas";0;0;0;0;120;0;0;0;0;0;0;0;0;30;0;0;0
2010;103,00;"Menos de 200 camas";0;0;0;0;40;0;0;0;0;0;0;0;0;20;0;0;0
2010;110,00;"Menos de 200 camas";0;0;0;0;60;0;0;0;0;0;0;0;0;0;0;0;0
2010;94,00;"Menos de 200 camas";0;0;0;0;30;0;0;0;0;0;0;0;0;0;0;0;0
2010;91,00;"Menos de 200 camas";0;0;0;0;81;0;0;0;0;0;0;0;0;20;0;0;0
2010;664,00;"200 - 500 camas";5;2;9;0;365;5;2;9;0;4;0;32;25;0;95;0;0
2010;918,00;"Más de 1.000 camas";45;6;39;5;1138;43;6;39;5;11;0;98;0;0;0;0;6
2010;92,00;"Menos de 200 camas";0;0;0;0;56;0;0;0;0;0;0;0;0;0;0;0;0
2010;93,00;"Menos de 200 camas";0;0;0;0;10;0;0;0;0;0;0;0;0;0;0;0;0
2010;95,00;"Menos de 200 camas";0;0;0;0;168;0;0;0;0;0;0;0;0;25;0;0;0
2010;96,00;"Menos de 200 camas";0;0;0;0;80;0;0;0;0;0;0;0;0;0;0;0;0
2010;301,00;"Menos de 200 camas";0;0;4;0;16;0;0;4;0;1;0;0;0;0;0;0;0
2010;492,00;"Menos de 200 camas";2;1;4;0;123;2;1;4;0;3;0;19;0;0;0;8;0
2010;811,00;"Menos de 200 camas";0;1;1;0;24;0;1;1;0;1;0;0;0;0;0;0;0
2010;812,00;"Menos de 200 camas";0;0;1;0;110;0;0;1;0;0;0;38;0;0;0;0;0
2010;832,00;"Menos de 200 camas";0;0;0;0;20;0;0;0;0;0;0;0;0;0;0;0;0
2010;841,00;"Menos de 200 camas";0;0;0;0;30;0;0;0;0;0;0;0;0;0;0;0;0
2010;856,00;"Menos de 200 camas";0;0;0;0;80;0;0;0;0;0;0;0;0;20;0;0;0
2010;859,00;"Menos de 200 camas";0;0;0;0;32;0;0;0;0;0;0;0;15;0;0;0;0
2010;861,00;"Menos de 200 camas";0;0;0;0;40;0;0;0;0;0;0;0;0;0;0;0;0
2010;880,00;"Menos de 200 camas";0;0;0;0;108;0;0;0;0;0;0;0;0;40;0;0;0
2010;883,00;"Menos de 200 camas";0;0;0;0;39;0;0;0;0;0;0;0;17;0;0;0;0
2010;884,00;"Menos de 200 camas";0;0;0;0;130;0;0;0;0;0;0;0;0;30;0;0;0
2010;877,00;"Menos de 200 camas";0;0;0;0;38;0;0;0;0;0;0;0;0;0;0;0;0
2010;911,00;"200 - 500 camas";0;0;0;0;354;0;0;0;0;0;0;0;0;27;0;0;0
2010;913,00;"Menos de 200 camas";0;0;0;0;30;0;0;0;0;0;0;0;20;0;0;0;0
2010;922,00;"Menos de 200 camas";0;0;6;0;50;0;0;6;0;2;0;0;0;0;0;0;0
2010;923,00;"Menos de 200 camas";0;0;0;0;89;0;0;0;0;0;0;0;0;0;0;0;0
2010;924,00;"Menos de 200 camas";0;0;0;0;43;0;0;0;0;0;0;26;0;0;0;0;0
2010;947,00;"Menos de 200 camas";0;0;0;0;26;0;0;0;0;0;0;0;0;0;0;0;0
2010;951,00;"Menos de 200 camas";0;0;0;0;56;0;0;0;0;0;0;0;0;22;0;0;0
2010;972,00;"Menos de 200 camas";0;0;0;0;30;0;0;0;0;0;0;0;0;0;0;0;0
2010;973,00;"Menos de 200 camas";0;0;2;0;22;0;0;2;0;2;0;0;0;0;10;5;2
2010;974,00;"Menos de 200 camas";0;0;0;1;153;0;0;0;1;0;0;0;0;0;0;0;0
2010;975,00;"Menos de 200 camas";0;0;0;0;101;0;0;0;0;0;0;0;0;25;0;0;0
2010;960,00;"200 - 500 camas";0;0;0;0;223;0;0;0;0;0;0;0;0;48;0;0;0
2010;1027,00;"Menos de 200 camas";0;0;0;0;48;0;0;0;0;0;0;0;0;0;0;0;0
2010;1028,00;"Menos de 200 camas";0;0;0;0;20;0;0;0;0;0;0;0;0;0;0;0;0
2010;976,00;"200 - 500 camas";0;0;0;0;289;0;0;0;0;0;0;0;12;35;0;0;0
2010;977,00;"Menos de 200 camas";0;0;0;0;199;0;0;0;0;0;0;0;0;0;0;0;0
2010;1020,00;"Menos de 200 camas";0;0;0;0;22;0;0;0;0;0;0;0;15;0;0;0;0
2010;994,00;"200 - 500 camas";6;3;5;0;245;6;3;5;0;6;0;23;0;0;0;30;0
2010;995,00;"Menos de 200 camas";0;0;0;0;84;0;0;0;0;0;0;0;0;30;0;0;0
2010;1059,00;"Menos de 200 camas";0;0;0;0;63;0;0;0;0;0;0;0;0;0;0;0;0
2010;1060,00;"Menos de 200 camas";0;0;0;0;25;0;0;0;0;0;0;0;35;0;0;0;0
2010;1005,00;"Menos de 200 camas";0;0;0;0;75;0;0;0;0;0;0;0;0;0;0;0;0
2010;1061,00;"Menos de 200 camas";0;0;0;0;15;0;0;0;0;0;0;0;0;0;0;0;0
2010;1062,00;"Menos de 200 camas";0;0;0;0;38;0;0;0;0;0;0;0;0;0;0;0;0
2010;1006,00;"Menos de 200 camas";0;0;0;0;52;0;0;0;0;0;0;0;20;0;0;0;0
2010;1088,00;"Menos de 200 camas";0;0;3;0;10;0;0;3;0;0;0;0;0;0;0;3;3
2010;1076,00;"Menos de 200 camas";0;0;0;0;8;0;0;0;0;0;0;0;0;0;0;0;0
2010;1078,00;"Menos de 200 camas";0;0;0;0;49;0;0;0;0;0;0;0;0;0;0;0;0
2010;1063,00;"Menos de 200 camas";0;0;0;0;40;0;0;0;0;0;0;0;0;0;0;0;0
2010;1033,00;"200 - 500 camas";0;0;12;0;247;0;0;12;0;3;0;47;0;0;0;0;0
2010;1034,00;"Menos de 200 camas";0;0;0;0;36;0;0;0;0;0;0;0;0;0;0;0;0
2010;1036,00;"Menos de 200 camas";0;0;0;0;104;0;0;0;0;0;0;0;0;0;0;0;0
2010;1039,00;"Menos de 200 camas";0;0;0;0;50;0;0;0;0;0;0;0;40;0;0;0;0
2010;207,00;"Menos de 200 camas";1;1;4;0;100;1;1;4;0;4;0;8;0;0;0;0;0
2010;431,00;"Menos de 200 camas";0;0;0;0;155;0;0;0;0;2;0;0;0;0;0;0;0
2010;387,00;"Menos de 200 camas";4;2;3;0;109;2;2;3;0;3;0;6;0;0;1;0;0
2010;179,00;"Menos de 200 camas";0;0;0;0;75;0;0;0;0;1;0;0;0;0;0;0;0
2010;606,00;"Menos de 200 camas";3;2;3;0;108;3;2;3;0;4;1;16;0;0;0;0;0
2010;925,00;"501 - 1000 camas";13;2;15;1;905;13;2;15;1;18;4;24;49;0;12;0;0
2010;541,00;"Menos de 200 camas";6;2;4;0;103;6;2;4;0;5;0;1;0;0;0;0;0
2010;797,00;"Menos de 200 camas";2;2;5;0;102;2;2;5;0;4;0;4;0;0;0;9;0
2010;627,00;"200 - 500 camas";6;2;6;0;205;5;2;6;0;3;3;16;0;0;0;6;0
2010;173,00;"200 - 500 camas";0;0;0;0;350;0;0;0;0;0;0;0;4;0;0;0;0
2010;636,00;"501 - 1000 camas";20;3;17;1;471;20;3;15;1;11;0;22;0;18;0;16;3
2010;205,00;"Menos de 200 camas";0;0;3;0;27;0;0;3;0;1;0;2;0;0;0;0;0
2010;814,00;"Menos de 200 camas";1;1;1;0;24;1;1;1;0;1;0;0;0;0;1;0;1
2010;881,00;"Menos de 200 camas";2;1;3;1;32;2;1;3;1;1;0;0;0;0;0;0;0
2010;771,00;"501 - 1000 camas";37;2;18;2;652;33;2;18;2;11;3;10;0;0;20;0;0
2010;533,00;"Menos de 200 camas";5;1;1;1;115;5;1;1;1;1;0;0;0;0;0;0;0
2010;447,00;"200 - 500 camas";4;1;7;0;190;4;1;7;0;2;0;8;0;0;0;0;1
2010;815,00;"Menos de 200 camas";1;1;3;0;19;1;1;3;0;1;0;0;0;0;0;0;0
2010;801,00;"501 - 1000 camas";20;2;10;1;518;20;2;10;1;5;3;23;0;0;3;2;10
2010;800,00;"Menos de 200 camas";0;0;3;0;100;0;0;2;0;2;0;0;0;0;0;0;0
2010;389,00;"200 - 500 camas";3;2;4;0;290;3;2;4;0;4;0;0;0;0;0;0;1
2010;759,00;"200 - 500 camas";4;0;6;0;46;0;0;6;0;10;0;0;0;0;0;0;0
2010;695,00;"200 - 500 camas";8;3;8;1;300;8;3;8;1;6;2;29;0;0;4;12;3
2010;816,00;"Menos de 200 camas";2;1;4;0;87;2;1;3;0;1;0;7;0;0;0;10;2
2010;833,00;"Menos de 200 camas";2;1;5;0;110;2;1;5;0;1;0;1;0;0;0;0;1
2010;870,00;"Menos de 200 camas";2;2;6;1;60;2;2;6;1;2;0;1;0;0;0;0;0
2010;927,00;"Menos de 200 camas";0;0;2;0;51;0;0;2;0;1;0;0;0;0;0;0;0
2010;961,00;"200 - 500 camas";12;3;13;0;480;12;3;13;0;10;3;30;0;0;25;0;0
2010;962,00;"Menos de 200 camas";1;1;2;1;32;1;1;2;1;1;0;2;0;0;2;0;2
2010;1079,00;"Menos de 200 camas";0;1;3;0;44;0;1;3;0;2;0;2;0;0;2;3;1
2010;666,00;"501 - 1000 camas";25;3;16;1;570;25;3;16;1;5;5;12;0;0;0;0;0
2010;392,00;"200 - 500 camas";0;0;0;0;127;0;0;0;0;2;0;0;0;0;0;0;0
2010;790,00;"200 - 500 camas";0;0;7;0;255;0;0;7;0;4;0;28;74;0;6;0;0
2010;650,00;"Menos de 200 camas";2;1;3;0;130;2;1;3;0;3;0;8;0;0;0;6;0
2010;876,00;"200 - 500 camas";5;2;10;0;248;5;2;10;0;5;0;17;0;0;0;0;0
2010;944,00;"Menos de 200 camas";0;0;4;0;15;0;0;4;0;2;0;0;0;0;0;0;0
2010;952,00;"Menos de 200 camas";5;2;10;0;84;5;2;10;0;3;0;5;0;0;0;0;1
2010;54,00;"Menos de 200 camas";0;0;0;0;95;0;0;0;0;0;0;0;30;0;0;0;0
2010;538,00;"200 - 500 camas";8;2;9;0;285;8;2;9;0;7;2;22;12;0;0;19;3
2010;557,00;"Menos de 200 camas";3;2;4;0;101;3;2;4;0;2;0;13;0;0;0;6;0
2010;653,00;"Menos de 200 camas";5;2;5;0;156;5;2;5;0;5;2;14;0;0;6;0;0
2010;647,00;"Menos de 200 camas";2;2;4;0;85;2;2;4;0;5;0;2;0;0;0;0;0
2010;208,00;"Menos de 200 camas";0;1;2;0;5;0;0;2;0;1;0;1;0;0;0;0;0
2010;978,00;"501 - 1000 camas";23;3;12;1;561;23;3;12;1;15;1;18;20;0;0;23;0
2010;996,00;"Menos de 200 camas";4;1;4;0;70;0;1;4;0;3;0;9;0;0;40;30;0
2010;729,00;"Más de 1.000 camas";31;8;33;4;1071;31;8;33;4;21;3;61;80;0;27;0;5
2010;182,00;"Menos de 200 camas";5;1;7;0;138;5;1;7;0;3;0;0;0;0;0;9;1
2010;633,00;"Menos de 200 camas";0;0;5;0;140;0;0;5;0;2;0;0;0;0;0;23;0
2010;685,00;"200 - 500 camas";6;2;6;0;228;6;2;6;0;4;0;12;20;0;0;0;0
2010;683,00;"Menos de 200 camas";4;2;5;0;128;4;2;5;0;3;0;4;0;0;4;0;0
2010;945,00;"Menos de 200 camas";3;2;4;0;35;3;2;4;0;4;0;8;0;0;0;8;0
2010;953,00;"Menos de 200 camas";0;0;4;0;2;0;0;2;0;0;0;0;0;0;6;0;0
2010;1022,00;"Menos de 200 camas";0;0;2;0;16;0;0;2;0;2;0;0;0;0;0;0;0
2010;1049,00;"Menos de 200 camas";0;0;2;0;3;0;0;2;0;2;0;0;0;0;0;0;0
2010;794,00;"Más de 1.000 camas";21;3;30;3;1442;21;3;30;3;13;8;68;25;0;19;0;0
2010;415,00;"Menos de 200 camas";0;0;4;0;56;0;0;4;0;1;0;24;0;0;0;0;0
2010;592,00;"Menos de 200 camas";0;1;6;0;96;0;1;6;0;2;0;0;0;0;0;0;0
2010;497,00;"Menos de 200 camas";0;0;5;1;165;0;0;5;1;2;0;0;0;0;0;0;0
2010;308,00;"Menos de 200 camas";0;0;0;0;25;0;0;0;0;0;0;0;0;0;0;0;0
2010;726,00;"200 - 500 camas";16;2;12;0;407;16;2;12;0;9;1;28;15;0;0;8;4
2010;272,00;"200 - 500 camas";0;0;4;0;224;0;0;4;0;2;0;0;0;0;0;0;0
2010;805,00;"Más de 1.000 camas";20;3;30;2;1536;20;3;30;2;16;1;35;50;0;0;0;4
2010;5,00;"Menos de 200 camas";0;0;8;0;39;0;0;8;0;2;0;5;0;0;10;0;0
2010;234,00;"Menos de 200 camas";6;1;6;0;91;2;1;6;0;1;0;5;0;0;0;0;0
2010;64,00;"Menos de 200 camas";0;0;0;0;98;0;0;0;0;0;0;0;0;0;0;0;0
2010;842,00;"Menos de 200 camas";2;1;4;0;80;2;1;4;0;3;0;0;0;0;0;0;0
2010;843,00;"Menos de 200 camas";2;1;3;0;77;2;1;3;0;3;0;3;0;0;0;0;0
2010;1025,00;"Menos de 200 camas";3;2;9;1;139;3;2;9;1;4;0;0;0;0;0;0;0
2010;803,00;"200 - 500 camas";10;2;10;0;363;8;2;9;0;7;1;23;0;0;14;0;0
2010;211,00;"Menos de 200 camas";1;1;3;0;60;1;1;3;0;2;0;0;0;0;0;0;0
2010;773,00;"200 - 500 camas";18;3;11;1;402;18;3;11;1;3;0;42;0;0;0;0;1
2010;424,00;"Menos de 200 camas";2;1;3;0;46;2;1;3;0;1;0;0;0;0;6;0;1
2010;298,00;"Menos de 200 camas";4;1;7;1;117;4;1;7;1;6;0;2;0;0;10;0;0
2010;594,00;"Menos de 200 camas";2;1;3;0;18;2;1;3;0;1;0;0;0;0;14;14;1
2010;237,00;"Menos de 200 camas";0;0;3;0;97;0;0;3;0;2;0;0;0;25;0;0;0
2010;16,00;"Menos de 200 camas";0;0;0;0;23;0;0;0;0;0;0;0;0;0;0;0;0
2010;768,00;"Menos de 200 camas";1;1;2;0;80;1;1;2;0;3;0;6;0;25;5;0;0
2010;617,00;"Menos de 200 camas";3;2;4;0;152;3;2;4;0;3;0;10;0;0;0;15;0
2010;297,00;"Menos de 200 camas";1;1;3;0;42;1;1;3;0;1;0;0;0;0;0;0;0
2010;105,00;"Menos de 200 camas";0;0;0;0;63;0;0;0;0;0;0;0;0;15;0;0;0
2010;544,00;"Menos de 200 camas";2;1;4;0;142;2;1;4;0;4;0;0;0;17;0;0;0
2010;804,00;"Menos de 200 camas";2;4;5;0;130;2;4;5;0;3;0;11;0;0;15;0;0
2010;470,00;"Menos de 200 camas";4;1;2;1;94;4;1;2;1;2;0;2;0;60;0;0;0
2010;104,00;"200 - 500 camas";0;0;0;0;306;0;0;0;0;0;0;0;50;0;0;0;0
2010;20,00;"Menos de 200 camas";0;0;0;0;55;0;0;0;0;0;0;0;0;0;0;0;0
2010;550,00;"Menos de 200 camas";2;2;4;0;97;2;2;4;0;6;0;0;0;0;0;6;0
2010;112,00;"Menos de 200 camas";0;0;0;0;24;0;0;0;0;0;0;0;0;25;0;0;0
2010;818,00;"Menos de 200 camas";0;0;0;0;105;0;0;0;0;0;0;0;0;19;0;0;0
2010;914,00;"Menos de 200 camas";0;0;0;0;123;0;0;0;0;0;0;0;0;40;0;0;0
2010;928,00;"Menos de 200 camas";0;0;0;0;36;0;0;0;0;0;0;19;0;0;0;0;0
2010;964,00;"200 - 500 camas";4;3;5;0;168;4;3;5;0;3;0;12;0;32;6;0;0
2010;1026,00;"Menos de 200 camas";0;0;0;0;100;0;0;0;0;0;0;0;0;20;0;0;0
2010;738,00;"501 - 1000 camas";18;6;18;0;511;18;6;18;0;13;3;81;0;0;40;0;4
2010;404,00;"Menos de 200 camas";0;0;2;0;173;0;0;2;0;2;0;0;0;1;0;4;2
2010;274,00;"Menos de 200 camas";1;1;6;0;76;1;1;6;0;5;0;5;1;0;0;0;0
2010;270,00;"Menos de 200 camas";1;2;6;0;92;1;2;6;0;2;0;7;0;0;0;0;0
2010;676,00;"Menos de 200 camas";5;2;5;0;134;5;2;5;0;7;0;11;0;0;12;0;1
2010;709,00;"200 - 500 camas";3;4;7;0;167;3;4;7;0;10;0;16;20;0;0;11;7
2010;754,00;"501 - 1000 camas";18;4;47;2;911;16;4;47;2;12;0;105;85;0;0;59;11
2010;997,00;"Menos de 200 camas";2;2;2;0;24;2;2;2;0;2;0;2;0;0;8;0;0
2010;734,00;"200 - 500 camas";8;1;12;2;411;8;1;11;2;6;2;30;12;20;0;26;0
2010;299,00;"Menos de 200 camas";0;0;2;0;61;0;0;2;0;2;0;1;0;0;0;3;2
2010;645,00;"Menos de 200 camas";1;1;1;0;51;1;1;1;0;1;0;0;0;0;0;0;0
2010;17,00;"Menos de 200 camas";0;0;0;0;165;0;0;0;0;0;0;0;0;0;0;0;0
2010;1046,00;"Menos de 200 camas";0;0;0;0;96;0;0;0;0;0;0;0;0;25;0;0;0
2010;420,00;"Menos de 200 camas";0;0;3;0;31;0;0;3;0;5;0;0;0;0;0;0;0
2010;802,00;"Menos de 200 camas";0;0;0;0;102;0;0;0;0;1;0;0;0;0;0;0;0
2010;266,00;"Menos de 200 camas";3;2;9;2;149;3;2;9;2;3;0;18;0;0;18;18;9
2010;580,00;"Menos de 200 camas";2;1;5;0;88;2;1;5;0;3;0;0;0;0;0;0;2
2010;137,00;"Menos de 200 camas";2;1;4;0;38;2;1;4;0;2;0;0;0;0;0;0;0
2010;769,00;"Menos de 200 camas";0;0;4;0;76;0;0;4;0;2;0;16;0;0;0;0;0
2010;776,00;"Menos de 200 camas";0;0;4;0;126;0;0;4;0;5;0;0;0;0;0;3;1
2010;640,00;"Menos de 200 camas";2;1;3;0;74;2;1;3;0;3;3;7;0;0;0;0;0
2010;315,00;"200 - 500 camas";0;0;0;0;469;0;0;0;0;0;0;0;30;0;0;0;0
2010;40,00;"200 - 500 camas";0;0;0;0;299;0;0;0;0;0;0;0;0;0;0;0;0
2010;508,00;"Menos de 200 camas";0;0;5;0;103;0;0;4;0;2;0;0;0;0;0;9;2
2010;46,00;"Menos de 200 camas";0;0;0;0;80;0;0;0;0;0;0;0;0;0;0;0;0
2010;590,00;"Menos de 200 camas";2;2;5;0;124;2;1;4;0;2;0;8;0;0;0;0;1
2010;777,00;"Menos de 200 camas";2;2;4;0;111;2;2;4;0;3;1;15;0;0;33;0;0
2010;897,00;"Más de 1.000 camas";35;6;29;1;1106;32;6;29;1;12;7;25;1;0;23;0;0
2010;965,00;"Menos de 200 camas";0;0;0;0;81;0;0;0;0;0;0;0;0;0;0;0;0
2010;671,00;"200 - 500 camas";12;2;7;0;256;9;2;7;0;6;0;10;0;0;7;0;0
2010;461,00;"200 - 500 camas";1;1;5;1;202;1;1;5;1;2;0;1;0;0;0;0;1
2010;376,00;"Menos de 200 camas";1;1;1;0;24;1;1;1;0;2;0;0;0;0;0;0;0
2010;621,00;"Menos de 200 camas";0;2;4;0;115;0;2;4;0;4;0;8;0;0;12;0;0
2010;793,00;"501 - 1000 camas";24;3;15;2;561;24;3;15;1;6;5;34;16;0;26;0;0
2010;324,00;"Menos de 200 camas";0;0;1;0;4;0;0;1;0;2;0;0;0;0;0;0;0
2010;712,00;"200 - 500 camas";3;2;8;0;239;3;2;8;0;5;1;20;0;0;6;0;0
2010;32,00;"Menos de 200 camas";0;0;0;0;96;0;0;0;0;0;0;0;0;0;0;0;0
2010;361,00;"Menos de 200 camas";0;0;0;0;70;0;0;0;0;1;0;0;0;12;0;0;0
2010;486,00;"Menos de 200 camas";1;1;3;0;18;0;1;3;0;1;0;0;0;0;0;0;0
2010;595,00;"Menos de 200 camas";4;2;5;0;151;4;2;4;0;3;1;12;0;0;8;0;0
2010;433,00;"Menos de 200 camas";2;1;2;0;45;2;1;2;0;1;0;0;0;0;0;0;0
2010;1058,00;"Menos de 200 camas";0;0;2;0;20;0;0;2;0;1;0;0;0;0;0;0;0
2010;261,00;"Menos de 200 camas";1;1;3;0;42;1;1;3;0;1;0;0;0;0;0;0;0
2010;730,00;"200 - 500 camas";10;2;7;0;231;6;2;4;0;6;0;12;20;0;1;0;0
2010;577,00;"200 - 500 camas";6;2;7;0;233;6;2;7;0;5;0;6;0;0;0;22;0
2010;788,00;"501 - 1000 camas";18;4;25;1;741;18;4;25;1;24;0;35;0;0;1;1;5
2010;865,00;"Menos de 200 camas";4;1;3;0;58;4;1;3;0;2;0;0;0;0;0;0;0
2010;979,00;"Menos de 200 camas";0;0;2;0;5;0;0;2;0;2;0;0;0;0;0;0;0
2010;998,00;"Menos de 200 camas";0;0;1;0;6;0;0;1;0;1;0;0;0;0;0;0;1
2010;221,00;"Menos de 200 camas";0;0;3;0;110;0;0;3;0;1;0;0;0;0;0;0;0
2010;462,00;"Menos de 200 camas";0;0;1;0;45;0;0;1;0;2;0;0;0;0;0;0;0
2010;506,00;"Menos de 200 camas";3;2;5;0;104;3;2;5;0;2;0;0;0;0;0;0;0
2010;727,00;"200 - 500 camas";9;3;8;0;359;9;3;8;0;8;0;11;0;0;0;0;0
2010;355,00;"Menos de 200 camas";0;0;2;0;87;0;0;2;0;6;0;0;0;0;0;0;0
2010;487,00;"200 - 500 camas";0;0;5;0;201;0;0;5;0;2;0;0;0;0;4;0;0
2010;938,00;"Más de 1.000 camas";14;5;19;2;856;14;5;19;2;7;11;20;10;0;0;0;2
2010;886,00;"Menos de 200 camas";0;0;3;0;114;0;0;3;0;1;0;3;0;0;0;6;1
2010;835,00;"Menos de 200 camas";1;1;2;0;45;1;1;2;0;4;0;1;0;0;0;0;0
2010;999,00;"Menos de 200 camas";0;0;0;0;6;0;0;0;0;1;0;0;0;0;0;0;0
2010;798,00;"200 - 500 camas";16;3;14;1;454;16;3;14;1;9;0;32;0;0;5;10;2
2010;504,00;"Menos de 200 camas";0;0;5;0;194;0;0;5;0;5;0;15;30;20;0;8;0
2010;247,00;"Menos de 200 camas";0;0;3;0;36;0;0;3;0;6;0;4;0;0;0;4;0
2010;216,00;"Menos de 200 camas";2;1;3;0;55;2;1;3;0;2;0;1;0;0;3;3;1
2010;654,00;"Menos de 200 camas";3;2;5;0;70;1;2;4;0;1;0;0;0;0;5;0;0
2010;65,00;"Menos de 200 camas";0;0;0;0;75;0;0;0;0;0;0;0;20;0;0;0;0
2010;472,00;"Menos de 200 camas";2;1;3;0;68;2;1;3;0;2;0;2;0;10;0;0;1
2010;427,00;"Menos de 200 camas";0;0;0;0;24;0;0;0;0;1;0;0;0;10;0;0;0
2010;491,00;"Menos de 200 camas";2;1;2;0;65;2;1;2;0;2;0;2;0;0;8;0;0
2010;551,00;"Menos de 200 camas";1;1;1;0;30;1;1;1;0;1;0;15;0;0;15;0;0
2010;106,00;"Menos de 200 camas";0;0;0;0;112;0;0;0;0;0;0;0;0;0;0;0;0
2010;819,00;"Menos de 200 camas";0;0;0;0;137;0;0;0;0;0;0;0;0;0;0;0;0
2010;836,00;"Menos de 200 camas";0;0;0;0;20;0;0;0;0;0;0;0;0;0;0;0;0
2010;915,00;"Menos de 200 camas";0;0;0;0;126;0;0;0;0;0;0;0;0;25;0;0;0
2010;942,00;"Menos de 200 camas";0;0;0;0;70;0;0;0;0;0;0;0;0;0;0;0;0
2010;748,00;"501 - 1000 camas";12;4;22;0;561;12;4;16;0;16;6;24;1;0;0;20;4
2010;198,00;"Menos de 200 camas";0;0;0;0;75;0;0;0;0;1;0;0;0;0;0;0;0
2010;871,00;"Menos de 200 camas";1;3;4;0;87;1;3;4;0;3;0;12;0;0;8;0;0
2010;948,00;"Menos de 200 camas";1;1;3;1;48;1;1;3;1;1;0;0;0;0;0;0;0
2010;1051,00;"Menos de 200 camas";0;0;0;0;137;0;0;0;0;0;0;0;0;0;0;0;0
2010;1083,00;"Menos de 200 camas";0;0;0;0;26;0;0;0;0;0;0;0;0;0;0;0;0
2010;679,00;"501 - 1000 camas";12;2;14;0;709;12;2;14;0;12;7;16;15;12;0;0;0
2010;176,00;"Menos de 200 camas";0;0;5;0;64;0;0;5;0;1;0;1;0;0;0;0;0
2010;537,00;"Menos de 200 camas";0;0;5;0;42;0;0;5;0;1;0;0;0;0;0;0;0
2010;39,00;"200 - 500 camas";0;0;0;0;185;0;0;0;0;0;0;0;0;0;0;0;0
2010;608,00;"Menos de 200 camas";2;2;6;0;130;2;2;5;0;7;0;1;0;0;0;4;1
2010;596,00;"Menos de 200 camas";5;1;5;0;134;5;1;4;0;5;0;10;0;0;0;0;0
2010;749,00;"Más de 1.000 camas";0;0;46;3;1053;0;0;37;3;33;6;49;15;0;15;0;0
2010;758,00;"Más de 1.000 camas";50;5;38;3;1303;50;5;36;3;11;14;60;0;0;30;15;2
2010;724,00;"501 - 1000 camas";20;2;31;3;550;0;0;23;3;13;7;30;16;14;15;18;8
2010;436,00;"Menos de 200 camas";0;0;0;0;87;0;0;0;0;2;6;0;0;0;0;0;0
2010;567,00;"Menos de 200 camas";0;0;11;0;155;0;0;11;0;2;0;0;50;0;0;30;3
2010;677,00;"501 - 1000 camas";0;0;14;2;458;0;0;13;1;8;2;52;0;0;19;0;0
2010;670,00;"Menos de 200 camas";3;0;6;0;166;3;0;6;0;3;0;12;15;0;13;0;0
2010;588,00;"Menos de 200 camas";0;0;9;0;151;0;0;7;0;2;0;11;0;22;8;0;0
2010;446,00;"Menos de 200 camas";0;0;3;0;87;0;0;2;0;1;0;18;0;0;11;0;0
2010;753,00;"Más de 1.000 camas";50;9;45;5;1483;50;9;32;5;19;0;79;29;0;0;17;3
2010;887,00;"200 - 500 camas";0;0;0;0;316;0;0;0;0;1;0;0;0;0;0;0;0
2010;388,00;"Menos de 200 camas";0;0;2;0;34;0;0;1;0;1;0;0;0;0;0;0;0
2010;585,00;"Menos de 200 camas";0;0;3;0;61;0;0;3;0;3;0;0;0;0;0;0;0
2010;245,00;"Menos de 200 camas";5;2;9;1;190;5;2;9;1;3;0;0;0;0;0;0;0
2010;603,00;"Menos de 200 camas";0;0;6;1;171;0;0;6;1;3;0;5;0;0;8;4;1
2010;426,00;"Menos de 200 camas";0;0;3;0;80;0;0;3;0;4;0;0;0;0;0;0;0
2010;232,00;"Menos de 200 camas";10;2;7;0;88;10;2;7;0;2;0;0;0;0;6;0;1
2010;288,00;"Menos de 200 camas";0;0;7;0;157;0;0;7;0;3;0;2;0;0;0;9;2
2010;246,00;"Menos de 200 camas";6;2;8;0;96;6;2;8;0;3;0;0;0;0;0;0;0
2010;284,00;"Menos de 200 camas";11;1;10;1;136;9;1;10;1;4;0;0;0;0;0;0;0
2010;18,00;"Menos de 200 camas";0;0;0;0;65;0;0;0;0;0;0;0;0;0;0;0;0
2010;356,00;"Menos de 200 camas";0;0;0;0;96;0;0;0;0;0;0;0;60;0;0;0;0
2010;401,00;"200 - 500 camas";0;0;0;0;388;0;0;0;0;0;0;0;0;0;0;0;0
2010;733,00;"501 - 1000 camas";15;5;15;1;628;11;5;15;1;10;4;20;3;0;0;0;3
2010;243,00;"Menos de 200 camas";0;0;4;0;80;0;0;4;0;3;0;0;0;0;0;0;0
2010;380,00;"200 - 500 camas";0;0;3;0;273;0;0;0;0;1;0;0;0;0;0;0;0
2010;716,00;"Menos de 200 camas";0;0;7;1;100;0;0;7;1;3;0;10;0;0;0;0;0
2010;534,00;"Menos de 200 camas";0;0;7;1;100;0;0;7;1;4;0;7;0;0;0;0;0
2010;185,00;"Menos de 200 camas";0;0;11;1;68;0;0;11;1;2;0;0;0;0;8;0;0
2010;258,00;"Menos de 200 camas";0;0;10;1;184;0;0;10;1;3;0;9;0;0;4;4;0
2010;505,00;"Menos de 200 camas";0;0;4;0;36;0;0;4;0;3;0;4;0;0;0;0;4
2010;268,00;"Menos de 200 camas";0;0;11;1;132;0;0;10;1;6;0;8;0;0;8;0;0
2010;602,00;"Menos de 200 camas";7;2;9;1;152;7;2;9;1;2;0;3;0;0;4;0;0
2010;254,00;"Menos de 200 camas";8;9;10;1;172;8;9;10;1;2;0;5;0;0;0;0;0
2010;705,00;"Menos de 200 camas";12;3;7;1;110;12;3;7;1;6;0;7;0;0;3;0;0
2010;133,00;"Menos de 200 camas";10;2;2;0;60;10;2;2;0;1;0;0;0;0;0;0;0
2010;33,00;"Menos de 200 camas";0;0;0;0;96;0;0;0;0;0;0;0;20;0;0;0;0
2010;143,00;"Menos de 200 camas";0;0;0;0;53;0;0;0;0;0;0;0;15;0;0;0;0
2010;36,00;"Menos de 200 camas";0;0;0;0;89;0;0;0;0;0;0;0;20;0;0;0;0
2010;756,00;"501 - 1000 camas";3;2;16;2;495;3;2;16;2;9;0;24;0;0;0;0;0
2010;662,00;"501 - 1000 camas";10;3;16;0;530;10;3;14;0;14;7;18;30;0;14;0;0
2010;192,00;"200 - 500 camas";0;0;0;0;195;0;0;0;0;1;0;0;0;0;0;0;0
2010;382,00;"200 - 500 camas";0;0;0;0;300;0;0;0;0;1;0;0;0;0;0;0;0
2010;322,00;"501 - 1000 camas";0;0;0;0;542;0;0;0;0;1;0;0;0;0;0;0;0
2010;478,00;"Menos de 200 camas";0;0;5;0;106;0;0;5;0;4;0;0;0;0;0;0;0
2010;352,00;"Menos de 200 camas";0;0;0;0;150;0;0;0;0;1;0;0;0;17;0;0;0
2010;628,00;"200 - 500 camas";10;2;12;1;361;10;2;9;1;10;5;40;0;0;0;0;0
2010;291,00;"Menos de 200 camas";0;0;0;0;176;0;0;0;0;0;0;0;150;0;0;0;0
2010;495,00;"Menos de 200 camas";0;0;6;0;88;0;0;6;0;3;0;0;0;0;0;6;0
2010;845,00;"200 - 500 camas";17;2;12;0;380;17;2;9;0;10;4;12;30;0;0;0;0
2010;498,00;"Menos de 200 camas";2;1;3;0;75;2;1;3;0;2;1;3;0;0;6;0;0
2010;314,00;"200 - 500 camas";0;0;0;0;184;0;0;0;0;2;0;0;0;0;0;0;0
2010;720,00;"Menos de 200 camas";0;0;5;0;92;0;0;5;0;4;0;5;0;0;5;0;0
2010;721,00;"501 - 1000 camas";14;2;18;0;436;14;2;15;0;12;3;25;0;15;13;0;0
2010;485,00;"Menos de 200 camas";0;1;3;0;19;0;1;3;0;1;0;5;1;0;0;4;3
2010;273,00;"200 - 500 camas";4;1;12;1;234;4;1;11;1;3;0;1;0;0;13;0;0
2010;846,00;"200 - 500 camas";10;2;15;1;415;10;2;15;1;11;0;18;1;0;21;0;0
2010;847,00;"Menos de 200 camas";0;0;6;0;76;0;0;6;0;2;0;0;0;0;0;10;2
2010;848,00;"Menos de 200 camas";25;3;8;1;180;25;3;8;1;7;0;10;0;0;5;0;0
2010;864,00;"Menos de 200 camas";0;0;0;0;66;0;0;0;0;0;0;0;0;0;0;0;0
2010;916,00;"Menos de 200 camas";0;0;4;0;75;0;0;3;0;2;0;16;0;0;6;0;0
2010;930,00;"Menos de 200 camas";3;2;4;1;80;3;2;4;1;1;0;8;0;0;0;4;0
2010;954,00;"200 - 500 camas";14;3;11;0;280;14;3;10;0;5;2;20;0;0;12;0;0
2010;943,00;"Menos de 200 camas";5;1;5;0;99;5;1;5;0;3;0;6;0;0;8;0;0
2010;949,00;"Más de 1.000 camas";47;11;48;3;1259;42;11;42;3;15;7;78;0;8;46;0;0
2010;980,00;"Menos de 200 camas";14;2;6;1;116;14;2;6;1;3;0;7;0;0;6;0;0
2010;981,00;"Menos de 200 camas";0;0;5;0;25;0;0;5;0;1;0;1;0;0;12;8;2
2010;1024,00;"200 - 500 camas";14;2;16;1;154;6;2;14;1;2;0;26;0;0;0;14;0
2010;1017,00;"Menos de 200 camas";0;0;0;0;40;0;0;0;0;1;0;0;0;0;0;0;0
2010;1000,00;"Menos de 200 camas";0;0;12;1;155;0;0;9;1;3;0;34;0;0;7;0;0
2010;1018,00;"Menos de 200 camas";4;4;6;0;85;4;3;5;0;2;0;25;1;1;0;0;0
2010;1001,00;"Menos de 200 camas";7;2;10;1;41;2;2;8;1;2;0;0;0;0;0;0;0
2010;1007,00;"200 - 500 camas";12;7;12;0;255;12;6;10;0;10;2;18;30;0;0;20;4
2010;1008,00;"200 - 500 camas";8;3;7;0;178;7;3;7;0;8;0;17;0;0;0;20;0
2010;1009,00;"200 - 500 camas";11;8;13;0;218;11;5;11;0;7;0;37;8;2;18;0;0
2010;1010,00;"Menos de 200 camas";4;3;5;0;115;4;3;5;0;4;0;10;0;0;0;15;0
2010;1011,00;"Menos de 200 camas";4;2;4;0;87;4;2;4;0;3;0;9;0;0;18;0;0
2010;1012,00;"200 - 500 camas";8;8;9;0;129;4;6;7;0;5;0;23;0;0;0;13;0
2010;1013,00;"501 - 1000 camas";24;12;19;2;576;24;12;16;2;10;0;37;30;0;34;0;0
2010;1041,00;"Menos de 200 camas";0;0;0;0;43;0;0;0;0;0;0;0;0;0;0;0;0
2010;789,00;"200 - 500 camas";0;0;0;0;350;0;0;0;0;0;0;0;0;0;0;0;0
2010;326,00;"200 - 500 camas";0;0;0;0;322;0;0;0;0;0;0;0;0;0;0;0;0
2010;442,00;"Menos de 200 camas";4;3;9;1;89;4;2;8;1;2;0;4;0;0;7;7;0
2010;294,00;"Menos de 200 camas";2;1;5;1;118;2;1;5;1;1;0;6;0;0;1;0;0
2010;378,00;"Menos de 200 camas";3;2;5;0;59;3;2;5;0;1;0;1;0;0;0;3;0
2010;402,00;"Menos de 200 camas";0;0;7;1;48;0;0;7;1;3;0;0;0;0;0;0;0
2010;29,00;"Menos de 200 camas";0;0;0;0;179;0;0;0;0;0;0;0;0;0;0;0;0
2010;450,00;"Menos de 200 camas";0;0;4;0;17;0;0;4;0;1;0;0;0;0;5;0;0
2010;656,00;"Menos de 200 camas";3;2;6;0;132;3;2;6;0;4;0;12;0;0;0;7;6
2010;333,00;"Menos de 200 camas";1;1;5;1;60;1;1;5;1;1;0;6;0;0;0;0;0
2010;668,00;"Menos de 200 camas";5;2;6;0;151;5;2;6;0;5;0;16;0;0;0;19;0
2010;684,00;"Menos de 200 camas";6;2;8;0;193;5;2;8;0;6;0;7;0;0;7;0;0
2010;422,00;"Menos de 200 camas";0;0;4;1;50;0;0;3;1;1;0;1;0;0;0;0;1
2010;763,00;"Más de 1.000 camas";46;13;33;2;1081;46;13;32;2;21;3;48;0;0;60;3;3
2010;741,00;"501 - 1000 camas";8;2;17;2;561;8;2;17;2;18;7;25;6;0;48;0;0
2010;553,00;"200 - 500 camas";14;6;11;1;349;14;6;11;1;6;1;22;0;0;6;0;0
2010;357,00;"Menos de 200 camas";0;0;6;0;150;0;0;6;0;2;0;0;0;0;0;0;1
2010;899,00;"Menos de 200 camas";0;0;0;0;65;0;0;0;0;0;0;0;0;0;0;0;0
2010;900,00;"Menos de 200 camas";0;0;2;0;7;0;0;2;0;1;0;0;0;0;2;0;0
2010;932,00;"Menos de 200 camas";0;0;2;0;15;0;0;2;0;0;0;0;0;0;0;0;0
2010;950,00;"Menos de 200 camas";0;0;1;0;6;0;0;1;0;1;0;0;0;0;0;0;0
2010;966,00;"Menos de 200 camas";2;4;1;1;72;2;4;1;1;2;0;0;0;0;0;0;0
2010;967,00;"Menos de 200 camas";0;0;0;0;10;0;0;0;0;0;0;20;0;0;0;0;0
2010;982,00;"Menos de 200 camas";0;0;5;1;55;0;0;3;1;7;0;5;0;0;4;0;2
2010;1014,00;"Menos de 200 camas";0;0;3;0;19;0;0;3;0;3;0;1;0;0;0;0;0
2010;1048,00;"Menos de 200 camas";0;0;1;0;1;0;0;1;0;0;0;0;0;0;0;0;0
2010;1080,00;"Menos de 200 camas";4;2;7;1;83;4;2;4;1;2;0;5;0;0;0;5;1
2010;722,00;"501 - 1000 camas";67;3;27;2;863;67;3;27;2;13;3;55;0;0;2;8;2
2010;660,00;"200 - 500 camas";0;0;12;0;320;0;0;9;0;3;0;10;0;0;21;0;0
2010;75,00;"Menos de 200 camas";0;0;0;0;100;0;0;0;0;0;0;0;49;0;0;0;0
2010;249,00;"Menos de 200 camas";3;2;6;1;125;3;2;6;1;3;0;0;0;0;0;0;0
2010;275,00;"Menos de 200 camas";0;0;5;0;94;0;0;5;0;1;0;0;0;0;6;0;0
2010;227,00;"Menos de 200 camas";7;2;6;1;104;7;2;6;1;2;0;0;0;0;0;0;0
2010;150,00;"Menos de 200 camas";0;0;4;0;90;0;0;4;0;2;0;0;0;0;0;0;0
2010;47,00;"Menos de 200 camas";0;0;0;0;44;0;0;0;0;0;0;0;0;0;0;0;0
2010;172,00;"Menos de 200 camas";0;0;5;0;148;0;0;5;0;1;0;6;0;0;6;0;1
2010;581,00;"Menos de 200 camas";3;2;4;0;103;3;2;4;0;3;0;1;0;0;1;0;0
2010;120,00;"Menos de 200 camas";0;0;1;0;39;0;0;1;0;1;0;0;0;0;0;0;0
2010;445,00;"Menos de 200 camas";0;0;2;0;140;0;0;2;0;0;0;0;0;0;0;0;0
2010;471,00;"Menos de 200 camas";0;0;5;0;199;0;0;5;0;2;0;0;0;0;0;0;0
2010;53,00;"Menos de 200 camas";0;0;0;0;80;0;0;0;0;0;0;0;0;0;0;0;0
2010;199,00;"Menos de 200 camas";0;0;3;0;175;0;0;3;0;1;0;0;0;0;0;0;0
2010;575,00;"Menos de 200 camas";4;1;4;0;97;4;1;4;0;3;0;0;0;0;0;0;0
2010;528,00;"Menos de 200 camas";6;2;4;0;98;6;2;3;0;3;1;1;0;0;0;5;0
2010;631,00;"200 - 500 camas";9;2;6;0;283;9;2;6;0;12;3;12;0;0;0;6;0
2010;699,00;"200 - 500 camas";0;0;10;0;370;0;0;10;0;9;2;30;0;0;37;0;0
2010;823,00;"Menos de 200 camas";0;0;3;0;30;0;0;3;0;2;0;0;0;0;0;0;0
2010;849,00;"Menos de 200 camas";0;0;5;0;99;0;0;5;0;2;0;0;0;0;6;0;0
2010;869,00;"Menos de 200 camas";0;0;4;0;90;0;0;4;0;3;0;0;0;0;0;0;0
2010;955,00;"Menos de 200 camas";0;0;0;0;47;0;0;0;0;0;0;0;0;0;0;0;0
2010;983,00;"200 - 500 camas";0;0;0;0;211;0;0;0;0;0;0;0;0;0;0;0;0
2010;1002,00;"Menos de 200 camas";0;0;0;0;60;0;0;0;0;0;0;0;0;0;0;0;0
2010;1015,00;"501 - 1000 camas";15;2;16;1;556;15;2;16;1;15;0;47;0;2;16;0;0
2010;703,00;"200 - 500 camas";26;6;15;0;490;26;6;15;0;2;0;42;0;0;0;0;0
2010;474,00;"200 - 500 camas";0;0;10;1;486;0;0;10;1;6;0;38;20;0;7;0;0
2010;51,00;"Menos de 200 camas";0;0;0;0;16;0;0;0;0;0;0;0;1;0;0;0;0
2010;441,00;"Menos de 200 camas";0;0;7;0;193;0;0;7;0;3;0;0;0;0;0;0;0
2010;327,00;"Menos de 200 camas";0;0;0;0;198;0;0;0;0;0;0;0;0;38;0;0;0
2010;690,00;"200 - 500 camas";7;2;15;2;350;7;2;15;2;8;0;24;0;0;0;0;0
2010;262,00;"Menos de 200 camas";2;2;7;0;90;2;2;7;0;2;0;3;0;0;0;7;0
2010;403,00;"Menos de 200 camas";0;0;3;0;13;0;0;3;0;1;0;0;0;0;0;0;0
2010;312,00;"Menos de 200 camas";0;0;0;0;148;0;0;0;0;0;0;0;15;0;0;0;0
2010;507,00;"Menos de 200 camas";0;0;4;0;96;0;0;4;0;4;0;0;0;0;0;0;0
2010;589,00;"Menos de 200 camas";2;1;3;0;97;2;1;3;0;6;0;6;0;0;6;0;0
2010;665,00;"Menos de 200 camas";3;2;4;0;172;2;2;4;0;4;0;3;0;0;0;0;0
2010;334,00;"Menos de 200 camas";0;0;0;0;21;0;0;0;0;0;0;0;0;0;0;0;0
2010;751,00;"501 - 1000 camas";12;3;22;1;893;12;3;22;1;11;3;76;18;0;0;26;4
2010;186,00;"Menos de 200 camas";1;0;3;1;49;1;0;3;1;3;0;0;0;0;0;0;0
2010;646,00;"Menos de 200 camas";2;1;2;0;102;2;1;2;0;2;0;8;0;0;2;1;2
2010;536,00;"Menos de 200 camas";1;1;3;0;79;1;1;3;0;3;0;8;0;0;0;0;0
2010;242,00;"Menos de 200 camas";2;1;2;0;49;0;1;2;0;2;0;0;0;0;0;0;0
2010;490,00;"200 - 500 camas";0;0;5;0;159;0;0;4;0;1;0;0;0;15;16;0;0
2010;500,00;"200 - 500 camas";2;2;5;1;126;2;2;5;1;4;0;9;0;0;0;0;0
2010;206,00;"Menos de 200 camas";0;0;3;0;48;0;0;3;0;1;0;0;0;0;0;0;0
2010;58,00;"Menos de 200 camas";0;0;0;0;24;0;0;0;0;0;0;0;0;0;0;0;0
2010;572,00;"200 - 500 camas";7;4;11;0;360;7;4;10;0;10;0;17;50;0;12;0;0
2010;180,00;"Menos de 200 camas";0;0;2;0;88;0;0;2;0;1;0;0;0;0;0;0;0
2010;549,00;"Menos de 200 camas";4;2;3;0;103;4;2;3;0;6;0;2;0;0;0;0;0
2010;582,00;"Menos de 200 camas";3;3;3;1;111;3;3;3;1;3;0;4;0;0;2;0;0
2010;743,00;"200 - 500 camas";15;2;12;0;451;15;2;7;0;6;1;38;0;0;20;0;0
2010;795,00;"Menos de 200 camas";0;0;5;0;111;0;0;5;0;1;0;0;0;0;0;0;0
2010;269,00;"Menos de 200 camas";0;0;3;0;24;0;0;3;0;1;0;0;0;0;0;0;0
2010;634,00;"200 - 500 camas";0;0;6;0;210;0;0;5;0;3;0;6;0;0;6;0;0
2010;1,00;"Menos de 200 camas";2;1;4;0;46;2;1;4;0;0;0;0;0;0;0;0;0
2010;717,00;"200 - 500 camas";8;2;5;0;206;8;2;4;0;5;0;13;15;0;8;0;0
2010;373,00;"Menos de 200 camas";0;0;0;0;138;0;0;0;0;1;0;0;0;0;0;0;0
2010;535,00;"Menos de 200 camas";2;2;5;0;152;2;2;5;0;5;2;3;20;0;0;15;0
2010;824,00;"Más de 1.000 camas";17;4;30;2;1160;17;4;25;2;50;7;98;12;0;26;4;1
2010;888,00;"Menos de 200 camas";1;1;3;0;90;1;1;3;0;3;0;0;0;0;2;0;0
2010;902,00;"Menos de 200 camas";0;0;1;0;19;0;0;1;0;1;0;0;0;0;0;0;0
2010;968,00;"Menos de 200 camas";0;0;0;0;35;0;0;0;0;0;0;0;0;0;0;0;0
2010;346,00;"200 - 500 camas";0;0;0;0;284;0;0;0;0;0;0;0;0;0;0;0;0
2010;27,00;"Menos de 200 camas";0;0;0;0;97;0;0;0;0;0;0;0;0;0;0;0;0
2010;165,00;"Menos de 200 camas";2;1;2;0;8;0;1;2;0;1;0;1;0;0;0;0;0
2010;956,00;"501 - 1000 camas";8;2;12;0;479;8;2;9;0;10;0;16;10;0;24;0;0
2010;413,00;"Menos de 200 camas";0;0;0;0;53;0;0;0;0;0;0;0;0;0;0;0;0
2010;149,00;"Menos de 200 camas";0;0;3;0;66;0;0;3;0;1;0;0;0;0;16;0;0
2010;612,00;"Menos de 200 camas";1;3;7;1;186;1;2;7;1;9;0;0;0;0;0;0;0
2010;559,00;"Menos de 200 camas";0;0;4;0;92;0;0;4;0;3;0;0;0;0;0;0;0
2010;7,00;"Menos de 200 camas";0;0;5;0;111;0;0;5;0;1;0;0;0;0;0;0;0
2010;283,00;"Menos de 200 camas";0;0;8;1;167;0;0;8;1;6;0;0;0;0;0;0;0
2010;37,00;"Menos de 200 camas";0;0;0;0;47;0;0;0;0;0;0;0;0;0;0;0;0
2010;153,00;"Menos de 200 camas";0;0;5;0;177;0;0;5;0;7;0;0;0;0;0;0;0
2010;547,00;"200 - 500 camas";4;5;9;0;230;4;5;6;0;7;0;18;0;0;1;1;1
2010;397,00;"Menos de 200 camas";0;0;0;0;80;0;0;0;0;2;0;0;0;18;0;0;0
2010;556,00;"Menos de 200 camas";6;4;4;0;120;6;4;4;0;4;0;7;0;0;0;0;0
2010;42,00;"Menos de 200 camas";0;0;0;0;86;0;0;0;0;0;0;0;0;0;0;0;0
2010;31,00;"200 - 500 camas";0;0;0;0;241;0;0;0;0;1;0;1;0;1;0;0;0
2010;740,00;"501 - 1000 camas";40;8;26;1;829;40;8;22;1;14;4;38;0;0;32;0;0
2010;217,00;"Menos de 200 camas";0;0;3;0;81;0;0;3;0;1;0;0;0;0;0;0;0
2010;863,00;"Menos de 200 camas";1;1;3;0;60;1;1;3;0;4;0;0;0;0;0;0;0
2010;889,00;"501 - 1000 camas";0;0;22;3;751;0;0;14;3;14;8;64;0;0;0;23;4
2010;984,00;"Menos de 200 camas";0;0;5;0;139;0;0;5;0;3;0;0;0;0;0;0;0
2010;34,00;"Menos de 200 camas";0;0;0;0;67;0;0;0;0;0;0;0;0;0;0;0;0
2010;791,00;"Menos de 200 camas";2;1;5;0;120;2;1;5;0;3;0;0;0;0;0;0;0
2010;181,00;"Menos de 200 camas";0;0;0;0;78;0;0;0;0;1;0;0;0;0;0;0;0
2010;430,00;"Menos de 200 camas";0;0;1;0;10;0;0;1;0;1;0;0;0;0;0;0;0
2010;715,00;"501 - 1000 camas";0;2;12;1;443;0;2;12;1;12;0;13;0;0;0;0;0
2010;521,00;"Menos de 200 camas";0;0;3;0;60;0;0;3;0;2;0;0;0;0;0;0;0
2010;524,00;"Menos de 200 camas";2;1;9;1;192;2;1;9;1;2;0;5;0;0;0;6;2
2010;432,00;"Menos de 200 camas";0;0;2;0;18;0;0;2;0;1;0;0;0;0;0;0;0
2010;19,00;"Menos de 200 camas";3;1;2;0;21;3;1;2;0;0;0;0;0;0;0;0;0
2010;25,00;"Menos de 200 camas";0;0;0;0;47;0;0;0;0;0;0;0;0;0;0;0;0
2010;26,00;"Menos de 200 camas";0;0;0;0;56;0;0;0;0;0;0;0;0;0;0;0;0
2010;890,00;"501 - 1000 camas";8;2;17;1;589;8;2;17;1;21;4;48;20;0;0;15;0
2010;904,00;"Menos de 200 camas";0;1;3;0;91;0;1;3;0;3;0;3;0;0;0;0;0
2010;957,00;"Más de 1.000 camas";21;3;34;4;1201;21;3;33;4;20;4;83;20;0;22;30;2
2010;939,00;"Más de 1.000 camas";32;3;26;2;971;32;3;26;2;19;1;18;15;0;0;44;6
2010;236,00;"Menos de 200 camas";2;1;5;0;99;2;1;5;0;0;0;5;0;0;5;0;0
2010;735,00;"501 - 1000 camas";38;3;22;1;782;38;3;22;1;8;6;25;0;0;0;10;2
2010;146,00;"200 - 500 camas";0;0;0;0;267;0;0;0;0;1;0;0;0;0;0;0;0
2010;363,00;"Menos de 200 camas";0;0;5;0;169;0;0;5;0;2;0;0;1;0;1;0;0
2010;187,00;"Menos de 200 camas";0;0;6;0;188;0;0;6;0;2;0;0;0;0;0;0;0
2010;265,00;"Menos de 200 camas";0;0;2;0;72;0;0;2;0;5;0;0;0;0;0;0;0
2010;295,00;"Menos de 200 camas";0;0;5;0;29;0;0;2;0;2;0;0;0;0;0;0;0
2010;496,00;"200 - 500 camas";4;2;5;1;156;2;1;3;1;3;0;0;0;0;0;0;0
2010;77,00;"Menos de 200 camas";0;0;0;0;99;0;0;0;0;0;0;0;0;0;0;0;0
2010;391,00;"Menos de 200 camas";0;0;2;0;32;0;0;2;0;1;0;0;0;0;0;0;0
2010;63,00;"Menos de 200 camas";0;0;0;0;61;0;0;0;0;0;0;0;0;0;0;0;0
2010;240,00;"Menos de 200 camas";1;1;4;1;162;1;1;4;1;1;0;0;0;0;0;0;0
2010;448,00;"Menos de 200 camas";0;1;2;0;31;0;1;2;0;1;0;0;0;0;0;0;0
2010;151,00;"Menos de 200 camas";0;0;0;0;139;0;0;0;0;1;0;0;0;0;0;0;0
2010;425,00;"Menos de 200 camas";0;1;2;0;22;0;1;2;0;1;0;0;0;0;0;0;0
2010;300,00;"Menos de 200 camas";0;0;2;0;70;0;0;2;0;2;0;5;0;0;5;0;2
2010;339,00;"Menos de 200 camas";1;1;5;1;47;0;1;5;1;3;0;0;0;0;0;0;0
2010;826,00;"Menos de 200 camas";0;0;0;0;90;0;0;0;0;0;0;0;0;0;0;0;0
2010;874,00;"Menos de 200 camas";3;2;5;0;198;3;2;5;0;6;1;2;0;0;0;0;0
2010;905,00;"501 - 1000 camas";18;4;16;3;735;18;4;15;3;11;7;42;55;0;0;28;5
2010;736,00;"501 - 1000 camas";22;3;32;2;874;22;3;23;2;13;0;37;22;0;46;0;0
2010;459,00;"Menos de 200 camas";0;0;2;0;30;0;0;2;0;1;0;0;0;0;0;0;0
2010;320,00;"Menos de 200 camas";0;0;3;0;136;0;0;3;0;1;0;0;0;1;0;1;3
2010;45,00;"200 - 500 camas";0;0;0;0;391;0;0;0;0;0;0;0;140;57;0;0;0
2010;292,00;"Menos de 200 camas";0;0;0;0;104;0;0;0;0;0;0;0;30;0;0;0;0
2010;618,00;"Menos de 200 camas";2;1;4;0;111;2;1;4;0;6;1;12;0;0;20;0;0
2010;463,00;"200 - 500 camas";0;2;10;0;231;0;0;7;0;6;3;39;15;0;22;0;0
2010;891,00;"Menos de 200 camas";0;3;7;0;93;0;3;7;0;3;0;0;0;0;0;0;0
2010;958,00;"200 - 500 camas";7;2;9;0;344;7;2;9;0;10;0;22;0;10;6;0;0
2010;244,00;"Menos de 200 camas";1;1;2;0;50;1;1;2;0;0;0;0;0;0;0;0;0
2010;28,00;"Menos de 200 camas";0;0;0;0;52;0;0;0;0;0;0;0;0;0;0;0;0
2010;444,00;"Menos de 200 camas";0;0;5;0;41;0;0;5;0;3;0;2;0;0;4;0;0
2010;479,00;"Menos de 200 camas";0;0;2;0;41;0;0;2;0;1;0;0;0;0;0;36;2
2010;285,00;"Menos de 200 camas";2;2;4;1;91;2;2;4;1;2;0;7;0;0;0;0;0
2010;253,00;"Menos de 200 camas";10;5;10;1;113;10;5;10;1;3;0;0;0;0;2;10;3
2010;481,00;"Menos de 200 camas";3;2;4;1;53;3;2;4;1;3;0;3;0;0;0;1;4
2010;540,00;"Menos de 200 camas";5;3;8;1;130;5;3;8;1;5;0;0;0;0;0;0;0
2010;332,00;"Menos de 200 camas";0;0;2;0;10;0;0;2;0;0;0;0;0;0;0;0;0
2010;41,00;"Menos de 200 camas";0;0;0;0;56;0;0;0;0;0;0;0;0;0;0;0;0
2010;510,00;"Menos de 200 camas";0;0;5;0;42;0;0;5;0;4;0;1;0;0;1;1;1
2010;305,00;"Menos de 200 camas";0;0;2;0;12;0;0;1;0;1;0;2;0;0;0;0;0
2010;708,00;"Menos de 200 camas";8;2;7;0;194;8;2;7;0;6;0;14;0;0;20;0;0
2010;755,00;"Más de 1.000 camas";60;4;51;3;1202;51;4;51;3;28;6;152;0;0;0;209;10
2010;750,00;"501 - 1000 camas";26;3;24;3;827;26;3;23;2;12;5;29;30;0;0;0;0
2010;696,00;"501 - 1000 camas";18;2;15;1;527;18;2;15;1;18;6;16;0;0;3;22;4
2010;434,00;"Menos de 200 camas";3;1;2;0;29;3;1;2;0;3;0;2;0;0;36;0;0
2010;421,00;"Menos de 200 camas";0;0;4;0;102;0;0;3;0;3;0;0;0;0;0;0;0
2010;827,00;"Menos de 200 camas";0;0;0;0;183;0;0;0;0;1;0;0;0;0;0;0;0
2010;933,00;"200 - 500 camas";0;0;8;0;200;0;0;7;0;7;0;2;0;0;38;38;2
2010;1030,00;"Menos de 200 camas";7;5;18;1;96;7;3;10;1;1;0;0;0;0;0;0;0
2010;1003,00;"Menos de 200 camas";0;0;2;0;16;0;0;2;0;1;0;4;0;0;0;6;2
2010;1050,00;"Menos de 200 camas";0;0;1;0;8;0;0;1;0;3;0;6;0;0;0;2;1
2010;934,00;"200 - 500 camas";6;4;7;0;317;5;4;6;0;7;0;15;0;0;0;12;0
2010;629,00;"200 - 500 camas";15;2;9;1;368;15;2;9;1;6;0;15;7;0;7;15;3
2010;21,00;"Menos de 200 camas";0;0;0;0;165;0;0;0;0;0;0;0;0;45;0;0;0
2010;615,00;"Menos de 200 camas";2;2;6;0;181;2;2;6;0;0;0;0;0;0;0;0;0
2010;626,00;"Menos de 200 camas";1;1;5;0;52;1;1;5;0;3;0;0;0;0;0;0;0
2010;417,00;"Menos de 200 camas";0;0;2;0;25;0;0;2;0;2;0;4;0;0;4;4;1
2010;597,00;"Menos de 200 camas";4;1;3;0;104;4;1;3;0;3;0;0;0;10;0;0;0
2010;539,00;"200 - 500 camas";9;3;6;0;335;9;3;6;0;2;0;23;0;0;0;6;0
2010;343,00;"Menos de 200 camas";1;1;3;0;47;1;1;3;0;4;0;0;0;0;0;0;0
2010;135,00;"200 - 500 camas";0;0;0;0;336;0;0;0;0;0;0;0;0;0;0;0;0
2010;158,00;"501 - 1000 camas";0;0;0;0;693;0;0;0;0;1;0;0;24;20;0;0;0
2010;775,00;"200 - 500 camas";6;6;6;0;214;6;6;6;0;4;0;15;0;0;0;4;1
2010;177,00;"200 - 500 camas";0;0;0;0;250;0;0;0;0;1;0;0;0;40;0;0;0
2010;578,00;"Menos de 200 camas";2;1;3;0;38;2;1;3;0;2;0;0;0;0;0;0;0
2010;416,00;"Menos de 200 camas";0;0;1;0;112;0;0;1;0;1;0;0;0;20;0;0;0
2010;561,00;"Menos de 200 camas";2;1;3;0;161;2;1;3;0;4;0;8;0;35;0;12;1
2010;828,00;"Menos de 200 camas";0;0;0;0;85;0;0;0;0;0;0;0;0;25;0;0;0
2010;860,00;"Menos de 200 camas";3;1;3;1;44;3;1;3;1;3;0;0;0;20;0;0;0
2010;935,00;"Menos de 200 camas";0;0;0;0;70;0;0;0;0;0;0;0;0;20;0;0;0
2010;936,00;"Menos de 200 camas";0;0;0;0;25;0;0;0;0;0;0;0;0;0;0;0;0
2010;986,00;"Menos de 200 camas";0;0;0;0;45;0;0;0;0;0;0;0;15;0;0;0;0
2010;987,00;"Menos de 200 camas";2;2;4;0;100;0;2;4;0;5;0;0;0;0;0;0;0
2010;1021,00;"Menos de 200 camas";0;0;0;0;45;0;0;0;0;0;0;0;0;0;0;0;0
2010;658,00;"200 - 500 camas";4;2;5;0;210;4;2;5;0;3;0;1;0;0;0;0;0
2010;353,00;"Menos de 200 camas";0;0;0;0;46;0;0;0;0;2;0;0;0;15;0;0;0
2010;323,00;"Menos de 200 camas";0;0;0;0;170;0;0;0;0;0;0;0;20;0;0;0;0
2010;620,00;"Menos de 200 camas";3;2;3;0;122;3;2;3;0;3;0;0;0;0;0;0;0
2010;384,00;"200 - 500 camas";0;0;1;0;200;0;0;1;0;1;0;1;0;0;0;0;0
2010;484,00;"Menos de 200 camas";0;0;3;0;136;0;0;3;0;1;0;3;25;0;0;0;0
2010;554,00;"200 - 500 camas";12;2;9;1;331;12;2;9;1;9;0;16;15;0;0;0;0
2010;209,00;"Menos de 200 camas";0;0;2;0;18;0;0;2;0;2;0;0;0;0;0;0;0
2010;707,00;"501 - 1000 camas";39;3;17;2;800;39;3;17;2;7;6;29;0;12;0;0;0
2010;395,00;"Menos de 200 camas";0;0;1;0;10;0;0;1;0;1;0;0;0;0;0;0;0
2010;969,00;"Menos de 200 camas";0;0;4;0;57;0;0;4;0;2;0;5;0;0;0;0;0
2010;1052,00;"Menos de 200 camas";0;0;0;0;25;0;0;0;0;0;0;0;0;0;0;0;0
2010;739,00;"Más de 1.000 camas";68;4;40;3;1204;42;4;40;3;30;4;63;0;0;0;80;0
2010;613,00;"501 - 1000 camas";8;2;18;1;515;8;2;18;1;9;5;19;0;0;0;18;3
2010;593,00;"200 - 500 camas";0;0;10;0;288;0;0;10;0;6;4;17;0;0;0;19;0
2010;704,00;"501 - 1000 camas";22;3;16;1;573;22;3;16;1;9;4;41;0;0;24;0;0
2010;493,00;"Menos de 200 camas";0;0;6;0;33;0;0;6;0;2;0;0;0;0;0;30;0
2010;686,00;"501 - 1000 camas";8;2;26;2;531;8;2;26;2;5;0;49;0;0;11;10;3
2010;257,00;"Menos de 200 camas";12;3;12;1;184;12;3;12;1;2;0;0;0;0;0;0;0
2010;494,00;"Menos de 200 camas";0;0;7;0;62;0;0;4;0;1;0;0;0;0;0;0;0
2010;681,00;"Menos de 200 camas";0;0;7;0;125;0;0;7;0;2;0;20;0;0;0;0;0
2010;286,00;"Menos de 200 camas";10;2;11;1;156;6;2;11;0;3;0;0;0;0;0;0;0
2010;255,00;"Menos de 200 camas";2;1;7;1;73;2;1;7;1;3;0;9;0;0;11;3;0
2010;79,00;"Menos de 200 camas";0;0;0;0;80;0;0;0;0;0;0;0;0;0;0;0;0
2010;81,00;"Menos de 200 camas";0;0;0;0;75;0;0;0;0;0;0;0;0;0;0;0;0
2010;688,00;"200 - 500 camas";6;2;6;0;238;6;2;6;0;6;1;11;0;0;0;6;1
2010;531,00;"200 - 500 camas";7;2;8;0;235;7;2;8;0;6;2;23;0;0;0;8;0
2010;514,00;"Menos de 200 camas";0;1;3;0;48;0;1;3;0;2;0;2;0;0;0;4;1
2010;499,00;"200 - 500 camas";0;0;8;0;111;0;0;5;0;5;0;0;0;0;0;0;0
2010;532,00;"200 - 500 camas";4;2;11;0;239;4;2;11;0;7;1;15;0;0;0;23;1
2010;190,00;"Menos de 200 camas";0;0;0;0;158;0;0;0;0;2;0;0;0;0;0;0;0
2010;598,00;"Menos de 200 camas";4;1;3;0;83;4;1;3;0;5;0;8;0;0;0;6;0
2010;260,00;"200 - 500 camas";14;5;21;1;236;13;5;21;1;4;0;0;0;0;0;0;0
2010;838,00;"Menos de 200 camas";0;0;1;0;11;0;0;1;0;1;0;0;0;0;0;0;0
2010;839,00;"Menos de 200 camas";2;1;4;0;71;0;1;4;0;1;0;16;0;0;0;0;0
2010;851,00;"Menos de 200 camas";0;0;2;0;7;0;0;2;0;0;0;0;0;0;2;0;0
2010;852,00;"200 - 500 camas";4;4;14;1;301;4;4;14;1;10;1;15;1;0;0;30;3
2010;988,00;"Menos de 200 camas";0;0;0;0;125;0;0;0;0;1;0;20;20;0;0;0;0
2010;1056,00;"200 - 500 camas";7;2;10;0;245;7;2;10;0;4;4;24;0;0;5;0;0
2010;644,00;"501 - 1000 camas";10;6;19;0;627;10;6;17;0;8;2;29;0;0;0;0;2
2010;752,00;"501 - 1000 camas";8;2;19;2;717;8;2;19;2;16;8;31;30;0;0;0;0
2010;238,00;"Menos de 200 camas";3;1;8;0;63;1;1;6;0;3;0;5;0;0;17;1;6
2010;325,00;"Menos de 200 camas";0;0;0;0;182;0;0;0;0;0;0;0;0;0;0;0;0
2010;622,00;"Menos de 200 camas";3;2;4;0;112;3;2;2;0;3;0;2;0;0;6;0;0
2010;879,00;"Menos de 200 camas";2;1;4;0;92;2;1;4;0;1;0;0;0;0;0;0;0
2010;906,00;"Menos de 200 camas";4;1;4;1;95;4;1;4;1;1;0;6;0;0;0;0;0
2010;370,00;"200 - 500 camas";0;0;0;0;193;0;0;0;0;2;0;0;0;0;0;0;0
2010;418,00;"Menos de 200 camas";0;0;3;0;34;0;0;3;0;2;0;0;0;0;0;0;0
2010;574,00;"Menos de 200 camas";0;0;2;0;23;0;0;2;0;2;0;0;0;0;1;0;0
2010;399,00;"Menos de 200 camas";0;0;5;0;77;0;0;5;0;1;0;0;0;0;2;2;1
2010;195,00;"Menos de 200 camas";0;0;3;0;40;0;0;3;0;1;0;0;0;0;0;0;0
2010;783,00;"501 - 1000 camas";12;3;16;2;681;12;3;16;2;10;20;1;1;0;0;0;0
2010;188,00;"Menos de 200 camas";0;2;6;1;133;0;2;6;1;4;0;12;0;0;5;5;1
2010;263,00;"Menos de 200 camas";1;2;4;0;74;1;2;4;0;1;0;11;0;0;0;0;0
2010;194,00;"Menos de 200 camas";0;0;3;0;30;0;0;2;0;1;0;0;0;0;0;0;0
2010;214,00;"Menos de 200 camas";0;0;3;0;30;0;0;3;0;1;0;0;0;0;0;0;0
2010;785,00;"501 - 1000 camas";29;8;33;1;903;29;8;33;1;18;0;74;15;0;21;0;0
2010;780,00;"Menos de 200 camas";0;0;6;0;104;0;0;6;0;2;2;15;0;0;15;0;1
2010;83,00;"Menos de 200 camas";0;0;0;0;173;0;0;0;0;0;0;0;0;0;0;0;0
2010;782,00;"200 - 500 camas";0;0;13;1;383;0;0;13;1;3;7;1;1;0;4;0;0
2010;369,00;"Menos de 200 camas";0;0;0;0;149;0;0;0;0;1;0;0;0;0;0;0;0
2010;84,00;"Menos de 200 camas";0;0;0;0;27;0;0;0;0;0;0;0;0;0;0;0;0
2010;713,00;"Menos de 200 camas";0;0;4;1;94;0;0;4;0;4;0;0;0;0;0;11;2
2010;85,00;"Menos de 200 camas";0;0;0;0;179;0;0;0;0;0;0;0;0;0;0;0;0
2010;86,00;"Menos de 200 camas";0;0;0;0;133;0;0;0;0;0;0;0;40;0;0;0;0
2010;941,00;"Menos de 200 camas";0;0;0;0;24;0;0;0;0;0;0;0;0;0;0;0;0
2010;1045,00;"Menos de 200 camas";6;2;11;1;110;6;1;11;1;2;0;1;0;0;1;6;1
2010;937,00;"501 - 1000 camas";4;2;14;0;524;4;2;10;0;14;0;27;8;0;0;11;6
2010;1004,00;"Menos de 200 camas";3;1;3;0;44;3;1;2;0;0;0;1;0;0;0;0;0
2010;737,00;"501 - 1000 camas";9;3;18;1;762;9;3;15;1;8;4;14;25;0;14;0;0
2010;765,00;"Más de 1.000 camas";29;3;34;2;1186;29;3;31;2;19;9;54;0;0;0;0;0
2010;329,00;"200 - 500 camas";0;0;7;0;224;0;0;5;0;3;5;6;12;0;12;0;0
2010;87,00;"200 - 500 camas";0;0;0;0;205;0;0;0;0;0;0;0;0;0;0;0;0
2010;527,00;"Menos de 200 camas";0;0;2;0;142;0;0;2;0;6;0;0;0;24;0;0;0
2010;562,00;"Menos de 200 camas";0;0;7;1;145;0;0;7;1;3;0;0;0;0;0;0;0
2010;251,00;"Menos de 200 camas";2;3;5;1;100;2;3;5;1;3;0;0;0;0;0;12;0
2010;129,00;"200 - 500 camas";0;0;0;0;280;0;0;0;0;0;0;0;0;0;0;0;0
2010;154,00;"Menos de 200 camas";0;0;0;0;168;0;0;0;0;1;0;0;0;25;0;0;0
2010;516,00;"Menos de 200 camas";4;1;8;1;113;4;1;8;1;2;0;7;0;0;0;0;0
2010;184,00;"Menos de 200 camas";2;1;4;0;42;2;1;4;0;1;0;0;0;0;0;0;0
2010;652,00;"200 - 500 camas";0;0;5;0;116;0;0;5;0;3;0;0;0;0;0;0;0
2010;637,00;"Menos de 200 camas";2;2;5;0;122;2;2;2;0;4;0;12;0;0;0;6;0
2010;88,00;"Menos de 200 camas";0;0;0;0;43;0;0;0;0;0;0;0;0;0;0;0;0
2010;907,00;"Menos de 200 camas";0;0;0;0;39;0;0;0;0;0;0;0;0;0;0;0;0
2010;970,00;"Menos de 200 camas";0;0;0;0;43;0;0;0;0;0;0;0;43;0;0;0;0
2010;1019,00;"Menos de 200 camas";0;0;2;0;17;0;0;2;0;2;0;0;0;0;0;0;0
2010;1016,00;"Menos de 200 camas";2;1;5;1;68;2;1;5;1;1;0;0;0;0;0;0;0
2010;1047,00;"200 - 500 camas";10;3;7;0;176;10;3;4;0;3;0;10;0;0;0;10;0
2010;635,00;"Menos de 200 camas";14;2;4;0;167;12;2;4;0;5;0;4;2;0;0;0;0
