"año";"NCODI";"biopsias_hosp";"biopsias_CEP";"necropsias_hosp";"angio_hosp";"angio_CEP";"densiometrias_hosp";"densiometrias_CEP";"gamma_hosp";"gamma_CEP";"mamo_hosp";"mamo_CEP";"pet_hosp";"pet_CEP";"resonancia_hosp";"resonancia_CEP";"rx_hosp";"rx_CEP";"spect_hosp";"spect_CEP";"tac_hosp";"tac_CEP";"Colonosopia";"Broncoscopia";"ERCP"
2010;728,00;22576;0;1;0;0;0;0;0;0;0;0;0;0;0;0;0;0;0;0;0;0;0;0;0
2010;280,00;0;0;0;0;0;0;0;0;0;0;0;0;0;0;0;0;0;0;0;0;0;;;
2010;222,00;0;0;0;0;0;356;0;0;0;1345;0;0;0;0;0;7424;0;0;0;1240;0;;;
2010;276,00;12289;0;0;0;0;0;0;0;0;5437;0;2774;0;11683;0;88236;0;0;0;23704;0;0;0;0
2010;11,00;2988;0;0;0;0;5094;0;5378;0;2378;0;0;0;10642;0;16191;0;2594;0;17069;0;0;0;0
2010;302,00;0;0;0;0;0;0;0;0;0;2737;0;0;0;0;0;0;0;0;0;0;0;0;0;0
2010;682,00;5473;0;0;0;0;394;0;0;0;324;0;0;0;2769;0;40331;0;0;0;4459;0;;;
2010;279,00;11499;0;25;0;0;0;0;0;0;0;0;0;0;11238;0;56744;0;0;0;10378;0;;;
2010;282,00;4511;0;0;697;0;2170;0;0;0;7374;0;1400;0;16254;0;78619;0;5630;0;14491;0;0;0;0
2010;281,00;4987;0;0;286;0;0;0;0;0;56;0;0;0;1177;0;39316;0;0;0;6013;0;;;
2010;183,00;0;0;0;0;0;1008;0;0;0;326;0;0;0;1902;0;7350;0;0;0;907;0;0;0;0
2010;610,00;0;0;0;1655;0;0;0;0;0;0;0;0;0;0;0;4501;0;0;0;0;0;;;
2010;116,00;0;0;0;0;0;0;0;0;0;0;0;0;0;0;0;0;0;0;0;0;0;0;0;0
2010;115,00;0;0;0;0;0;0;0;0;0;0;0;0;0;0;0;303;0;0;0;0;0;;;
2010;114,00;0;0;0;0;0;0;0;0;0;0;0;0;0;0;0;0;0;0;0;0;0;0;0;0
2010;126,00;0;0;0;0;0;0;0;0;0;0;0;0;0;0;0;0;0;0;0;0;0;0;0;0
2010;156,00;0;0;0;0;0;0;0;0;0;0;0;0;0;0;0;0;0;0;0;0;0;0;0;0
2010;119,00;0;0;0;0;0;1;0;0;0;1;0;0;0;0;0;1;0;0;0;0;0;0;0;0
2010;770,00;12591;0;51;4441;0;4539;0;0;0;6455;0;0;0;8761;0;135699;0;7158;0;18686;0;0;0;0
2010;583,00;4085;0;0;0;0;1317;0;0;0;6935;0;0;0;0;0;76038;0;0;0;7334;0;0;0;0
2010;136,00;0;0;0;0;0;0;0;0;0;0;0;0;0;0;0;98;0;0;0;0;0;0;0;0
2010;469,00;2266;0;0;0;0;0;0;0;0;2740;0;0;0;1778;0;29937;0;0;0;2562;0;0;0;0
2010;642,00;8622;0;0;0;0;0;0;0;0;7358;0;0;0;0;0;77760;0;0;0;8165;0;0;0;0
2010;674,00;4936;0;112;399;0;631;0;0;0;4414;0;0;0;6043;0;66550;0;0;0;8620;0;0;0;0
2010;193,00;0;0;0;0;0;0;0;0;0;0;0;0;0;0;0;1560;0;0;0;0;0;0;0;0
2010;526,00;11746;0;18;0;0;0;0;0;0;15042;0;0;0;5417;0;100797;0;0;0;11760;0;0;0;0
2010;698,00;32253;0;107;905;0;9756;0;9848;0;5972;0;0;0;0;0;198892;0;0;0;17500;0;0;0;0
2010;630,00;5236;0;5;0;0;0;0;0;0;4943;0;0;0;5781;0;15069;0;0;0;7379;0;0;0;0
2010;124,00;0;0;0;0;0;0;0;0;0;0;0;0;0;0;0;0;0;0;0;0;0;0;0;0
2010;364,00;0;0;0;0;0;0;0;0;0;0;0;0;0;0;0;0;0;0;0;0;0;0;0;0
2010;604,00;11742;0;21;0;0;0;0;0;0;3721;0;0;0;0;0;124730;0;0;0;13884;0;0;0;0
2010;123,00;0;0;0;0;0;0;0;0;0;0;0;0;0;0;0;0;0;0;0;0;0;0;0;0
2010;310,00;0;0;0;0;0;0;0;0;0;0;0;0;0;0;0;0;0;0;0;0;0;0;0;0
2010;571,00;0;0;0;333;0;0;0;0;0;6694;0;0;0;0;0;57127;0;0;0;3843;0;0;0;0
2010;296,00;0;0;0;0;0;0;0;0;0;466;0;0;0;0;0;2787;0;0;0;0;0;0;0;0
2010;566,00;3233;0;0;0;0;0;0;0;0;2759;0;0;0;2124;0;39236;0;0;0;4247;0;0;0;0
2010;784,00;18173;0;134;0;0;0;0;8935;0;29255;0;0;0;24279;0;169554;0;0;0;27279;0;0;0;0
2010;102,00;0;0;0;0;0;0;0;0;0;0;0;0;0;0;0;976;0;0;0;0;0;0;0;0
2010;379,00;0;0;0;0;0;0;0;0;0;0;0;0;0;0;0;0;0;0;0;0;0;0;0;0
2010;639,00;0;0;0;0;0;280;0;0;0;5518;0;0;0;3779;0;64109;0;0;0;4911;0;0;0;0
2010;457,00;1444;0;0;0;0;0;0;0;0;1019;0;0;0;0;0;30106;0;0;0;3241;0;0;0;0
2010;609,00;9100;0;6;1358;0;2252;0;735;0;5699;0;0;0;7247;0;63328;0;442;0;10031;0;;;
2010;101,00;0;0;0;0;0;0;0;0;0;0;0;0;0;0;0;0;0;0;0;0;0;0;0;0
2010;454,00;6842;0;9;0;0;0;0;0;0;3353;0;0;0;5159;0;42745;0;0;0;6425;0;0;0;0
2010;318,00;0;0;0;0;0;0;0;0;0;0;0;0;0;0;0;0;0;0;0;0;0;0;0;0
2010;600,00;5345;0;9;0;0;1129;0;0;0;7184;0;0;0;0;0;56764;0;0;0;7012;0;0;0;0
2010;545,00;9368;0;47;1378;0;1974;0;0;0;8245;0;0;0;5634;0;89167;0;0;0;10809;0;0;0;0
2010;100,00;0;0;0;0;0;0;0;0;0;0;0;0;0;0;0;0;0;0;0;0;0;0;0;0
2010;702,00;14137;0;82;0;0;0;0;0;0;10796;0;0;0;8665;0;117494;0;0;0;18979;0;0;0;0
2010;778,00;7985;0;27;0;0;0;0;0;0;10405;0;0;0;6007;0;50136;0;0;0;9912;0;;;
2010;341,00;0;0;0;0;0;0;0;0;0;545;0;0;0;0;0;7572;0;0;0;0;0;;;
2010;99,00;0;0;0;0;0;0;0;0;0;0;0;0;0;0;0;0;0;0;0;0;0;0;0;0
2010;767,00;0;0;0;0;0;0;0;0;0;1790;0;0;0;3989;0;56574;0;0;0;6693;0;0;0;0
2010;359,00;0;0;0;0;0;724;0;0;0;3273;0;0;0;0;0;21290;0;0;0;0;0;0;0;0
2010;98,00;0;0;0;0;0;0;0;0;0;0;0;0;0;0;0;0;0;0;0;0;0;0;0;0
2010;132,00;0;0;0;0;0;0;0;0;0;0;0;0;0;0;0;0;0;0;0;0;0;;;
2010;97,00;0;0;0;0;0;0;0;0;0;0;0;0;0;0;0;0;0;0;0;0;0;0;0;0
2010;103,00;0;0;0;0;0;0;0;0;0;0;0;0;0;0;0;0;0;0;0;0;0;0;0;0
2010;110,00;0;0;0;0;0;0;0;0;0;0;0;0;0;0;0;0;0;0;0;0;0;0;0;0
2010;94,00;0;0;0;0;0;0;0;0;0;0;0;0;0;0;0;0;0;0;0;0;0;;;
2010;91,00;0;0;0;0;0;0;0;0;0;0;0;0;0;0;0;0;0;0;0;0;0;0;0;0
2010;664,00;10663;0;54;0;0;0;0;0;0;1843;0;0;0;9681;0;61904;0;0;0;15969;0;0;0;0
2010;918,00;31216;0;353;2189;0;6378;0;6316;0;13290;0;0;0;22453;0;213367;0;6556;0;64478;0;0;0;0
2010;92,00;0;0;0;0;0;0;0;0;0;0;0;0;0;0;0;0;0;0;0;0;0;0;0;0
2010;93,00;0;0;0;0;0;0;0;0;0;0;0;0;0;0;0;0;0;0;0;0;0;0;0;0
2010;95,00;0;0;0;0;0;0;0;0;0;0;0;0;0;0;0;0;0;0;0;0;0;0;0;0
2010;96,00;0;0;0;0;0;0;0;0;0;0;0;0;0;0;0;0;0;0;0;0;0;;;
2010;301,00;0;0;0;0;0;0;0;0;0;1307;0;0;0;0;0;15441;0;0;0;0;0;0;0;0
2010;492,00;0;0;0;0;0;0;0;0;0;4935;0;0;0;0;0;53823;0;0;0;5289;0;0;0;0
2010;811,00;0;0;0;0;0;0;0;0;0;0;0;0;0;0;0;236;0;0;0;0;0;;;
2010;812,00;0;0;0;0;0;0;0;0;0;0;0;0;0;0;0;0;0;0;0;0;0;0;0;0
2010;832,00;0;0;0;0;0;0;0;0;0;0;0;0;0;0;0;0;0;0;0;0;0;;;
2010;841,00;0;0;0;0;0;0;0;0;0;0;0;0;0;0;0;0;0;0;0;0;0;;;
2010;856,00;0;0;0;0;0;0;0;0;0;0;0;0;0;0;0;0;0;0;0;0;0;0;0;0
2010;859,00;0;0;0;0;0;0;0;0;0;0;0;0;0;0;0;0;0;0;0;0;0;;;
2010;861,00;0;0;0;0;0;0;0;0;0;0;0;0;0;0;0;0;0;0;0;0;0;0;0;0
2010;880,00;0;0;0;0;0;0;0;0;0;0;0;0;0;0;0;0;0;0;0;0;0;0;0;0
2010;883,00;0;0;0;0;0;0;0;0;0;0;0;0;0;0;0;0;0;0;0;0;0;0;0;0
2010;884,00;0;0;0;0;0;0;0;0;0;0;0;0;0;0;0;0;0;0;0;0;0;0;0;0
2010;877,00;0;0;0;0;0;0;0;0;0;0;0;0;0;0;0;0;0;0;0;0;0;;;
2010;911,00;0;0;0;0;0;0;0;0;0;0;0;0;0;0;0;0;0;0;0;0;0;0;0;0
2010;913,00;0;0;0;0;0;0;0;0;0;0;0;0;0;0;0;0;0;0;0;0;0;0;0;0
2010;922,00;1486;0;0;0;0;428;0;0;0;1349;0;0;0;6088;0;12472;0;0;0;2423;0;;;
2010;923,00;0;0;0;0;0;0;0;0;0;0;0;0;0;0;0;0;0;0;0;0;0;0;0;0
2010;924,00;0;0;0;0;0;0;0;0;0;0;0;0;0;0;0;0;0;0;0;0;0;;;
2010;947,00;0;0;0;0;0;0;0;0;0;0;0;0;0;0;0;0;0;0;0;0;0;;;
2010;951,00;0;0;0;0;0;0;0;0;0;0;0;0;0;0;0;0;0;0;0;0;0;0;0;0
2010;972,00;0;0;0;0;0;0;0;0;0;0;0;0;0;0;0;0;0;0;0;0;0;0;0;0
2010;973,00;380;0;0;0;0;385;0;0;0;606;0;0;0;10240;0;7054;0;0;0;3251;0;0;0;0
2010;974,00;0;0;0;0;0;0;0;0;0;0;0;0;0;0;0;0;0;0;0;0;0;0;0;0
2010;975,00;0;0;0;0;0;0;0;0;0;0;0;0;0;0;0;0;0;0;0;0;0;0;0;0
2010;960,00;0;0;0;0;0;0;0;0;0;0;0;0;0;0;0;0;0;0;0;0;0;0;0;0
2010;1027,00;0;0;0;0;0;0;0;0;0;0;0;0;0;0;0;0;0;0;0;0;0;0;0;0
2010;1028,00;0;0;0;0;0;0;0;0;0;0;0;0;0;0;0;0;0;0;0;0;0;0;0;0
2010;976,00;0;0;0;0;0;0;0;0;0;0;0;0;0;0;0;0;0;0;0;0;0;0;0;0
2010;977,00;0;0;0;0;0;0;0;0;0;0;0;0;0;0;0;0;0;0;0;0;0;0;0;0
2010;1020,00;0;0;0;0;0;0;0;0;0;0;0;0;0;0;0;0;0;0;0;0;0;;;
2010;994,00;0;0;0;0;0;0;0;0;0;5796;0;0;0;3525;0;60888;0;0;0;6920;0;0;0;0
2010;995,00;0;0;0;0;0;0;0;0;0;0;0;0;0;0;0;0;0;0;0;0;0;0;0;0
2010;1059,00;0;0;0;0;0;0;0;0;0;0;0;0;0;0;0;0;0;0;0;0;0;0;0;0
2010;1060,00;0;0;0;0;0;0;0;0;0;0;0;0;0;0;0;0;0;0;0;0;0;;;
2010;1005,00;0;0;0;0;0;0;0;0;0;0;0;0;0;0;0;0;0;0;0;0;0;0;0;0
2010;1061,00;0;0;0;0;0;0;0;0;0;0;0;0;0;0;0;0;0;0;0;0;0;;;
2010;1062,00;0;0;0;0;0;0;0;0;0;0;0;0;0;0;0;0;0;0;0;0;0;0;0;0
2010;1006,00;0;0;0;0;0;0;0;0;0;0;0;0;0;0;0;0;0;0;0;0;0;0;0;0
2010;1088,00;0;0;0;0;0;0;0;0;0;0;0;0;0;0;0;0;0;0;0;0;0;;;
2010;1076,00;0;0;0;0;0;0;0;0;0;0;0;0;0;0;0;0;0;0;0;0;0;0;0;0
2010;1078,00;0;0;0;0;0;0;0;0;0;0;0;0;0;0;0;0;0;0;0;0;0;;;
2010;1063,00;0;0;0;0;0;0;0;0;0;0;0;0;0;0;0;0;0;0;0;0;0;0;0;0
2010;1033,00;4494;0;7;0;0;0;0;0;0;83;0;0;0;7;0;9859;0;0;0;4557;0;0;0;0
2010;1034,00;0;0;0;0;0;0;0;0;0;0;0;0;0;0;0;0;0;0;0;0;0;;;
2010;1036,00;0;0;0;0;0;0;0;0;0;0;0;0;0;0;0;0;0;0;0;0;0;0;0;0
2010;1039,00;0;0;0;0;0;0;0;0;0;0;0;0;0;0;0;0;0;0;0;0;0;;;
2010;207,00;478;0;0;0;0;0;0;0;0;0;0;0;0;0;0;0;0;0;0;0;0;;;
2010;431,00;0;0;0;0;0;0;0;0;0;0;0;0;0;0;0;1502;0;0;0;0;0;0;0;0
2010;387,00;3549;0;7;0;0;0;0;0;0;1377;0;0;0;0;0;35910;0;0;0;3417;0;;;
2010;179,00;0;0;0;0;0;0;0;0;0;0;0;0;0;0;0;567;0;0;0;0;0;;;
2010;606,00;3721;0;10;0;0;0;0;0;0;2772;418;0;0;0;0;30861;3677;0;0;3414;0;;;
2010;925,00;15198;0;40;1676;0;0;0;5784;0;7547;0;0;0;0;0;99885;26933;0;0;12647;0;0;0;0
2010;541,00;1587;0;0;0;0;0;0;0;0;2352;0;0;0;0;0;27997;0;0;0;3265;0;0;0;0
2010;797,00;1830;0;0;0;0;0;0;0;0;1275;0;0;0;0;0;29603;0;0;0;4047;0;0;0;0
2010;627,00;8057;0;2;0;0;0;0;0;0;2360;0;0;0;2754;0;45761;17940;0;0;6656;0;0;0;0
2010;173,00;0;0;0;0;0;0;0;0;0;0;0;0;0;0;0;0;0;0;0;0;0;0;0;0
2010;636,00;13100;0;16;0;0;0;0;3458;0;9211;0;0;0;3688;0;98860;0;0;0;10683;0;0;0;0
2010;205,00;0;0;0;0;0;0;0;0;0;0;0;0;0;20;0;174;0;0;0;0;0;;;
2010;814,00;1253;0;0;0;0;0;0;0;0;0;0;0;0;0;0;1638;0;0;0;0;0;;;
2010;881,00;0;0;0;0;0;0;0;0;0;1200;0;0;0;0;0;25200;0;0;0;0;0;;;
2010;771,00;9422;0;12;226;0;0;2325;7577;0;3128;212;0;0;4747;0;119907;19632;0;0;11907;2443;0;0;0
2010;533,00;0;0;0;0;0;850;0;0;0;0;0;0;0;0;0;8400;0;0;0;0;0;;;
2010;447,00;29296;0;5;0;0;0;0;0;0;97;0;0;0;1095;0;22215;0;0;0;2287;0;;;
2010;815,00;203;0;0;14;0;301;0;0;0;0;0;0;0;0;0;1185;0;0;0;0;0;;;
2010;801,00;13528;1164;31;0;0;0;0;0;0;3603;0;0;0;0;0;134436;15731;0;0;13831;0;;;
2010;800,00;6634;0;0;0;0;0;0;0;0;503;0;0;0;0;0;15179;0;0;0;0;0;0;0;0
2010;389,00;2328;0;2;0;0;0;0;0;0;908;0;0;0;2320;0;76773;0;0;0;3077;0;;;
2010;759,00;976;0;0;0;0;963;0;0;0;631;0;0;0;0;0;20728;0;0;0;515;0;0;0;0
2010;695,00;10963;0;16;417;0;547;0;0;0;5793;0;0;0;4772;0;123188;43216;0;0;11727;0;;;
2010;816,00;1811;0;0;0;0;0;0;0;0;1422;0;0;0;0;0;62215;0;0;0;2752;0;;;
2010;833,00;2406;0;0;0;0;0;0;0;0;2883;0;0;0;0;0;70101;0;0;0;3598;0;;;
2010;870,00;2879;0;0;0;0;293;0;0;0;476;0;0;0;6688;0;16031;0;0;0;1883;0;;;
2010;927,00;715;0;0;0;0;0;0;0;0;359;0;0;0;4396;0;12815;0;0;0;0;0;;;
2010;961,00;10070;0;11;0;0;0;0;2923;0;1133;0;0;0;0;0;81849;31183;0;0;10110;0;0;0;0
2010;962,00;0;0;0;0;0;0;0;0;0;347;0;0;0;1264;0;4015;0;0;0;403;0;0;0;0
2010;1079,00;151;0;0;0;0;158;0;0;0;120;0;0;0;3029;0;3654;0;0;0;0;0;;;
2010;666,00;97114;0;64;3277;0;0;3166;0;0;2534;0;0;0;13099;0;98077;49287;0;0;16807;0;0;0;0
2010;392,00;0;0;0;0;0;0;0;0;0;0;0;0;0;0;0;2227;0;0;0;0;0;0;0;0
2010;790,00;3347;0;0;0;0;4755;0;3353;0;2920;0;0;0;5143;0;21604;0;431;0;6465;0;0;0;0
2010;650,00;5976;0;6;0;0;0;0;0;0;1303;0;0;0;0;0;57157;0;0;0;5432;0;;;
2010;876,00;12046;0;38;0;0;0;0;0;0;1755;0;0;0;7536;0;59887;0;0;0;8742;0;0;0;0
2010;944,00;0;0;0;0;0;0;0;0;0;0;0;0;0;1405;0;6069;0;0;0;234;0;;;
2010;952,00;5093;0;0;0;0;956;0;0;0;2062;0;0;0;4578;0;20902;0;0;0;2056;0;;;
2010;54,00;0;0;0;0;0;0;0;0;0;0;0;0;0;0;0;0;0;0;0;0;0;0;0;0
2010;538,00;12657;0;1;0;0;0;0;0;0;4262;0;0;0;5707;0;95585;4297;0;0;10681;0;0;0;0
2010;557,00;4481;0;0;0;0;0;0;0;0;1950;0;0;0;0;0;38868;0;0;0;3113;0;0;0;0
2010;653,00;6306;0;4;0;0;0;0;0;0;2653;0;0;0;5006;0;65158;18806;0;0;6536;167;0;0;0
2010;647,00;3193;0;2;0;0;0;0;0;0;2135;0;0;0;0;0;55959;0;0;0;4961;0;;;
2010;208,00;1554;0;0;0;0;1519;0;0;0;22726;0;0;0;6510;0;9778;0;0;0;1594;0;;;
2010;978,00;18705;0;48;1404;0;3217;0;8809;0;4651;0;3518;0;8517;0;179044;12463;0;0;18182;536;0;0;0
2010;996,00;0;0;0;0;0;0;0;0;0;944;0;0;0;4597;0;43468;0;0;0;3151;0;0;0;0
2010;729,00;23763;0;45;2029;0;5886;0;5870;0;21001;0;1390;0;15773;0;406622;61576;691;0;40318;0;;;
2010;182,00;5638;0;3;0;0;0;0;0;0;635;0;0;0;951;0;19919;0;0;0;4726;0;0;0;0
2010;633,00;0;0;0;0;0;0;0;0;0;104;0;0;0;345;0;45504;0;0;0;87;0;0;0;0
2010;685,00;4934;0;0;0;0;0;0;0;0;2068;0;0;0;0;0;109543;0;0;0;8097;0;0;0;0
2010;683,00;4175;0;0;0;0;0;0;0;0;3336;0;0;0;0;0;59302;0;0;0;3069;0;;;
2010;945,00;4228;0;0;0;0;0;0;0;0;1972;0;0;0;0;0;33666;0;0;0;3787;0;;;
2010;953,00;0;0;0;146;0;0;0;0;0;0;0;0;0;0;0;0;0;0;0;0;0;;;
2010;1022,00;1127;0;0;0;0;0;0;0;0;492;0;0;0;0;0;24788;0;0;0;1062;0;;;
2010;1049,00;916;0;0;0;0;0;0;0;0;207;0;0;0;0;0;13289;0;0;0;118;0;;;
2010;794,00;44565;0;100;611;0;0;0;0;0;9609;0;0;0;11532;0;182450;78694;0;0;38401;0;0;0;0
2010;415,00;276;0;0;0;0;0;0;0;0;1361;0;0;0;0;0;3287;0;10577;0;4629;0;0;0;0
2010;592,00;3629;0;0;120;0;3066;0;0;0;3053;0;0;0;3120;0;39321;0;0;0;1659;0;0;0;0
2010;781,00;22695;0;142;386;0;0;0;0;0;8094;0;0;0;0;0;127393;0;0;0;20008;0;0;0;0
2010;779,00;26238;0;38;352;0;3093;0;2710;0;24710;0;0;0;0;0;63634;0;0;0;8009;0;0;0;0
2010;113,00;0;0;0;0;0;0;0;0;0;0;0;0;0;0;0;0;0;0;0;0;0;0;0;0
2010;619,00;0;0;0;0;0;0;0;0;0;1111;0;0;0;2960;0;8513;0;0;0;1239;0;0;0;0
2010;163,00;120;0;0;0;0;0;0;0;0;0;0;0;0;4761;0;7205;0;0;0;1236;0;0;0;0
2010;131,00;0;0;0;0;0;0;0;0;0;0;0;0;0;0;0;0;0;0;0;0;0;0;0;0
2010;375,00;0;0;0;0;0;0;0;0;0;0;0;0;0;0;0;1979;0;0;0;0;0;0;0;0
2010;764,00;20918;0;28;577;0;2548;0;0;0;5423;0;0;0;5070;0;188377;0;0;0;22415;0;0;0;0
2010;14,00;0;0;0;0;0;0;0;0;0;0;0;0;0;0;0;0;0;0;0;0;0;0;0;0
2010;657,00;5730;0;3;0;0;0;0;0;0;1284;0;0;0;0;0;46190;0;0;0;4215;0;0;0;0
2010;362,00;2315;0;0;109;0;0;0;4980;0;158;0;0;0;7633;0;11431;0;0;0;1350;0;0;0;0
2010;989,00;0;0;0;0;0;0;0;0;0;919;0;0;0;0;0;35851;0;0;0;2245;0;0;0;0
2010;990,00;0;0;0;0;0;0;0;0;0;1217;0;0;0;0;0;41142;0;0;0;4639;0;;;
2010;680,00;22688;0;67;3985;0;0;0;0;0;4240;0;0;0;22649;0;153324;31241;0;0;22438;0;0;0;0
2010;411,00;3806;0;0;25;0;10242;0;0;0;2990;0;0;0;6107;0;38451;0;0;0;3858;0;;;
2010;241,00;2674;0;1;0;0;1012;0;501;0;256;0;0;0;5788;0;22839;0;0;0;4515;0;;;
2010;558,00;8762;0;7;0;0;0;0;0;0;3300;0;0;0;7675;0;71763;0;0;0;8406;0;0;0;0
2010;167,00;0;0;0;0;0;430;0;0;0;110;0;0;0;0;0;2725;0;0;0;137;0;;;
2010;224,00;0;0;0;0;0;455;0;0;0;1024;0;0;0;1455;0;9046;0;0;0;1640;0;0;0;0
2010;591,00;11067;0;10;0;0;0;0;0;0;5551;0;0;0;19158;0;93020;25526;0;0;13693;0;0;0;0
2010;586,00;12497;0;22;0;0;0;0;0;0;4710;0;0;0;7251;0;139657;0;0;0;15799;0;0;0;0
2010;453,00;0;0;0;0;0;0;0;0;0;0;0;0;0;0;0;33679;0;0;0;4860;0;0;0;0
2010;145,00;0;0;0;0;0;0;0;0;0;0;0;0;0;0;0;0;0;0;0;0;0;0;0;0
2010;511,00;10773;0;7;0;0;0;0;0;0;3416;0;0;0;0;0;104856;40591;0;0;10480;0;0;0;0
2010;530,00;12138;0;7;0;0;0;0;0;0;2156;0;0;0;0;0;66609;38310;0;0;10403;0;0;0;0
2010;6,00;694;0;0;0;0;0;0;3385;0;2525;0;0;0;5050;0;14965;0;0;0;3239;0;;;
2010;161,00;0;0;0;0;0;0;0;0;0;0;0;0;0;0;0;0;0;0;0;0;0;0;0;0
2010;623,00;15669;0;7;0;0;0;5162;8698;0;6374;0;0;0;0;0;109315;21797;0;0;17970;0;0;0;0
2010;489,00;1004;0;0;0;0;0;0;0;0;387;0;0;0;1450;0;22850;0;0;0;1848;0;;;
2010;349,00;416;0;0;0;0;207;0;0;0;383;0;0;0;0;0;1287;0;0;0;314;0;;;
2010;875,00;2719;0;1;1;0;1732;0;1650;0;2126;0;1212;0;4213;0;39385;0;424;0;5398;0;0;0;0
2010;908,00;168;0;0;0;0;77;0;0;0;0;0;256;0;1890;0;521;0;0;0;518;0;0;0;0
2010;940,00;0;0;0;0;0;0;0;0;0;0;0;0;0;0;0;0;0;0;0;0;0;;;
2010;946,00;1307;0;0;50;0;600;0;0;0;0;0;0;0;446;0;18472;0;35;0;2667;0;;;
2010;1023,00;11093;0;12;298;0;7704;0;0;0;4388;0;0;0;7575;0;94792;0;0;0;12602;0;0;0;0
2010;1054,00;7982;0;0;1122;0;3669;0;0;0;2046;0;0;0;6703;0;77722;0;0;0;8317;0;;;
2010;1057,00;0;0;0;0;0;0;0;0;0;0;0;0;0;0;0;1061;0;0;0;1055;0;;;
2010;1031,00;0;0;0;0;0;0;0;0;0;0;0;0;0;0;0;0;0;0;0;0;0;0;0;0
2010;1032,00;4861;0;1;42;0;1354;0;0;0;1715;0;0;0;3071;0;53107;0;0;0;4319;0;0;0;0
2010;226,00;2086;0;0;0;0;3036;0;270;0;1699;0;0;0;5924;0;6593;0;19;0;3243;0;;;
2010;687,00;10211;0;3;0;0;0;0;0;0;4865;0;0;0;8629;0;68906;0;0;0;6417;0;;;
2010;745,00;11252;0;15;2286;0;1592;0;1562;0;2917;0;0;0;5209;0;145007;36757;0;0;16052;0;0;0;0
2010;109,00;1890;0;0;0;0;1565;0;0;0;833;0;0;0;3663;0;30880;0;0;0;2295;0;;;
2010;808,00;13381;0;14;0;0;0;0;0;0;2535;0;0;0;5968;0;79616;0;0;0;10203;0;;;
2010;971,00;2427;0;0;0;0;0;0;0;0;368;0;0;0;0;0;26089;0;0;0;989;0;;;
2010;128,00;0;0;0;0;0;417;0;0;0;945;0;0;0;0;0;12624;0;0;0;0;0;;;
2010;919,00;9378;0;14;0;0;680;0;0;0;7403;0;0;0;2840;0;78305;35338;0;0;10667;0;0;0;0
2010;725,00;20379;0;3;278;0;3823;0;7018;0;7301;0;1664;0;12697;0;63575;0;6015;0;12850;0;0;0;0
2010;3,00;0;0;0;0;0;0;0;0;0;0;0;0;0;0;0;0;0;0;0;0;0;0;0;0
2010;386,00;0;0;0;0;0;0;0;0;0;0;0;0;0;0;0;270;0;0;0;0;0;;;
2010;306,00;0;0;0;0;0;0;0;0;0;0;0;0;0;0;0;0;0;0;0;0;0;0;0;0
2010;15,00;0;0;0;0;0;0;0;0;0;0;0;0;0;0;0;3538;0;0;0;0;0;0;0;0
2010;264,00;0;0;0;0;0;0;0;0;0;858;0;0;0;120;0;18052;0;0;0;3527;0;;;
2010;867,00;30;0;0;0;0;0;0;0;0;996;0;0;0;0;0;12082;0;0;0;0;0;;;
2010;910,00;7450;0;2;0;0;0;0;0;0;3012;0;0;0;2057;0;99634;0;0;0;8367;0;0;0;0
2010;1053,00;8650;0;3;0;0;0;0;0;0;8251;0;0;0;5336;0;66258;18545;0;0;10146;0;0;0;0
2010;1055,00;9860;0;6;0;0;0;0;0;0;0;0;0;0;0;0;0;0;0;0;0;0;0;0;0
2010;732,00;22280;0;140;1202;0;0;0;10180;0;3484;1637;0;0;6869;0;138331;34943;0;0;20348;0;0;0;0
2010;529,00;0;0;0;0;0;0;0;0;0;0;0;0;0;0;0;1441;0;0;0;0;0;0;0;0
2010;345,00;0;0;0;0;0;0;0;0;0;0;0;0;0;0;0;0;0;0;0;0;0;0;0;0
2010;515,00;0;0;0;0;0;0;0;0;0;0;0;0;0;2603;0;21997;0;0;0;0;0;;;
2010;174,00;0;0;0;0;0;0;0;0;0;0;0;0;0;0;0;972;0;0;0;0;0;;;
2010;523,00;0;0;0;0;0;0;0;0;0;0;0;0;0;0;0;15257;0;0;0;0;0;0;0;0
2010;697,00;0;0;0;75;0;4581;0;1185;0;5995;0;1198;0;12350;0;80786;0;314;0;9420;0;;;
2010;239,00;7191;0;0;0;0;1120;0;0;0;1978;0;0;0;5699;0;32496;0;0;0;8884;0;;;
2010;287,00;9162;0;4;13;0;3215;0;687;0;3591;0;0;0;10054;0;31024;0;234;0;6870;0;0;0;0
2010;377,00;0;0;0;0;0;0;0;0;0;0;0;0;0;0;0;1384;0;0;0;0;0;0;0;0
2010;692,00;6088;0;6;0;0;0;0;0;0;2856;0;0;0;0;0;75845;0;0;0;7356;0;0;0;0
2010;335,00;0;0;0;0;0;0;0;0;0;0;0;0;0;0;0;0;0;0;0;0;0;0;0;0
2010;435,00;1229;0;0;0;0;747;0;0;0;1344;0;0;0;6678;0;12908;0;0;0;2807;0;;;
2010;423,00;0;0;0;0;0;0;0;0;0;572;0;0;0;0;0;0;0;0;0;1715;0;;;
2010;351,00;0;0;0;0;0;0;0;0;0;799;0;0;0;0;0;8572;0;0;0;1433;0;;;
2010;810,00;0;0;0;0;0;0;0;0;0;895;0;0;0;0;0;8861;0;0;0;858;0;;;
2010;830,00;9199;0;27;0;0;0;0;0;0;2275;0;0;0;0;0;0;0;0;0;7575;0;0;0;0
2010;892,00;16525;0;123;0;0;0;0;0;0;4033;0;0;0;7383;0;109599;0;0;0;13912;0;0;0;0
2010;921,00;0;0;0;466;0;2282;0;1002;0;3959;0;0;0;10156;0;51047;0;141;0;7718;0;0;0;0
2010;991,00;0;0;0;0;0;0;0;0;0;124;0;0;0;0;0;5242;0;0;0;0;0;;;
2010;992,00;4851;0;24;0;0;0;0;0;0;1036;0;0;0;5159;0;58686;0;0;0;5349;0;;;
2010;993,00;4919;0;7;0;0;0;0;0;0;1217;0;0;0;2410;0;49615;22580;0;0;3998;0;0;0;0
2010;473,00;0;0;0;0;0;0;0;0;0;0;0;0;0;0;0;13854;0;0;0;0;0;;;
2010;663,00;17917;0;38;1944;0;2561;0;3806;0;17185;0;450;0;12640;0;111442;303;1412;0;18781;0;0;0;0
2010;552,00;0;0;0;1227;0;1721;0;0;0;8401;0;0;0;0;0;41471;0;0;0;6770;0;;;
2010;772,00;40012;0;351;3768;0;4906;0;7895;0;9242;0;2179;0;18810;0;191079;0;1982;0;32979;0;0;0;0
2010;568,00;0;0;0;0;0;0;0;0;0;0;0;0;0;555;0;19589;0;0;0;326;0;0;0;0
2010;398,00;178;0;0;0;0;0;0;0;0;0;0;0;0;6724;0;12144;0;0;0;4555;0;0;0;0
2010;394,00;0;0;0;0;0;0;0;0;0;0;0;0;0;473;0;15440;0;0;0;0;0;0;0;0
2010;614,00;0;0;0;0;0;0;0;0;0;0;0;0;0;0;0;0;0;0;0;0;0;0;0;0
2010;235,00;0;0;0;0;0;0;0;0;0;0;0;0;0;0;0;15080;0;0;0;0;0;0;0;0
2010;616,00;440;0;1;0;0;0;0;0;0;0;0;0;0;0;0;0;0;0;0;0;0;0;0;0
2010;267,00;0;0;0;0;0;0;0;0;0;0;0;0;0;0;0;0;0;0;0;0;0;;;
2010;565,00;0;0;0;0;0;0;0;0;0;1;0;0;0;0;0;2;0;0;0;1;0;0;0;0
2010;220,00;4322;0;0;56;0;0;0;0;0;485;0;0;0;0;0;15844;0;0;0;1655;0;0;0;0
2010;278,00;0;0;0;0;0;0;0;0;0;0;0;0;0;0;0;0;0;0;0;0;0;;;
2010;107,00;0;0;0;0;0;0;0;0;0;0;0;0;0;0;0;0;0;0;0;0;0;0;0;0
2010;141,00;0;0;0;0;0;0;0;0;0;0;0;0;0;0;0;415;0;0;0;0;0;0;0;0
2010;711,00;20928;0;95;540;0;2666;0;0;0;23600;0;559;0;9195;0;106129;0;6245;0;24107;0;;;
2010;569,00;0;0;0;0;0;1738;0;0;0;0;0;0;0;0;0;20005;0;0;0;0;0;;;
2010;204,00;0;0;0;0;0;0;0;0;0;239;0;0;0;0;0;1144;0;0;0;0;0;0;0;0
2010;579,00;621;0;0;0;0;0;0;0;0;0;0;0;0;0;0;43017;0;0;0;0;0;;;
2010;348,00;24;0;0;0;0;0;0;0;0;0;0;0;0;0;0;4122;0;0;0;0;0;0;0;0
2010;766,00;3626;0;0;215;0;0;0;497;0;0;0;0;0;104;0;26563;0;0;0;2645;0;;;
2010;761,00;0;0;0;0;0;0;0;0;0;0;0;0;0;0;0;0;0;0;0;0;0;0;0;0
2010;497,00;1911;0;0;35;0;0;0;0;0;1015;0;0;0;4347;0;25302;0;0;0;2495;0;;;
2010;308,00;0;0;0;0;0;0;0;0;0;0;0;0;0;0;0;0;0;0;0;0;0;0;0;0
2010;726,00;15549;0;27;0;0;4315;0;0;0;3447;0;0;0;4039;0;107724;22671;0;0;11794;0;;;
2010;272,00;2083;0;0;0;0;0;0;0;0;1285;0;0;0;4482;0;29116;0;0;0;3021;0;0;0;0
2010;805,00;0;0;0;1941;0;2874;0;4040;0;9456;0;1313;0;11863;0;178494;38588;1138;0;30354;0;;;
2010;5,00;624;0;0;0;0;387;0;0;0;2170;0;0;0;1667;0;8979;0;0;0;1466;0;;;
2010;234,00;6817;0;0;0;0;816;0;0;0;3467;0;0;0;4329;0;19897;0;0;0;1777;0;;;
2010;64,00;0;0;0;0;0;0;0;0;0;0;0;0;0;0;0;0;0;0;0;0;0;0;0;0
2010;842,00;0;0;0;0;0;0;0;0;0;1155;0;0;0;0;0;31705;0;0;0;4164;0;0;0;0
2010;843,00;2935;0;0;0;0;0;0;0;0;864;0;0;0;0;0;24100;0;0;0;3385;0;0;0;0
2010;1025,00;7319;0;0;121;0;5870;0;1276;0;6574;0;566;0;5504;0;89547;0;922;0;7581;0;;;
2010;803,00;9198;0;5;0;0;0;0;2794;0;4235;0;0;0;8843;0;96563;11940;0;0;20640;192;0;0;0
2010;211,00;0;0;0;0;0;0;0;0;0;0;0;0;0;0;0;0;0;0;0;0;0;;;
2010;773,00;13956;0;152;361;0;0;0;0;0;2119;0;0;0;0;0;64793;0;0;0;0;0;0;0;0
2010;424,00;0;0;0;0;0;0;0;0;0;0;0;0;0;0;0;183391;0;0;0;0;0;;;
2010;298,00;13341;0;0;183;0;6104;0;6127;0;4101;0;0;0;18463;0;35429;0;0;0;7073;0;;;
2010;594,00;0;0;0;81;0;0;0;0;0;951;0;0;0;1476;0;7889;0;0;0;1130;0;;;
2010;237,00;265;0;0;0;0;0;0;0;0;0;0;0;0;0;0;17558;0;0;0;0;0;0;0;0
2010;16,00;0;0;0;0;0;0;0;0;0;0;0;0;0;0;0;0;0;0;0;0;0;0;0;0
2010;768,00;1006;0;0;0;0;0;0;0;0;1510;0;0;0;0;0;10697;0;0;0;0;0;0;0;0
2010;617,00;7104;0;26;0;0;0;0;0;0;6937;0;0;0;3150;0;60091;0;0;0;7749;0;0;0;0
2010;297,00;13620;0;0;0;0;768;0;0;0;2135;0;0;0;2615;0;14530;0;0;0;0;0;;;
2010;105,00;0;0;0;0;0;0;0;0;0;0;0;0;0;0;0;0;0;0;0;0;0;0;0;0
2010;544,00;2839;0;0;0;0;0;0;0;0;3489;0;0;0;0;0;27246;0;0;0;0;0;0;0;0
2010;804,00;8169;0;11;0;0;0;0;0;0;5813;0;0;0;1313;0;27787;0;0;0;5235;0;0;0;0
2010;470,00;563;0;0;0;0;0;0;0;0;893;0;0;0;656;0;11947;0;0;0;1233;0;0;0;0
2010;104,00;0;0;0;0;0;0;0;0;0;0;0;0;0;0;0;0;0;0;0;0;0;;;
2010;20,00;0;0;0;0;0;0;0;0;0;0;0;0;0;0;0;0;0;0;0;0;0;0;0;0
2010;550,00;0;0;0;0;0;0;0;0;0;5656;0;0;0;0;0;54959;0;0;0;0;0;0;0;0
2010;112,00;0;0;0;0;0;0;0;0;0;0;0;0;0;0;0;0;0;0;0;0;0;0;0;0
2010;818,00;0;0;0;0;0;0;0;0;0;0;0;0;0;0;0;0;0;0;0;0;0;0;0;0
2010;914,00;0;0;0;0;0;0;0;0;0;0;0;0;0;0;0;0;0;0;0;0;0;0;0;0
2010;928,00;0;0;0;0;0;0;0;0;0;0;0;0;0;0;0;0;0;0;0;0;0;0;0;0
2010;964,00;4888;0;29;0;0;0;0;0;0;2180;0;0;0;3005;0;37184;0;0;0;3548;0;0;0;0
2010;1026,00;0;0;0;0;0;0;0;0;0;0;0;0;0;0;0;0;0;0;0;0;0;0;0;0
2010;738,00;15234;0;19;223;0;4563;0;2959;0;8571;0;0;0;1630;0;108063;40560;1711;0;16358;0;;;
2010;404,00;0;0;0;0;0;0;0;0;0;0;0;0;0;0;0;2586;0;0;0;0;0;0;0;0
2010;274,00;0;0;0;0;0;0;0;1009;0;816;0;0;0;8;0;43922;0;176;0;2133;0;;;
2010;270,00;2187;0;0;0;0;821;0;1028;0;1798;0;0;0;1691;0;36096;0;0;0;2022;0;;;
2010;676,00;2798;0;2;0;0;0;0;0;0;5068;0;0;0;0;0;85790;0;0;0;6345;0;0;0;0
2010;709,00;5157;0;3;0;0;0;0;0;0;1950;0;0;0;0;0;74731;0;0;0;6185;0;;;
2010;754,00;19553;0;52;1660;0;5559;0;4341;0;9655;0;5049;0;26613;0;369244;0;547;0;30130;0;;;
2010;997,00;3169;0;0;0;0;0;0;0;0;2506;0;0;0;0;0;34438;0;0;0;3448;0;0;0;0
2010;734,00;20438;0;8;1134;0;0;0;0;0;0;0;0;0;8384;0;129825;17717;0;0;13728;832;0;0;0
2010;299,00;686;0;0;0;0;1937;0;0;0;664;0;0;0;3141;0;9651;0;0;0;0;0;;;
2010;645,00;0;0;0;0;0;429;0;0;0;949;0;0;0;0;0;8912;0;0;0;0;0;;;
2010;17,00;0;0;0;0;0;0;0;0;0;0;0;0;0;0;0;0;0;0;0;0;0;;;
2010;1046,00;0;0;0;0;0;0;0;0;0;0;0;0;0;0;0;0;0;0;0;0;0;0;0;0
2010;420,00;0;0;0;0;0;0;0;0;0;0;0;0;0;977;0;12168;0;0;0;0;0;0;0;0
2010;802,00;0;0;0;0;0;0;0;0;0;0;0;0;0;0;0;2140;0;0;0;0;0;0;0;0
2010;266,00;4040;0;4;15;0;838;0;546;0;1938;0;0;0;8640;0;27003;0;0;0;4392;0;0;0;0
2010;580,00;1601;0;0;9;0;357;0;0;0;1130;0;0;0;1765;0;7747;0;0;0;1147;0;0;0;0
2010;137,00;1502;0;0;0;0;7106;0;0;0;1449;0;0;0;3515;0;10303;0;0;0;1220;0;0;0;0
2010;769,00;7285;0;1;0;0;163;0;5497;0;47904;0;1346;0;2656;0;6554;0;3611;0;6698;0;0;0;0
2010;776,00;3724;0;3;0;0;0;0;0;0;0;0;0;0;0;0;68780;0;0;0;4924;0;0;0;0
2010;640,00;2612;0;2;0;0;0;0;0;0;3487;0;0;0;0;0;41960;0;0;0;3248;0;0;0;0
2010;315,00;0;0;0;0;0;0;0;0;0;0;0;0;0;0;0;0;0;0;0;0;0;0;0;0
2010;40,00;0;0;0;0;0;0;0;0;0;0;0;0;0;0;0;0;0;0;0;0;0;0;0;0
2010;508,00;3358;0;0;0;0;0;0;0;0;255;0;0;0;5342;0;19967;0;0;0;4369;0;0;0;0
2010;46,00;0;0;0;0;0;0;0;0;0;0;0;0;0;0;0;0;0;0;0;0;0;0;0;0
2010;590,00;4937;0;2;0;0;0;0;0;0;0;0;0;0;0;0;52596;0;0;0;4867;0;0;0;0
2010;777,00;4787;0;9;0;0;0;0;0;0;0;0;0;0;0;0;29501;11004;0;0;3090;0;0;0;0
2010;897,00;20090;0;56;0;0;0;0;0;0;3192;0;0;0;0;0;165937;71525;0;0;29892;2033;0;0;0
2010;965,00;0;0;0;0;0;0;0;0;0;0;0;0;0;0;0;0;0;0;0;0;0;0;0;0
2010;671,00;5716;0;17;0;0;0;0;0;0;1496;0;0;0;1166;0;116208;0;0;0;6860;0;0;0;0
2010;461,00;2620;0;0;0;0;0;0;0;0;588;0;0;0;0;0;16770;0;0;0;0;0;;;
2010;376,00;0;0;0;0;0;128;0;0;0;0;0;0;0;0;0;11160;0;0;0;940;0;;;
2010;621,00;3786;0;5;0;0;0;0;0;0;4532;0;0;0;2766;0;56970;0;0;0;3036;0;;;
2010;793,00;15354;0;34;1246;0;0;1890;3442;0;2669;1699;0;0;10994;0;153326;88521;1963;0;18069;0;;;
2010;324,00;355;0;0;0;0;0;0;0;0;0;0;0;0;0;0;1254;0;0;0;0;0;0;0;0
2010;712,00;13705;0;10;0;0;0;0;0;0;2668;0;0;0;0;0;71719;3534;0;0;5257;0;0;0;0
2010;32,00;0;0;0;0;0;0;0;0;0;0;0;0;0;0;0;0;0;0;0;0;0;0;0;0
2010;361,00;0;0;0;0;0;0;0;0;0;9033;0;0;0;0;0;3481;0;0;0;459;0;0;0;0
2010;486,00;0;0;0;0;0;0;0;1438;0;530;0;0;0;0;0;4714;0;0;0;702;0;;;
2010;595,00;6621;0;8;0;0;0;0;0;0;3355;0;0;0;0;0;55113;8843;0;0;6609;0;0;0;0
2010;433,00;825;0;0;0;0;0;0;0;0;379;0;0;0;0;0;12492;0;0;0;0;0;;;
2010;1058,00;0;0;0;0;0;0;0;0;0;0;0;0;0;0;0;7297;0;0;0;0;0;;;
2010;261,00;1340;0;0;0;0;0;0;0;0;0;0;0;0;0;0;9622;0;0;0;0;0;;;
2010;730,00;9170;0;1;0;0;0;0;0;0;6277;0;0;0;0;0;75131;0;0;0;10226;0;0;0;0
2010;577,00;4552;0;1;0;0;0;0;0;0;2247;0;0;0;0;0;53184;0;0;0;4531;0;;;
2010;788,00;8822;0;15;1480;0;0;0;3608;0;4264;0;0;0;3324;0;201239;0;0;0;20124;0;;;
2010;865,00;3119;0;0;0;0;0;0;0;0;2030;0;0;0;0;0;40877;0;0;0;5446;0;0;0;0
2010;979,00;802;0;0;0;0;0;0;0;0;331;0;0;0;0;0;13810;0;0;0;1419;0;;;
2010;998,00;307;0;0;0;0;0;0;0;0;166;0;0;0;0;0;7187;0;0;0;0;0;;;
2010;221,00;0;0;0;0;0;269;0;0;0;192;0;0;0;1769;0;7306;0;0;0;799;0;;;
2010;462,00;46;0;15;0;0;0;0;0;0;63;0;0;0;0;0;6854;0;0;0;0;0;;;
2010;506,00;0;0;0;0;0;862;0;0;0;289;0;0;0;2759;0;30254;0;0;0;2801;0;;;
2010;727,00;8008;0;3;0;0;0;0;0;0;2513;0;0;0;3829;0;114629;0;0;0;14220;0;0;0;0
2010;355,00;0;0;0;0;0;0;0;0;0;0;0;0;0;1059;0;4827;0;0;0;0;0;0;0;0
2010;487,00;347;0;0;0;0;0;0;0;0;36;0;0;0;0;0;17454;0;0;0;2021;0;0;0;0
2010;938,00;19742;0;33;1585;0;2980;0;5698;0;4121;6638;0;0;10702;0;243516;77170;0;0;25268;0;;;
2010;886,00;445;0;0;0;0;11;0;0;0;319;0;0;0;4369;0;8032;0;0;0;1175;0;0;0;0
2010;835,00;1419;0;0;0;0;0;0;0;0;0;0;0;0;0;0;0;0;0;0;0;0;0;0;0
2010;999,00;0;0;0;0;0;0;0;0;0;0;0;0;0;0;0;40;0;0;0;0;0;0;0;0
2010;798,00;18561;0;104;144;0;0;0;0;0;3485;0;0;0;0;0;119369;0;0;0;14569;0;0;0;0
2010;504,00;0;0;0;0;0;0;0;0;0;53;0;0;0;0;0;23581;0;0;0;3827;0;0;0;0
2010;247,00;719;0;0;0;0;905;0;0;0;3212;0;0;0;0;0;31904;0;0;0;3489;0;0;0;0
2010;216,00;688;0;0;0;0;3651;0;0;0;1203;0;0;0;6262;0;13994;0;0;0;3406;0;0;0;0
2010;654,00;2598;0;0;0;0;0;0;0;0;3387;0;0;0;3816;0;12655;0;0;0;5175;0;0;0;0
2010;65,00;0;0;0;0;0;0;0;0;0;0;0;0;0;0;0;0;0;0;0;0;0;0;0;0
2010;472,00;777;0;0;0;0;0;0;0;0;1302;0;0;0;469;0;16134;0;0;0;1676;0;0;0;0
2010;427,00;0;0;0;0;0;0;0;0;0;0;0;0;0;0;0;4545;0;0;0;0;0;0;0;0
2010;491,00;654;0;0;0;0;0;0;0;0;1428;0;0;0;0;0;14317;0;0;0;1755;0;;;
2010;551,00;896;0;0;0;0;0;0;0;0;388;0;0;0;0;0;7598;0;0;0;529;0;;;
2010;106,00;0;0;0;0;0;0;0;0;0;0;0;0;0;0;0;0;0;0;0;0;0;0;0;0
2010;819,00;0;0;0;0;0;0;0;0;0;0;0;0;0;0;0;0;0;0;0;0;0;;;
2010;836,00;0;0;0;0;0;0;0;0;0;0;0;0;0;0;0;0;0;0;0;0;0;;;
2010;915,00;0;0;0;0;0;0;0;0;0;0;0;0;0;0;0;0;0;0;0;0;0;0;0;0
2010;942,00;0;0;0;0;0;0;0;0;0;0;0;0;0;0;0;0;0;0;0;0;0;0;0;0
2010;748,00;12627;2296;26;664;16;0;3057;1550;0;8434;0;926;0;9827;2856;109283;38392;718;0;17404;3624;;;
2010;198,00;0;0;0;0;0;0;0;0;0;0;0;0;0;0;0;0;0;0;0;0;0;;;
2010;871,00;3722;0;5;0;0;879;0;0;0;931;0;0;0;0;0;30956;0;0;0;2278;0;;;
2010;948,00;0;0;0;0;0;75;0;0;0;101;0;0;0;2327;0;22653;0;0;0;803;0;0;0;0
2010;1051,00;0;0;0;0;0;0;0;0;0;0;0;0;0;0;0;0;0;0;0;0;0;0;0;0
2010;1083,00;0;0;0;0;0;0;0;0;0;0;0;0;0;0;0;0;0;0;0;0;0;0;0;0
2010;679,00;16464;0;8;1386;0;0;0;0;0;4206;0;0;0;5226;0;155788;41833;0;0;17958;0;0;0;0
2010;176,00;0;0;0;0;0;0;0;0;0;738;0;0;0;5374;0;5890;0;0;0;4342;0;;;
2010;537,00;300;0;0;0;0;0;0;0;0;723;0;0;0;6922;0;8914;0;0;0;2302;0;;;
2010;39,00;0;0;0;0;0;0;0;0;0;0;0;0;0;0;0;0;0;0;0;0;0;0;0;0
2010;608,00;6162;0;2;0;0;0;0;0;0;1692;0;0;0;2565;0;63664;0;0;0;5013;0;;;
2010;596,00;4074;0;2;0;0;0;0;0;0;824;0;0;0;0;0;39468;0;0;0;3314;0;;;
2010;749,00;33311;0;25;1920;0;3593;0;10443;0;8895;0;0;0;9017;0;211598;79843;0;0;28926;0;;;
2010;758,00;30778;2294;210;887;0;16130;0;10543;0;7917;7169;2409;0;13274;0;223545;157905;0;0;42071;0;;;
2010;724,00;19398;30174;35;2072;0;5530;0;7680;0;4349;7908;2248;0;17637;0;122903;70361;405;0;53572;0;;;
2010;436,00;0;0;0;0;0;0;0;0;0;2166;3964;0;0;0;0;15215;53037;0;0;0;3500;;;
2010;567,00;8938;0;0;0;0;7607;0;0;0;6581;0;0;0;0;0;30004;0;0;0;2709;0;;;
2010;677,00;11809;0;15;539;0;2227;0;0;0;2755;0;0;0;9822;0;106169;33183;2504;0;18236;0;0;0;0
2010;670,00;3749;0;4;0;0;0;0;0;0;0;0;0;0;5308;0;39062;0;0;0;2240;0;;;
2010;588,00;6426;0;0;0;0;0;0;2950;0;1688;0;0;0;0;0;20639;0;0;0;5896;0;0;0;0
2010;446,00;4792;0;0;0;0;0;0;2504;0;0;0;0;0;0;0;9954;0;0;0;2231;0;0;0;0
2010;753,00;28652;0;64;2248;0;5876;0;7163;0;5599;0;1382;0;13196;0;241550;0;2028;0;38857;0;;;
2010;887,00;0;0;0;0;0;0;0;0;0;0;0;0;0;0;0;1081;0;0;0;0;0;;;
2010;388,00;0;0;0;0;0;0;0;0;0;0;0;0;0;0;0;2368;0;1582;0;0;0;0;0;0
2010;585,00;0;0;0;0;0;0;0;0;0;0;0;0;0;0;0;25131;0;0;0;0;0;;;
2010;245,00;0;0;0;0;0;0;0;0;0;0;0;0;0;18590;0;33127;0;0;0;9276;0;;;
2010;603,00;370;0;0;0;0;0;0;0;0;0;0;0;0;13668;0;72336;0;0;0;7264;0;;;
2010;426,00;0;0;0;0;0;0;0;0;0;4542;0;0;0;1061;0;6419;0;0;0;2032;0;;;
2010;232,00;4782;0;0;0;0;1400;0;0;0;5712;0;0;0;3879;0;23433;0;0;0;1151;0;;;
2010;288,00;2254;0;0;0;0;0;0;0;0;117;0;0;0;7760;0;21817;0;0;0;4725;0;;;
2010;246,00;5482;0;0;0;0;0;0;0;0;2490;0;0;0;1580;0;15548;0;0;0;918;0;;;
2010;284,00;0;0;0;0;0;0;0;0;0;5326;0;0;0;11107;0;40807;0;0;0;5430;0;;;
2010;18,00;0;0;0;0;0;0;0;0;0;0;0;0;0;0;0;0;0;0;0;0;0;0;0;0
2010;356,00;0;0;0;0;0;0;0;0;0;0;0;0;0;0;0;0;0;0;0;0;0;0;0;0
2010;401,00;0;0;0;0;0;0;0;0;0;0;0;0;0;0;0;0;0;0;0;0;0;0;0;0
2010;733,00;28006;0;64;1806;0;2161;4253;2738;0;6851;9772;0;0;15704;6821;118783;56969;0;0;21529;4094;;;
2010;243,00;0;0;0;0;0;0;0;0;0;479;0;0;0;8970;0;19710;0;0;0;2291;0;;;
2010;380,00;0;0;0;0;0;0;0;0;0;0;0;0;0;0;0;1299;0;0;0;0;0;0;0;0
2010;716,00;8651;0;0;0;0;88;0;0;0;143;0;0;0;8842;0;115737;0;0;0;4388;0;;;
2010;534,00;4036;0;0;153;0;1510;0;6238;0;1335;0;0;0;16114;0;25163;0;0;0;4987;0;;;
2010;185,00;0;0;0;0;0;504;0;0;0;262;0;0;0;1871;0;6782;0;0;0;3829;0;0;0;0
2010;258,00;2667;0;0;53;0;0;0;0;0;692;0;1194;0;3834;0;14603;0;0;0;3921;0;;;
2010;505,00;0;0;0;0;0;0;0;0;0;12237;0;0;0;6080;0;16712;0;0;0;4671;0;0;0;0
2010;268,00;8998;0;0;0;0;0;0;0;0;816;0;0;0;20227;0;26117;0;0;0;6753;0;;;
2010;602,00;4302;0;0;642;0;1639;0;2247;0;5247;0;560;0;10605;0;26966;0;0;0;5298;0;;;
2010;254,00;0;0;0;40;0;6816;0;10057;0;5122;0;720;0;24312;0;83420;0;0;0;7669;0;;;
2010;705,00;19102;0;0;862;0;0;0;0;0;2754;0;0;0;8995;0;57427;0;0;0;7953;0;0;0;0
2010;133,00;2058;0;0;0;0;0;0;0;0;6770;0;0;0;0;0;5200;0;0;0;0;0;;;
2010;33,00;0;0;0;0;0;0;0;0;0;0;0;0;0;0;0;0;0;0;0;0;0;0;0;0
2010;143,00;0;0;0;0;0;0;0;0;0;0;0;1;0;0;0;0;0;0;0;0;0;0;0;0
2010;36,00;0;0;0;0;0;0;0;0;0;0;0;0;0;0;0;0;0;0;0;0;0;;;
2010;756,00;4385;0;1;96;0;2466;0;1673;0;9466;0;0;0;4154;0;50671;0;521;0;7933;0;0;0;0
2010;662,00;34452;0;20;0;0;3661;0;0;0;4521;3284;0;0;6198;4490;143183;87814;0;0;17900;4327;;;
2010;192,00;0;0;0;0;0;0;0;0;0;0;0;0;0;0;0;6445;0;0;0;0;0;;;
2010;382,00;0;0;0;0;0;0;0;0;0;0;0;0;0;0;0;635;0;0;0;0;0;;;
2010;322,00;0;0;0;0;0;0;0;0;0;0;0;0;0;0;0;1346;0;0;0;0;0;;;
2010;478,00;0;0;0;0;0;0;0;0;0;0;0;0;0;5533;0;34105;0;0;0;1581;0;;;
2010;352,00;0;0;0;0;0;0;0;0;0;0;0;0;0;0;0;6053;0;0;0;0;0;;;
2010;628,00;16947;0;15;900;0;0;0;0;0;7038;0;0;0;4848;0;91772;49254;0;0;13745;0;;;
2010;291,00;0;0;0;0;0;0;0;0;0;0;0;0;0;0;0;0;0;0;0;0;0;;;
2010;495,00;0;0;0;0;0;0;0;0;0;0;0;0;0;4358;0;19029;0;0;0;2625;0;0;0;0
2010;845,00;13671;0;27;0;0;0;0;0;0;5838;0;0;0;3741;0;114267;42458;0;0;9900;0;0;0;0
2010;498,00;3153;0;1;0;0;0;0;0;0;2036;0;0;0;0;0;5341;7400;0;0;3649;0;;;
2010;314,00;0;0;0;0;0;0;0;0;0;0;0;0;0;0;0;2449;0;0;0;0;0;;;
2010;720,00;4045;0;0;0;0;0;0;0;0;718;0;0;0;10613;0;63284;0;0;0;5561;0;;;
2010;721,00;20014;0;58;1645;0;0;0;9355;0;2833;0;1492;0;10975;0;94187;50355;0;0;14793;0;;;
2010;485,00;17;0;3;0;0;0;0;0;0;0;0;0;0;0;0;0;0;0;0;0;0;;;
2010;273,00;5483;0;0;562;0;0;0;0;0;1751;0;0;0;9662;0;54656;0;0;0;12877;0;;;
2010;846,00;25697;0;54;307;0;1416;0;4201;0;5931;0;0;0;10185;0;147040;0;0;0;17089;0;;;
2010;847,00;0;0;0;0;0;0;0;3314;0;0;0;0;0;19315;0;41793;0;0;0;3740;0;;;
2010;848,00;12004;0;4;122;0;1927;0;0;0;6045;0;0;0;14909;0;72224;0;0;0;6671;0;;;
2010;864,00;0;0;0;0;0;0;0;0;0;0;0;0;0;0;0;0;0;0;0;0;0;;;
2010;916,00;3416;0;0;0;0;0;0;1140;0;1884;0;4150;0;15885;0;7177;0;0;0;5454;0;;;
2010;930,00;0;0;0;0;0;2268;0;0;0;2336;0;0;0;15857;0;45091;0;0;0;5265;0;;;
2010;954,00;16431;0;48;153;0;0;0;4750;0;4938;0;0;0;7706;0;88882;27775;0;0;13562;0;;;
2010;943,00;5955;0;0;0;0;0;0;0;0;4341;0;0;0;10794;0;61214;0;0;0;4016;0;;;
2010;949,00;48904;0;208;467;0;8873;0;10061;0;16460;4965;2745;0;13490;0;213648;52125;2620;0;37789;0;;;
2010;980,00;11080;0;1;498;0;2108;0;0;0;3691;0;0;0;14608;0;40453;0;3310;0;14675;0;0;0;0
2010;981,00;474;0;0;0;0;35;0;0;0;124;0;0;0;3331;0;5922;0;0;0;695;0;;;
2010;1024,00;17149;0;1;449;0;2097;0;2009;0;4015;0;1171;0;14839;0;39040;0;107;0;10652;0;;;
2010;1017,00;0;0;0;0;0;0;0;0;0;0;0;0;0;0;0;490;0;0;0;0;0;;;
2010;1000,00;12002;0;1;127;0;2002;0;2400;0;5570;0;1598;0;13188;0;43570;0;408;0;10289;0;;;
2010;1018,00;6323;0;5;0;0;1236;0;0;0;1640;0;0;0;6067;0;61106;0;0;0;6413;0;;;
2010;1001,00;9764;0;1;10;0;504;0;0;0;1484;0;0;0;2584;0;8941;0;0;0;973;0;;;
2010;1007,00;17645;0;28;0;0;3652;0;0;0;3521;0;0;0;10922;0;103900;17277;0;0;11543;0;;;
2010;1008,00;8184;0;4;0;0;1784;0;0;0;1569;0;0;0;8015;0;79897;0;0;0;7738;0;;;
2010;1009,00;17621;0;5;0;0;866;0;0;0;1866;0;0;0;8329;0;92003;0;0;0;10807;0;;;
2010;1010,00;10761;0;21;0;0;0;0;0;0;1769;0;0;0;7441;0;56071;0;0;0;6608;0;;;
2010;1011,00;8169;0;1;49;0;0;0;0;0;1347;0;0;0;4424;0;42820;0;0;0;4592;0;;;
2010;1012,00;11223;0;28;0;0;0;0;0;0;660;0;0;0;6876;0;58912;0;0;0;7715;0;;;
2010;1013,00;32076;0;107;3913;0;3306;0;4833;0;14236;0;1344;0;19933;0;224348;0;0;0;30739;0;0;0;0
2010;1041,00;0;0;0;0;0;0;0;0;0;0;0;0;0;0;0;0;0;0;0;0;0;;;
2010;789,00;0;0;0;0;0;0;0;0;0;0;0;0;0;0;0;0;0;0;0;0;0;0;0;0
2010;326,00;0;0;0;0;0;0;0;0;0;0;0;0;0;0;0;0;0;0;0;0;0;0;0;0
2010;442,00;0;0;0;0;0;1905;0;967;0;2243;0;0;0;4609;0;6014;0;0;0;2007;0;;;
2010;294,00;0;0;0;0;0;818;0;0;0;1602;0;0;0;6192;0;52178;0;0;0;11933;0;;;
2010;378,00;0;0;0;0;0;0;0;0;0;0;0;0;0;122;0;2280;0;0;0;167;0;;;
2010;402,00;4159;0;0;0;0;0;0;0;0;2554;0;0;0;1001;0;36352;0;0;0;341;0;0;0;0
2010;29,00;0;0;0;0;0;0;0;0;0;0;0;0;0;0;0;0;0;0;0;0;0;;;
2010;450,00;469;0;0;0;0;0;0;0;0;0;0;0;0;0;0;3572;0;0;0;0;0;0;0;0
2010;656,00;563;0;8;0;0;0;0;0;0;7753;0;0;0;0;0;80111;0;0;0;5702;0;0;0;0
2010;333,00;8023;0;0;0;0;0;0;0;0;831;0;0;0;3299;0;26139;0;0;0;5174;0;;;
2010;668,00;7475;0;0;0;0;0;0;0;0;1141;0;0;0;0;0;59971;0;0;0;4393;0;;;
2010;684,00;4316;0;0;0;0;0;0;0;0;5383;0;0;0;0;0;130685;0;0;0;7322;0;;;
2010;422,00;13;0;0;65;0;0;0;0;0;258;0;0;0;2814;0;15487;0;0;0;3654;0;;;
2010;763,00;18421;0;45;554;0;4949;0;0;0;10905;0;0;0;13020;0;253464;51914;0;0;41226;0;0;0;0
2010;741,00;22391;0;16;549;0;2594;0;7258;0;11207;0;0;0;6320;0;120717;73542;0;0;26711;0;;;
2010;553,00;18673;0;12;13;0;0;0;0;0;4698;0;0;0;6548;0;107160;11456;0;0;13117;0;;;
2010;357,00;3219;0;0;0;0;0;0;0;0;6947;0;0;0;0;0;12990;0;0;0;0;0;;;
2010;899,00;0;0;0;0;0;0;0;0;0;0;0;0;0;0;0;0;0;0;0;0;0;;;
2010;900,00;140;0;0;0;0;0;0;0;0;0;0;0;0;0;0;666;0;0;0;0;0;;;
2010;932,00;0;0;0;0;0;0;0;0;0;0;0;0;0;0;0;0;0;0;0;0;0;;;
2010;950,00;0;0;0;0;0;500;0;0;0;750;0;0;0;3000;0;6250;0;0;0;500;0;;;
2010;966,00;1225;0;0;11;0;385;0;0;0;1032;0;0;0;965;0;8194;0;0;0;621;0;;;
2010;967,00;0;0;0;0;0;0;0;0;0;0;0;0;0;0;0;0;0;0;0;0;0;0;0;0
2010;982,00;5016;0;0;984;0;223;0;276;0;1218;0;220;0;2509;0;6699;0;141;0;2441;0;;;
2010;1014,00;0;0;0;0;0;0;0;0;0;720;0;0;0;0;0;33769;0;0;0;2886;0;;;
2010;1048,00;0;0;0;0;0;0;0;0;0;0;0;0;0;0;0;0;0;0;0;0;0;0;0;0
2010;1080,00;1473;0;1;50;0;372;0;0;0;930;0;0;0;1375;0;8796;0;0;0;976;0;;;
2010;722,00;18423;0;175;734;0;0;0;4;0;4310;0;4006;0;3700;0;181566;38315;10973;0;18263;0;0;0;0
2010;660,00;15828;0;44;0;0;0;0;0;0;4489;0;0;0;3721;0;136294;0;0;0;19056;0;0;0;0
2010;75,00;0;0;0;0;0;0;0;0;0;0;0;0;0;0;0;0;0;0;0;0;0;;;
2010;249,00;618;0;0;329;0;125;0;0;0;0;0;0;0;0;0;28550;0;0;0;1253;0;;;
2010;275,00;0;0;0;0;0;0;0;0;0;0;0;0;0;0;0;3456;0;0;0;0;0;;;
2010;227,00;0;0;0;0;0;3723;0;0;0;3934;0;0;0;7879;0;72580;0;0;0;5421;0;0;0;0
2010;150,00;0;0;0;0;0;0;0;0;0;0;0;0;0;0;0;4500;0;0;0;0;0;;;
2010;47,00;0;0;0;0;0;0;0;0;0;0;0;0;0;0;0;0;0;0;0;0;0;0;0;0
2010;172,00;207;0;0;0;0;0;0;0;0;0;0;0;0;4262;0;11395;0;0;0;1057;0;;;
2010;581,00;2358;16;2;0;0;0;0;0;0;329;0;0;0;0;0;50463;0;0;0;8124;0;0;0;0
2010;120,00;563;0;0;0;0;0;0;0;0;0;0;0;0;0;0;3506;0;0;0;0;0;;;
2010;445,00;0;0;0;0;0;0;0;0;0;0;0;0;0;0;0;0;0;0;0;0;0;0;0;0
2010;471,00;0;0;0;0;0;0;0;0;0;0;0;0;0;0;0;15886;0;0;0;0;0;;;
2010;53,00;0;0;0;0;0;0;0;0;0;0;0;0;0;0;0;0;0;0;0;0;0;;;
2010;199,00;2611;0;0;0;0;0;0;0;0;42;0;0;0;0;0;5029;0;0;0;0;0;0;0;0
2010;575,00;0;0;0;0;0;0;0;0;0;0;0;0;0;0;0;53881;0;0;0;4154;0;;;
2010;528,00;3329;0;2;0;0;0;0;0;0;1206;0;0;0;0;0;34658;8212;0;0;2905;0;0;0;0
2010;631,00;7266;0;8;0;0;0;0;0;0;2388;0;0;0;0;0;107116;40698;0;0;6654;0;;;
2010;699,00;18458;0;3;0;0;0;0;0;0;5873;0;0;0;3034;0;70080;21065;0;0;12940;0;;;
2010;823,00;0;0;0;0;0;0;0;0;0;0;0;0;0;0;0;17037;0;0;0;0;0;;;
2010;849,00;2718;0;0;0;0;0;0;0;0;2910;0;0;0;0;0;24922;0;0;0;2667;0;;;
2010;869,00;750;0;0;0;0;936;0;0;0;917;0;0;0;0;0;87395;0;0;0;3134;0;;;
2010;955,00;0;0;0;0;0;0;0;0;0;0;0;0;0;0;0;0;0;0;0;0;0;;;
2010;983,00;0;0;0;0;0;0;0;0;0;0;0;0;0;0;0;0;0;0;0;0;0;;;
2010;1002,00;0;0;0;0;0;0;0;0;0;0;0;0;0;0;0;0;0;0;0;0;0;;;
2010;1015,00;17951;0;60;815;0;0;0;0;0;5188;0;0;0;4278;0;146521;0;0;0;10524;0;;;
2010;703,00;35179;0;76;0;0;0;0;0;0;5930;0;0;0;4515;0;82958;0;0;0;10507;0;0;0;0
2010;474,00;26285;0;91;1726;0;0;0;6465;0;3973;0;0;0;6278;0;74763;0;0;0;15888;0;0;0;0
2010;51,00;0;0;0;0;0;0;0;0;0;0;0;0;0;0;0;0;0;0;0;0;0;;;
2010;441,00;1333;0;0;0;0;0;0;0;0;0;0;0;0;0;0;4684;0;0;0;0;0;0;0;0
2010;327,00;0;0;0;0;0;0;0;0;0;0;0;0;0;0;0;0;0;0;0;0;0;0;0;0
2010;690,00;13501;0;22;1380;0;3474;0;2763;0;4957;0;3162;0;8900;0;62465;0;0;0;19049;0;0;0;0
2010;262,00;2035;0;0;0;0;345;0;0;0;936;0;0;0;6181;0;17065;0;0;0;2871;0;;;
2010;403,00;0;0;0;0;0;0;0;0;0;0;0;0;0;0;0;1356;0;0;0;0;0;0;0;0
2010;312,00;0;0;0;0;0;0;0;0;0;0;0;0;0;0;0;0;0;0;0;0;0;0;0;0
2010;507,00;0;0;0;0;0;0;0;0;0;0;0;0;0;0;0;44527;0;0;0;0;0;0;0;0
2010;589,00;0;0;0;0;0;0;0;0;0;195;0;0;0;0;0;44300;0;0;0;2998;0;0;0;0
2010;665,00;6808;0;8;0;0;0;0;0;0;894;0;0;0;0;0;66809;0;0;0;7331;0;0;0;0
2010;334,00;0;0;0;0;0;0;0;0;0;0;0;0;0;0;0;0;0;0;0;0;0;0;0;0
2010;751,00;78592;0;61;250;0;1026;0;4121;0;7778;0;0;0;6657;0;150880;22634;1399;0;20694;0;0;0;0
2010;186,00;691;0;0;0;0;263;0;0;0;1301;0;0;0;7039;0;7796;0;0;0;1690;0;0;0;0
2010;646,00;2550;0;0;0;0;0;0;0;0;1305;0;0;0;0;0;30235;0;0;0;2081;0;;;
2010;536,00;0;0;0;0;0;0;0;0;0;1198;0;0;0;0;0;23232;0;0;0;1892;0;0;0;0
2010;242,00;309;0;0;0;0;0;0;0;0;0;0;0;0;8780;0;7900;0;0;0;1550;0;;;
2010;490,00;0;0;0;0;0;0;0;0;0;13934;0;0;0;0;0;9745;0;0;0;0;0;;;
2010;500,00;3549;0;1;0;0;1337;0;850;0;2850;0;663;0;11015;0;30715;0;64;0;5420;0;;;
2010;658,00;5559;0;4;0;0;0;0;0;0;2442;0;0;0;3944;0;57499;0;0;0;6987;0;;;
2010;353,00;0;0;0;0;0;0;0;0;0;0;0;0;0;0;0;15719;0;0;0;0;0;0;0;0
2010;323,00;0;0;0;0;0;0;0;0;0;0;0;0;0;0;0;0;0;0;0;0;0;0;0;0
2010;620,00;3756;0;3;0;0;0;0;0;0;1626;0;0;0;0;0;40388;0;0;0;3386;0;0;0;0
2010;384,00;0;0;0;0;0;0;0;0;0;0;0;0;0;1642;0;12063;0;0;0;0;0;;;
2010;484,00;3602;0;1;0;0;0;0;0;0;20975;0;0;0;0;0;16882;0;0;0;725;0;0;0;0
2010;554,00;8631;0;0;0;0;2197;0;0;0;2909;0;0;0;7269;0;123765;0;0;0;13845;0;0;0;0
2010;209,00;636;0;0;0;0;0;0;0;0;1108;0;0;0;1909;0;36181;0;0;0;1539;0;0;0;0
2010;707,00;32501;0;49;2837;0;0;0;0;0;12553;0;0;0;20699;0;187693;35485;0;0;29643;2658;0;0;0
2010;395,00;17;0;0;0;0;0;0;0;0;0;0;0;0;0;0;8654;0;0;0;0;0;;;
2010;969,00;3391;0;0;0;0;1557;0;1760;0;989;0;0;0;4242;0;24558;0;0;0;1856;0;;;
2010;1052,00;0;0;0;0;0;0;0;0;0;0;0;0;0;0;0;0;0;0;0;0;0;0;0;0
2010;739,00;27799;0;88;6502;0;13849;0;5384;0;4285;0;0;0;36380;0;226157;68684;729;0;36373;0;0;0;0
2010;613,00;19735;0;62;1123;0;0;4771;2673;0;2833;0;16;0;5035;0;138212;32869;1617;0;19026;0;0;0;0
2010;593,00;17700;0;2;0;0;0;4533;0;0;5154;0;0;0;7443;0;75192;38413;0;0;11343;0;0;0;0
2010;704,00;32545;0;72;1097;0;0;0;4205;0;5735;0;0;0;19222;0;148085;26573;0;0;24574;0;0;0;0
2010;493,00;0;0;0;0;0;7362;0;0;0;0;0;0;0;0;0;8072;0;0;0;2569;0;;;
2010;686,00;12516;0;44;1177;0;7226;0;1271;0;4121;0;726;0;16064;0;196041;0;0;0;22130;0;0;0;0
2010;257,00;8015;0;0;850;0;2355;0;1161;0;5030;0;1089;0;9252;0;82697;0;0;0;4305;0;0;0;0
2010;494,00;0;0;0;0;0;0;0;0;0;68;0;0;0;0;0;15427;0;0;0;0;0;;;
2010;681,00;17780;0;3;6;0;3154;0;2152;0;9435;0;766;0;3126;0;11249;0;0;0;22498;0;;;
2010;286,00;1422;0;0;0;0;1033;0;0;0;2462;0;0;0;5676;0;57372;0;0;0;4110;0;;;
2010;255,00;1968;0;0;36;0;3457;0;0;0;3605;0;0;0;16685;0;91310;0;0;0;5936;0;;;
2010;79,00;0;0;0;0;0;0;0;0;0;0;0;0;0;0;0;0;0;0;0;0;0;0;0;0
2010;81,00;0;0;0;0;0;0;0;0;0;0;0;0;0;0;0;0;0;0;0;0;0;0;0;0
2010;688,00;10721;0;14;0;0;0;0;0;0;0;0;0;0;7536;0;87556;0;0;0;9130;0;0;0;0
2010;531,00;9938;0;27;0;0;0;4244;0;0;2662;0;0;0;7536;0;65085;33101;0;0;8918;0;0;0;0
2010;514,00;0;0;0;0;0;0;698;0;0;717;0;0;0;0;0;29958;0;0;0;1749;0;0;0;0
2010;499,00;165;0;0;0;0;0;0;0;0;0;0;0;0;9429;0;11864;0;0;0;3316;0;;;
2010;532,00;11018;0;11;0;0;2965;0;0;0;3186;0;0;0;7800;0;54272;18336;0;0;7211;0;0;0;0
2010;190,00;0;0;0;0;0;0;0;0;0;0;0;0;0;0;0;6695;0;0;0;0;0;;;
2010;598,00;2850;0;4;0;0;0;0;0;0;1611;0;0;0;0;0;40660;0;0;0;4184;0;;;
2010;260,00;14597;0;0;2;0;2549;0;364;0;9151;0;2739;0;15457;0;60566;0;82;0;7331;0;;;
2010;838,00;1536;0;0;0;0;0;0;0;0;1230;0;0;0;0;0;21323;0;0;0;1486;0;;;
2010;839,00;215;0;0;0;0;331;0;0;0;1061;0;0;0;0;0;12638;0;0;0;451;0;;;
2010;851,00;0;0;0;0;0;0;0;0;0;0;0;0;0;0;0;0;0;0;0;0;0;;;
2010;852,00;20252;0;10;2223;0;4046;0;3434;0;2868;0;0;0;14806;0;100720;67147;843;0;22465;0;0;0;0
2010;988,00;0;0;0;0;0;0;0;0;0;0;0;0;0;0;0;1662;0;0;0;0;0;;;
2010;1056,00;12291;0;8;0;0;6655;0;0;0;3906;0;0;0;10401;0;103315;30501;0;0;10753;0;0;0;0
2010;644,00;15254;0;30;1121;0;3253;0;0;0;3391;0;0;0;7140;0;115144;30831;0;0;12774;0;0;0;0
2010;752,00;14439;0;35;8;0;0;0;6076;0;3020;991;0;0;8755;0;115678;52873;153;0;17161;0;0;0;0
2010;238,00;0;0;0;0;0;0;0;0;0;0;0;0;0;0;0;0;0;0;0;0;0;;;
2010;325,00;0;0;0;0;0;0;0;0;0;0;0;0;0;0;0;0;0;0;0;0;0;0;0;0
2010;622,00;3843;0;2;0;0;0;0;0;0;545;0;0;0;0;0;37890;0;0;0;5006;0;0;0;0
2010;879,00;1538;0;0;0;0;0;0;0;0;0;0;58;0;0;0;4796;0;0;0;194;0;;;
2010;906,00;1301;0;0;0;0;0;0;0;0;0;0;271;0;738;0;22839;0;0;0;768;0;;;
2010;370,00;0;0;0;0;0;0;0;0;0;0;0;0;0;0;0;9049;0;0;0;0;0;0;0;0
2010;418,00;0;0;0;0;0;0;0;0;0;0;0;0;0;3315;0;16947;0;0;0;0;0;0;0;0
2010;574,00;0;0;0;0;0;0;0;0;0;0;0;0;0;1334;0;20064;0;0;0;0;0;0;0;0
2010;399,00;0;0;0;0;0;0;0;0;0;0;0;0;0;0;0;6665;0;0;0;0;0;0;0;0
2010;195,00;0;0;0;0;0;0;0;0;0;0;0;0;0;0;0;5723;0;0;0;0;0;0;0;0
2010;783,00;19712;0;47;3388;0;1057;0;2548;0;9890;0;0;0;5695;0;149693;127688;566;0;23102;0;0;0;0
2010;188,00;0;0;0;0;0;3198;0;0;0;2100;0;1557;0;7122;0;39464;0;0;0;13717;0;0;0;0
2010;263,00;0;0;0;0;0;0;0;0;0;0;0;0;0;0;0;29054;0;0;0;0;0;0;0;0
2010;194,00;5;0;0;0;0;0;0;0;0;3043;0;0;0;0;0;19856;0;0;0;0;0;0;0;0
2010;214,00;78;0;0;0;0;0;0;0;0;0;0;0;0;0;0;3658;0;0;0;0;0;0;0;0
2010;785,00;27931;0;91;3292;0;6346;0;7970;0;8544;15484;1088;0;10396;0;168986;0;1468;0;39201;0;0;0;0
2010;780,00;5658;0;3;0;0;0;0;0;0;1167;0;0;0;0;0;36005;45741;0;0;7281;0;0;0;0
2010;83,00;0;0;0;0;0;0;0;0;0;0;0;0;0;0;0;0;0;0;0;0;0;0;0;0
2010;782,00;13471;0;12;232;0;0;0;0;0;4187;0;0;0;0;0;91174;68943;0;0;12598;0;0;0;0
2010;369,00;0;0;0;0;0;0;0;0;0;0;0;0;0;0;0;5564;0;0;0;0;0;0;0;0
2010;84,00;0;0;0;0;0;0;0;0;0;0;0;0;0;0;0;0;0;0;0;0;0;0;0;0
2010;713,00;0;0;0;0;0;0;0;0;0;290;0;0;0;3182;0;38866;0;0;0;6133;0;0;0;0
2010;85,00;0;0;0;0;0;0;0;0;0;0;0;0;0;0;0;0;0;0;0;0;0;0;0;0
2010;86,00;0;0;0;0;0;0;0;0;0;0;0;0;0;0;0;0;0;0;0;0;0;0;0;0
2010;941,00;0;0;0;0;0;0;0;0;0;0;0;0;0;0;0;0;0;0;0;0;0;0;0;0
2010;1045,00;45;0;2;15;0;110;0;113;0;418;0;25;0;1398;0;1625;0;0;0;574;0;0;0;0
2010;937,00;14858;0;9;0;0;2350;0;0;0;4087;0;0;0;3605;0;103313;0;0;0;15294;0;0;0;0
2010;1004,00;0;0;0;0;0;0;0;0;0;0;0;0;0;0;0;0;0;0;0;0;0;;;
2010;737,00;17698;0;36;404;0;0;0;5919;0;5859;3442;0;0;4600;0;113490;36337;1000;0;15847;0;;;
2010;765,00;32515;0;93;414;0;5751;0;8796;0;8474;6671;0;0;13110;0;255730;92841;431;0;41486;0;;;
2010;329,00;6325;0;0;0;0;0;0;0;0;1389;2828;0;0;2337;0;33247;42393;0;0;5530;0;;;
2010;87,00;0;0;0;0;0;0;0;0;0;0;0;0;0;0;0;0;0;0;0;0;0;0;0;0
2010;527,00;3783;0;1;0;0;0;0;0;0;3409;0;0;0;0;0;17698;0;0;0;3688;0;0;0;0
2010;562,00;270;0;0;0;0;0;0;0;0;0;0;0;0;6133;0;64787;0;0;0;2083;0;;;
2010;251,00;0;0;0;0;0;1702;0;0;0;519;0;0;0;4310;0;19609;0;0;0;2579;0;;;
2010;129,00;0;0;0;0;0;0;0;0;0;0;0;0;0;0;0;0;0;0;0;0;0;0;0;0
2010;154,00;0;0;0;0;0;0;0;0;0;0;0;0;0;0;0;1885;0;0;0;0;0;0;0;0
2010;516,00;0;0;0;0;0;515;0;0;0;2081;0;841;0;8606;0;67693;0;0;0;3570;0;;;
2010;184,00;0;0;0;0;0;0;0;0;0;0;0;0;0;0;0;9135;0;0;0;0;0;;;
2010;652,00;1043;0;0;0;0;591;0;0;0;1053;0;0;0;0;0;20152;0;0;0;1742;0;0;0;0
2010;637,00;5743;0;6;0;0;0;0;0;0;1282;0;0;0;0;0;34971;0;0;0;3113;0;0;0;0
2010;88,00;0;0;0;0;0;0;0;0;0;0;0;0;0;0;0;0;0;0;0;0;0;0;0;0
2010;907,00;0;0;0;0;0;0;0;0;0;0;0;0;0;0;0;0;0;0;0;0;0;0;0;0
2010;970,00;0;0;0;0;0;0;0;0;0;0;0;0;0;0;0;0;0;0;0;0;0;;;
2010;1019,00;0;0;0;0;0;0;0;0;0;0;0;0;0;0;0;9466;0;0;0;0;0;;;
2010;1016,00;0;0;0;4;0;0;0;0;0;168;0;0;0;5711;0;12010;0;0;0;725;0;;;
2010;1047,00;2270;0;0;0;0;446;0;0;0;902;0;0;0;1638;0;51643;0;0;0;4214;0;0;0;0
2010;635,00;3162;0;1;0;0;0;0;0;0;353;0;0;0;0;0;35509;0;0;0;5280;0;0;0;0
2010;206,00;1064;0;0;0;0;1093;0;0;0;1131;0;0;0;2604;0;13616;0;0;0;1240;0;;;
2010;58,00;0;0;0;0;0;0;0;0;0;0;0;0;0;0;0;0;0;0;0;0;0;;;
2010;572,00;8411;0;17;0;0;0;0;0;0;3705;0;0;0;4834;0;103253;0;0;0;8180;0;0;0;0
2010;180,00;0;0;0;0;0;0;0;0;0;7679;0;0;0;0;0;1983;0;0;0;0;0;;;
2010;549,00;2095;0;4;0;0;0;0;0;0;1601;0;0;0;0;0;23584;0;0;0;2173;0;;;
2010;582,00;2736;0;3;0;0;0;0;0;0;3570;0;0;0;0;0;36507;0;0;0;2698;0;0;0;0
2010;743,00;12255;0;65;40;0;0;0;0;0;6075;0;0;0;7152;0;182227;0;0;0;15214;0;0;0;0
2010;795,00;4790;0;0;0;0;0;0;0;0;15351;0;0;0;0;0;5852;0;0;0;0;0;;;
2010;269,00;25;0;0;0;0;0;0;0;0;0;0;0;0;2398;0;23956;0;0;0;0;0;0;0;0
2010;634,00;6850;0;6;0;0;0;0;0;0;3210;0;0;0;7693;0;42873;0;0;0;5160;0;;;
2010;1,00;0;0;0;0;0;0;0;0;0;0;0;0;0;0;0;0;0;0;0;0;0;0;0;0
2010;717,00;4538;0;10;0;0;0;0;0;0;1568;0;0;0;4467;0;53889;0;0;0;7384;0;0;0;0
2010;373,00;0;0;0;0;0;0;0;0;0;4365;0;0;0;0;0;3216;0;0;0;0;0;;;
2010;535,00;6958;0;4;0;0;0;0;0;0;5036;0;0;0;4445;0;33441;14746;0;0;5426;0;;;
2010;824,00;25054;0;163;791;0;6878;0;0;0;13886;0;0;0;15873;0;244306;56191;0;0;41969;0;;;
2010;888,00;2740;0;6;66;0;0;0;0;0;3342;0;0;0;0;0;34546;0;0;0;3342;0;0;0;0
2010;902,00;0;0;0;0;0;0;0;0;0;0;0;0;0;0;0;48;0;0;0;0;0;;;
2010;968,00;0;0;0;0;0;0;0;0;0;0;0;0;0;0;0;0;0;0;0;0;0;0;0;0
2010;346,00;0;0;0;0;0;0;0;0;0;0;0;0;0;0;0;0;0;0;0;0;0;;;
2010;27,00;0;0;0;0;0;0;0;0;0;0;0;0;0;0;0;0;0;0;0;0;0;0;0;0
2010;165,00;840;0;0;0;0;0;0;0;0;550;0;0;0;0;0;5965;0;0;0;1152;0;;;
2010;956,00;11812;0;3;0;0;1586;0;0;0;4211;0;0;0;5677;0;128567;0;0;0;15535;0;;;
2010;413,00;0;0;0;0;0;0;0;0;0;0;0;0;0;0;0;0;0;0;0;0;0;0;0;0
2010;149,00;0;0;0;0;0;0;0;0;0;826;0;0;0;0;0;2029;0;0;0;0;0;0;0;0
2010;612,00;0;0;0;0;0;1615;0;0;0;4093;0;0;0;6666;0;26521;0;0;0;2167;0;;;
2010;559,00;654;0;0;0;0;0;0;0;0;956;0;0;0;2808;0;5888;0;0;0;878;0;;;
2010;7,00;0;0;0;0;0;0;0;0;0;1083;0;0;0;0;0;2043;0;0;0;612;0;;;
2010;283,00;1731;0;0;350;0;1420;0;984;0;4851;0;0;0;19623;0;48767;0;0;0;7631;0;0;0;0
2010;37,00;0;0;0;0;0;0;0;0;0;0;0;0;0;0;0;0;0;0;0;0;0;0;0;0
2010;153,00;2095;0;0;0;0;1441;0;0;0;3370;0;0;0;10040;0;44751;0;0;0;3920;0;;;
2010;547,00;7068;0;10;0;0;0;0;0;0;1372;0;0;0;0;0;34680;0;0;0;4840;0;0;0;0
2010;397,00;0;0;0;0;0;0;0;0;0;0;0;0;0;0;0;1135;0;0;0;0;0;0;0;0
2010;556,00;3129;0;24;0;0;0;0;0;0;1164;0;0;0;0;0;45163;0;0;0;2728;0;0;0;0
2010;42,00;0;0;0;0;0;0;0;0;0;0;0;0;0;0;0;0;0;0;0;0;0;0;0;0
2010;31,00;0;0;0;0;0;0;0;0;0;0;0;0;0;0;0;0;0;0;0;0;0;0;0;0
2010;740,00;16592;0;67;3723;0;1451;0;5119;0;6567;6877;0;0;459;0;111279;42509;0;0;26829;0;0;0;0
2010;217,00;928;0;0;0;0;0;0;0;0;0;0;0;0;2590;0;16713;0;0;0;1590;0;0;0;0
2010;863,00;357;0;0;0;0;0;0;0;0;904;0;0;0;2462;0;8768;0;0;0;800;0;0;0;0
2010;889,00;17978;0;34;2945;0;3381;0;7295;0;4601;0;964;0;5069;0;155964;98293;0;0;21837;0;0;0;0
2010;984,00;881;0;0;0;0;1;0;0;0;1420;0;0;0;3680;0;26142;0;0;0;1659;0;;;
2010;34,00;0;0;0;0;0;0;0;0;0;0;0;0;0;0;0;0;0;0;0;0;0;;;
2010;791,00;3965;0;0;148;0;1928;0;0;0;1338;0;0;0;9281;0;67452;0;0;0;9016;0;0;0;0
2010;181,00;0;0;0;0;0;0;0;0;0;0;0;0;0;0;0;366;0;0;0;0;0;0;0;0
2010;430,00;0;0;0;0;0;0;0;0;0;0;0;0;0;0;0;12458;0;0;0;0;0;;;
2010;715,00;12862;0;4;38;0;0;0;2366;0;5630;0;0;0;16655;0;127487;0;243;0;26168;0;0;0;0
2010;521,00;0;0;0;0;0;0;0;0;0;0;0;0;0;0;0;851;0;0;0;0;0;;;
2010;524,00;0;0;0;0;0;0;0;624;0;3512;0;0;0;5152;0;14115;0;0;0;2648;0;;;
2010;432,00;0;0;0;0;0;0;0;0;0;0;0;0;0;0;0;0;0;0;0;0;0;0;0;0
2010;19,00;136;0;0;0;0;0;0;0;0;0;0;0;0;0;0;0;0;0;0;0;0;;;
2010;25,00;0;0;0;0;0;0;0;0;0;0;0;0;0;0;0;0;0;0;0;0;0;0;0;0
2010;26,00;0;0;0;0;0;0;0;0;0;0;0;0;0;0;0;0;0;0;0;0;0;;;
2010;890,00;19665;0;26;718;0;0;0;0;0;3725;0;0;0;5623;0;102660;45483;0;0;18315;0;;;
2010;904,00;0;0;0;0;0;0;0;0;0;1978;0;0;0;1429;0;33569;0;0;0;5447;0;;;
2010;957,00;26075;0;35;253;0;0;0;0;0;13445;0;3006;0;25654;0;235162;48495;12216;0;37798;0;;;
2010;939,00;20933;0;35;265;0;9938;0;8524;0;5456;0;0;0;8133;0;191542;0;264;0;21269;0;0;0;0
2010;236,00;0;0;0;0;0;0;0;0;0;0;0;0;0;0;0;0;0;0;0;0;0;;;
2010;735,00;17361;0;18;3255;0;8889;0;5584;0;7841;1124;1070;0;7188;0;152711;85472;297;0;29588;0;0;0;0
2010;146,00;0;0;0;0;0;0;0;0;0;0;0;0;0;0;0;770;0;0;0;0;0;0;0;0
2010;363,00;0;0;0;0;0;0;0;0;0;0;0;0;0;0;0;10767;0;0;0;118;0;0;0;0
2010;187,00;702;0;0;0;0;0;0;0;0;856;0;0;0;1516;0;18442;0;0;0;1008;0;;;
2010;265,00;0;0;0;0;0;0;0;0;0;1791;0;0;0;1384;0;8601;0;0;0;966;0;;;
2010;295,00;993;0;0;0;0;655;0;0;0;860;0;0;0;5260;0;10082;0;0;0;1598;0;;;
2010;496,00;2631;0;0;339;0;0;0;0;0;1508;0;0;0;7889;0;6615;0;0;0;9407;0;0;0;0
2010;77,00;0;0;0;0;0;0;0;0;0;0;0;0;0;0;0;0;0;0;0;0;0;0;0;0
2010;391,00;287;0;0;0;0;0;0;0;0;0;0;0;0;0;0;2474;0;0;0;414;0;;;
2010;63,00;0;0;0;0;0;0;0;0;0;0;0;0;0;0;0;0;0;0;0;0;0;0;0;0
2010;240,00;1395;0;0;342;0;153;0;0;0;301;0;0;0;3722;0;35757;0;0;0;2129;0;;;
2010;448,00;0;0;0;0;0;0;0;0;0;839;0;0;0;0;0;5901;0;0;0;662;0;0;0;0
2010;151,00;0;0;0;0;0;0;0;0;0;0;0;0;0;0;0;0;0;0;0;0;0;;;
2010;425,00;0;0;0;0;0;0;0;0;0;354;0;0;0;0;0;5649;0;0;0;517;0;0;0;0
2010;300,00;311;0;0;0;0;0;0;0;0;778;0;0;0;0;0;6847;0;0;0;599;0;;;
2010;339,00;3060;0;0;527;0;621;0;720;0;1886;0;0;0;9108;0;21884;0;0;0;2428;0;;;
2010;826,00;0;0;0;0;0;0;0;0;0;0;0;0;0;0;0;0;0;0;0;0;0;0;0;0
2010;874,00;4082;0;3;0;0;0;0;0;0;771;0;0;0;0;0;37250;6136;0;0;3290;0;;;
2010;905,00;30188;0;131;2811;0;6059;0;5177;0;4520;3487;0;0;14677;0;156182;62452;821;0;38993;0;0;0;0
2010;736,00;30727;0;217;0;0;0;0;0;0;7386;0;1894;0;15024;0;191983;0;91;0;26955;0;0;0;0
2010;459,00;0;0;0;0;0;0;0;0;0;0;0;0;0;0;0;11746;0;0;0;0;0;;;
2010;320,00;0;0;0;0;0;0;0;0;0;0;0;0;0;0;0;3446;0;0;0;0;0;0;0;0
2010;45,00;0;0;0;0;0;0;0;0;0;0;0;0;0;0;0;0;0;0;0;0;0;0;0;0
2010;292,00;0;0;0;0;0;0;0;0;0;0;0;0;0;0;0;0;0;0;0;0;0;0;0;0
2010;618,00;3032;0;2;0;0;0;0;0;0;2292;0;0;0;0;0;53445;4283;0;0;3418;0;0;0;0
2010;463,00;7857;0;12;0;0;0;0;0;0;3947;0;0;0;4633;0;66117;29703;0;0;8698;0;;;
2010;891,00;3782;0;2;0;0;0;0;0;0;0;0;0;0;146;0;16924;0;0;0;687;0;;;
2010;958,00;14925;0;9;0;0;583;0;0;0;3708;0;0;0;4803;0;77184;0;0;0;16322;0;;;
2010;244,00;327;0;0;0;0;0;0;0;0;0;0;0;0;0;0;0;0;0;0;0;0;;;
2010;28,00;0;0;0;0;0;0;0;0;0;0;0;0;0;0;0;0;0;0;0;0;0;0;0;0
2010;444,00;4046;0;0;0;0;0;0;0;0;963;0;0;0;0;0;7895;0;0;0;354;0;0;0;0
2010;479,00;222;0;0;0;0;0;0;0;0;0;0;0;0;0;0;3444;0;0;0;0;0;;;
2010;285,00;3615;0;1;0;0;0;0;0;0;2377;0;0;0;6879;0;31476;0;0;0;9268;0;0;0;0
2010;253,00;0;0;0;12;0;2497;0;0;0;6073;0;0;0;11803;0;67774;0;0;0;6948;0;;;
2010;481,00;1417;0;6;83;0;856;0;0;0;1261;0;0;0;3773;0;26660;0;0;0;3131;0;;;
2010;540,00;7765;0;0;87;0;0;0;1690;0;4720;0;0;0;6787;0;36215;0;0;0;5496;0;;;
2010;332,00;0;0;0;0;0;0;0;0;0;0;0;0;0;0;0;0;0;0;0;0;0;;;
2010;41,00;0;0;0;0;0;0;0;0;0;0;0;0;0;0;0;0;0;0;0;0;0;;;
2010;510,00;3048;0;0;0;0;0;0;0;0;1012;0;0;0;2709;0;28207;0;0;0;1444;0;0;0;0
2010;305,00;0;0;0;0;0;0;0;0;0;680;0;0;0;0;0;10348;0;0;0;0;0;0;0;0
2010;708,00;4537;0;7;0;0;0;0;0;0;7782;0;0;0;0;0;75771;0;0;0;7479;0;0;0;0
2010;755,00;31467;0;194;2464;0;10548;0;13073;0;11952;2744;3845;0;17810;0;392332;118834;1880;0;60474;0;0;0;0
2010;750,00;20792;0;88;0;0;4297;0;6973;0;11494;65;0;0;9324;0;258615;64473;0;0;41908;0;0;0;0
2010;696,00;13714;0;24;233;0;0;0;0;0;13402;0;0;0;0;0;209715;72112;0;0;24532;0;0;0;0
2010;434,00;1995;0;1;0;0;0;0;0;0;2882;0;0;0;0;0;17442;0;0;0;1283;0;;;
2010;421,00;0;0;0;0;0;0;0;0;0;0;0;0;0;5115;0;23555;0;0;0;2030;0;;;
2010;827,00;0;0;0;0;0;0;0;0;0;0;0;0;0;0;0;0;0;0;0;0;0;0;0;0
2010;933,00;9136;0;0;0;0;0;0;0;0;5367;0;0;0;4195;0;98761;0;0;0;8498;0;;;
2010;1030,00;6056;0;2;150;0;728;0;0;0;1969;0;0;0;3799;0;20283;0;0;0;2118;0;;;
2010;1003,00;2449;0;0;0;0;0;0;0;0;3650;0;0;0;0;0;20666;0;0;0;1198;0;;;
2010;1050,00;33;0;0;21;0;0;0;0;0;204;0;0;0;0;0;13090;0;0;0;611;0;;;
2010;934,00;9691;0;12;0;0;2344;0;0;0;5560;0;0;0;1110;0;57041;0;0;0;7704;0;0;0;0
2010;629,00;12575;0;68;533;0;3410;0;5218;0;8027;0;0;0;9577;0;84614;0;0;0;15093;0;0;0;0
2010;21,00;0;0;0;0;0;0;0;0;0;0;0;0;0;0;0;0;0;0;0;0;0;0;0;0
2010;615,00;7255;0;15;0;0;1876;0;0;0;4699;0;0;0;7166;0;0;0;0;0;7214;0;;;
2010;626,00;1472;0;0;0;0;731;0;0;0;1163;0;0;0;0;0;8281;0;0;0;0;0;;;
2010;417,00;1625;0;0;0;0;0;0;0;0;0;0;0;0;0;0;10979;0;0;0;0;0;0;0;0
2010;597,00;0;0;0;0;0;0;0;0;0;3593;0;0;0;0;0;14207;0;0;0;1411;0;0;0;0
2010;539,00;12980;0;0;0;0;0;0;0;0;8116;0;0;0;0;0;14666;0;0;0;8593;0;0;0;0
2010;343,00;0;0;0;0;0;0;0;0;0;1475;0;0;0;0;0;16697;0;0;0;1313;0;0;0;0
2010;135,00;0;0;0;0;0;0;0;0;0;0;0;0;0;0;0;0;0;0;0;0;0;;;
2010;158,00;0;0;0;0;0;0;0;0;0;0;0;0;0;0;0;1064;0;0;0;0;0;0;0;0
2010;775,00;9286;0;41;0;0;1465;0;0;0;5324;0;0;0;4107;0;63022;0;0;0;9052;0;0;0;0
2010;177,00;0;0;0;0;0;0;0;0;0;0;0;0;0;0;0;1965;0;0;0;0;0;0;0;0
2010;578,00;1304;0;0;0;0;0;0;0;0;1828;0;0;0;0;0;11871;0;0;0;0;0;0;0;0
2010;416,00;282;0;0;0;0;410;0;0;0;885;0;0;0;2293;0;7963;0;0;0;0;0;;;
2010;561,00;5268;0;1;0;0;0;0;0;0;3029;0;0;0;0;0;45022;0;0;0;3612;0;0;0;0
2010;828,00;0;0;0;0;0;0;0;0;0;0;0;0;0;0;0;0;0;0;0;0;0;;;
2010;860,00;0;0;0;0;0;0;0;0;0;5674;0;0;0;0;0;26138;0;0;0;257;0;0;0;0
2010;935,00;0;0;0;0;0;0;0;0;0;0;0;0;0;0;0;0;0;0;0;0;0;0;0;0
2010;936,00;0;0;0;0;0;0;0;0;0;0;0;0;0;0;0;0;0;0;0;0;0;0;0;0
2010;986,00;0;0;0;0;0;0;0;0;0;0;0;0;0;0;0;0;0;0;0;0;0;0;0;0
2010;987,00;3658;0;2;0;0;0;0;0;0;5116;0;0;0;0;0;53754;0;0;0;6345;0;;;
2010;1021,00;0;0;0;0;0;0;0;0;0;0;0;0;0;0;0;0;0;0;0;0;0;0;0;0
