"año";"NCODI";"totHemodina_Paciente";"totPaciente_radioInterv";"totLitofrag_Paciente";"totLitofrag_Sesion";"totAceleLineal_Paciente";"totAceleLineal_Sesion";"totBomCobal_Paciente";"totBomCobal_Sesion";"totOtraRadio_Paciente";"totOtraRadio_Sesion";"totFisiot_Paciente";"totFisiot_Sesion";"totLogop_Paciente";"totLogop_Sesion";"totTerapOcupa_Paciente";"totTerapOcupa_Sesion";"totHemodial_Paciente";"totHemodial_Sesion";"totHemodialDom_Paciente";"totHemodialDom_Sesion";"totDialPerito_Paciente";"totDialPerito_Sesion"
2010;781,00;1369;153;0;0;0;0;0;0;0;0;0;40211;0;0;0;9294;101;8596;0;0;158;969
2010;779,00;0;0;0;0;0;0;0;0;0;0;5386;159293;0;0;0;0;52;7290;0;0;29;5870
2010;113,00;0;0;0;0;0;0;0;0;0;0;0;0;0;0;195;0;0;0;0;0;0;0
2010;619,00;0;0;0;0;0;0;0;0;0;0;0;0;0;0;0;0;0;0;0;0;0;0
2010;163,00;0;0;0;0;0;0;0;0;0;0;0;0;0;0;0;0;0;0;0;0;0;0
2010;131,00;0;0;0;0;0;0;0;0;0;0;55;352;0;0;43;320;0;0;0;0;0;0
2010;375,00;0;0;0;0;0;0;0;0;0;0;1040;13509;0;0;0;0;0;0;0;0;0;0
2010;764,00;1475;1986;279;327;789;19209;0;0;43;196;17723;134010;2884;7256;2369;27888;92;14141;0;0;42;14775
2010;14,00;0;0;0;0;0;0;0;0;0;0;0;0;0;0;0;0;0;0;0;0;0;0
2010;657,00;0;0;0;0;0;0;0;0;0;0;4584;36161;0;0;0;0;0;0;0;0;0;0
2010;362,00;390;109;0;0;0;0;0;0;0;0;1215;12890;0;0;0;0;0;0;0;0;0;0
2010;989,00;0;0;0;0;0;0;0;0;0;0;1562;20619;583;2197;267;2272;0;0;0;0;0;0
2010;990,00;0;0;0;0;0;0;0;0;0;0;1226;23560;104;1838;126;1970;0;0;0;0;0;0
2010;680,00;2554;1188;255;327;0;0;0;0;0;0;7153;237940;0;0;0;0;735;13273;0;0;36;4594
2010;411,00;7061;239;0;0;0;0;0;0;0;0;1202;13959;0;0;0;0;138;20674;0;0;0;0
2010;241,00;279;0;0;0;0;0;0;0;0;0;0;0;0;0;0;0;324;40536;0;0;0;0
2010;558,00;0;788;0;0;285;285;0;0;0;0;2259;203342;0;0;0;0;120;14255;11;2204;14;5111
2010;167,00;0;0;0;0;0;0;0;0;0;0;0;0;0;0;0;0;0;0;0;0;0;0
2010;224,00;0;0;0;0;0;0;0;0;0;0;0;0;0;0;0;0;0;0;0;0;0;0
2010;591,00;680;0;193;291;0;0;0;0;0;0;17498;447372;0;0;0;0;218;9613;0;0;0;0
2010;586,00;0;747;0;0;0;0;0;0;0;0;11456;355585;0;0;0;0;1016;11446;0;0;0;0
2010;453,00;0;0;0;0;0;0;0;0;0;0;1029;95965;0;0;0;0;0;0;0;0;0;0
2010;145,00;0;0;0;0;0;0;0;0;0;0;21;3690;0;0;0;0;0;0;0;0;0;0
2010;511,00;0;0;0;0;0;0;0;0;0;0;0;116084;0;0;0;0;377;4520;0;0;0;0
2010;530,00;0;0;0;0;0;0;0;0;0;0;6743;264354;0;0;0;0;0;0;0;0;0;0
2010;6,00;0;2;62;62;0;0;0;0;0;0;1394;12594;54;1052;0;0;0;0;0;0;0;0
2010;161,00;0;0;0;0;0;0;0;0;0;0;0;0;0;0;78;1498;0;0;0;0;0;0
2010;623,00;1847;1478;0;0;967;22090;0;0;0;0;13813;166120;0;0;2365;14778;0;0;0;0;0;0
2010;489,00;0;0;0;0;0;0;0;0;0;0;904;7232;0;0;0;0;0;0;0;0;0;0
2010;349,00;0;6;0;0;0;0;0;0;0;0;262;1781;0;0;0;0;0;0;0;0;0;0
2010;875,00;206;497;0;0;386;7112;0;0;0;0;1358;24015;0;0;0;0;0;0;0;0;0;0
2010;908,00;0;0;0;0;0;0;0;0;0;0;123;5225;39;624;42;675;0;0;0;0;0;0
2010;940,00;0;0;0;0;0;0;0;0;0;0;0;0;0;0;140;140;0;0;0;0;0;0
2010;946,00;173;0;0;0;0;0;0;0;0;0;150;450;0;0;0;0;0;0;0;0;0;0
2010;1023,00;1323;633;0;0;0;0;0;0;0;0;4729;87406;306;3236;0;0;40;7263;0;0;0;0
2010;1054,00;592;1122;0;0;0;0;0;0;0;0;5980;26400;0;0;0;0;77;8649;0;0;0;0
2010;1057,00;0;0;0;0;0;0;0;0;0;0;211;15224;39;688;0;0;0;0;0;0;0;0
2010;1031,00;0;0;0;0;0;0;0;0;0;0;6;736;6;256;6;932;0;0;0;0;0;0
2010;1032,00;155;37;31;37;0;0;0;0;0;0;2689;37810;248;2494;0;0;5;28;0;0;0;0
2010;226,00;68;30;345;345;0;0;0;0;0;0;0;0;0;0;0;0;15;2073;0;0;0;0
2010;687,00;0;0;0;0;0;0;0;0;0;0;2659;34104;0;0;0;0;0;0;0;0;0;0
2010;745,00;3235;2906;0;0;660;12281;340;4076;0;0;253;58973;0;0;40;1992;229;15993;0;0;0;0
2010;109,00;101;0;0;0;0;0;0;0;0;0;0;3799;0;3420;0;0;0;0;0;0;0;0
2010;808,00;0;500;0;0;0;0;0;0;0;0;45340;152174;0;0;0;0;59;9175;0;0;0;0
2010;971,00;0;0;0;0;0;0;0;0;0;0;536;9641;0;0;0;0;0;0;0;0;0;0
2010;128,00;0;0;0;0;0;0;0;0;0;0;0;15247;179;4938;0;0;0;0;0;0;0;0
2010;919,00;0;1696;0;0;0;0;0;0;0;0;56634;85662;0;0;3151;9011;66;7422;0;0;0;0
2010;725,00;2988;777;0;0;1123;23775;0;0;0;0;0;0;0;0;0;0;72;12500;0;0;28;10220
2010;3,00;0;0;0;0;0;0;0;0;0;0;40;11280;0;0;0;0;0;0;0;0;0;0
2010;386,00;0;0;0;0;0;0;0;0;0;0;57;2388;0;0;20;5200;0;0;0;0;0;0
2010;306,00;0;0;0;0;0;0;0;0;0;0;0;0;0;0;0;0;0;0;0;0;0;0
2010;15,00;0;0;0;0;0;0;0;0;0;0;0;0;0;0;0;0;0;0;0;0;0;0
2010;264,00;0;0;0;0;0;0;0;0;0;0;0;0;0;0;0;0;0;0;0;0;0;0
2010;867,00;0;0;0;0;0;0;0;0;0;0;12972;12972;216;216;0;0;0;0;0;0;0;0
2010;910,00;0;140;0;0;0;0;0;0;0;0;1074;55083;0;0;0;0;54;6952;0;0;0;0
2010;1053,00;0;793;0;0;0;0;0;0;0;0;23531;59775;0;0;0;0;0;0;0;0;0;0
2010;1055,00;0;0;0;0;0;0;0;0;0;0;3451;2668;0;0;0;0;0;0;0;0;0;0
2010;732,00;2817;2386;457;457;602;17273;230;2610;11;62;0;251845;0;1866;0;5017;63;9721;0;0;13;4464
2010;529,00;0;0;0;0;0;0;0;0;0;0;1181;23882;292;3824;448;8786;0;0;0;0;0;0
2010;345,00;0;0;0;0;0;0;0;0;0;0;25;1500;0;0;50;3500;0;0;0;0;0;0
2010;515,00;0;0;0;0;0;0;0;0;0;0;1716;48659;0;0;0;0;0;0;0;0;0;0
2010;174,00;0;948;0;0;0;0;0;0;0;0;858;16902;0;0;157;3681;0;0;0;0;0;0
2010;523,00;0;0;0;0;0;0;0;0;0;0;5376;144992;250;7772;355;10663;0;0;0;0;0;0
2010;697,00;317;370;202;202;0;0;0;0;0;0;1884;1884;0;0;77176;231528;0;0;0;0;0;0
2010;239,00;130;65;0;0;0;0;0;0;0;0;4803;99460;68;345;0;0;0;0;0;0;0;0
2010;287,00;101;0;192;202;431;10117;0;0;0;0;3302;94028;0;0;0;0;77;11949;0;0;0;0
2010;377,00;0;0;0;0;0;0;0;0;0;0;1201;17669;0;0;0;0;0;0;0;0;0;0
2010;692,00;0;17;0;0;0;0;0;0;0;0;3173;92565;177;2608;0;0;151;7684;0;0;22;5828
2010;335,00;0;0;0;0;0;0;0;0;0;0;274;15002;0;0;30;1440;0;0;0;0;0;0
2010;435,00;218;3;0;0;0;0;0;0;0;0;2779;22952;0;0;0;0;0;0;0;0;0;0
2010;423,00;0;9333;0;0;0;0;0;0;0;0;1595;15958;0;0;0;0;0;0;0;0;0;0
2010;351,00;0;0;0;0;0;0;0;0;0;0;1212;31703;0;0;0;0;0;0;0;0;0;0
2010;810,00;0;0;0;0;0;0;0;0;0;0;799;9966;0;0;0;0;0;0;0;0;0;0
2010;830,00;0;0;0;0;0;0;0;0;0;0;7814;106943;0;0;0;0;0;0;4;3868;0;0
2010;892,00;0;0;0;0;0;0;0;0;0;0;0;182877;75;89;0;4331;65;9350;0;0;5;1805
2010;921,00;466;109;115;129;0;0;0;0;0;0;1945;82232;90;1814;0;0;0;0;0;0;0;0
2010;991,00;0;0;0;0;0;0;0;0;0;0;0;0;0;0;0;0;3;189;0;0;0;0
2010;992,00;0;0;0;0;0;0;0;0;0;0;2030;60218;0;0;146;2745;56;4609;0;0;0;0
2010;993,00;0;1;0;0;0;0;0;0;0;0;64711;238580;1544;1544;1399;1399;0;0;1;240;0;0
2010;473,00;0;0;0;0;0;0;0;0;0;0;0;0;0;0;0;0;0;0;0;0;0;0
2010;663,00;956;952;0;0;0;0;0;0;0;0;2152;20000;0;0;0;0;292;11087;0;0;0;0
2010;552,00;0;0;0;0;1379;26784;0;0;61;1186;3864;42392;73;1446;334;6469;0;0;0;0;0;0
2010;772,00;4129;3493;0;0;1104;19328;0;0;0;0;2324;40421;0;0;0;0;578;18012;3;324;60;12212
2010;568,00;0;0;0;0;0;0;0;0;0;0;29240;81712;0;0;828;6157;0;0;0;0;0;0
2010;398,00;0;0;0;0;0;0;0;0;0;0;2483;17884;0;0;57;307;0;0;0;0;0;0
2010;394,00;0;0;0;0;0;0;0;0;0;0;370;14491;0;0;0;0;0;0;0;0;0;0
2010;614,00;0;252;0;0;0;0;0;0;0;0;552;13600;0;0;0;0;0;0;0;0;0;0
2010;235,00;0;0;0;0;0;0;0;0;0;0;359;6054;0;0;0;0;0;0;0;0;0;0
2010;616,00;0;0;0;0;0;0;0;0;0;0;1730;19486;0;0;0;0;0;0;0;0;0;0
2010;267,00;464;0;0;0;0;0;0;0;0;0;37;37;0;0;0;0;0;0;0;0;0;0
2010;565,00;0;0;0;0;0;0;0;0;0;0;3375;40500;0;0;0;0;0;0;0;0;0;0
2010;220,00;0;9;19;19;0;0;0;0;0;0;162;4442;0;0;0;0;0;0;0;0;0;0
2010;278,00;0;0;0;0;0;0;0;0;0;0;0;0;0;0;0;0;0;0;0;0;0;0
2010;107,00;0;0;0;0;0;0;0;0;0;0;0;0;0;0;0;0;0;0;0;0;0;0
2010;141,00;0;0;0;0;0;0;0;0;0;0;77;4774;0;0;92;4416;0;0;0;0;0;0
2010;711,00;1924;426;0;0;986;23273;0;0;152;786;3791;67187;399;3369;0;0;0;0;0;0;0;0
2010;569,00;0;0;0;0;0;0;0;0;0;0;2827;30426;0;0;0;0;0;0;0;0;0;0
2010;204,00;0;0;0;0;0;0;0;0;0;0;439;6245;0;0;220;798;0;0;0;0;0;0
2010;579,00;0;0;0;0;0;0;0;0;0;0;736;6038;0;0;0;0;0;0;0;0;0;0
2010;348,00;0;0;0;0;0;0;0;0;0;0;518;16768;0;0;0;0;0;0;0;0;0;0
2010;766,00;0;2335;1322;2195;0;0;0;0;15;15;0;0;0;0;0;0;564;18926;0;0;22;6775
2010;761,00;0;0;0;0;0;0;0;0;0;0;705;2725;0;0;515;1925;0;0;0;0;0;0
2010;728,00;0;0;0;0;0;0;0;0;0;0;1819;13246;0;0;0;0;0;0;0;0;0;0
2010;280,00;0;0;0;0;0;0;0;0;0;0;0;0;0;0;0;0;0;0;0;0;0;0
2010;222,00;0;0;0;0;0;0;0;0;0;0;0;0;0;0;0;0;0;0;0;0;0;0
2010;276,00;913;350;295;328;790;11126;0;0;0;0;1939;30651;0;0;0;0;0;0;0;0;0;0
2010;11,00;120;0;0;0;0;0;0;0;0;0;1151;36942;0;0;0;0;0;0;0;0;0;0
2010;302,00;0;0;0;0;0;0;0;0;0;0;576;8573;0;0;0;0;0;0;0;0;0;0
2010;682,00;0;0;0;0;1196;22993;0;0;0;0;702;41290;0;0;0;0;0;0;0;0;0;0
2010;279,00;0;0;0;0;125;2713;0;0;0;0;964;5474;0;0;0;0;0;0;0;0;0;0
2010;282,00;477;220;0;0;347;6746;0;0;0;0;260;6500;0;0;0;0;0;0;0;0;0;0
2010;281,00;435;563;0;0;0;0;0;0;0;0;0;0;0;0;0;0;0;0;0;0;0;0
2010;183,00;0;0;0;0;0;0;0;0;0;0;0;0;0;0;0;0;0;0;0;0;0;0
2010;610,00;0;0;0;0;0;0;0;0;0;0;0;0;0;0;0;0;0;0;0;0;0;0
2010;116,00;0;0;0;0;0;0;0;0;0;0;764;32690;147;3679;120;5500;0;0;0;0;0;0
2010;115,00;0;0;0;0;0;0;0;0;0;0;38;3537;0;0;129;5675;0;0;0;0;0;0
2010;114,00;0;0;0;0;0;0;0;0;0;0;84;3828;0;0;95;4996;0;0;0;0;0;0
2010;126,00;0;0;0;0;0;0;0;0;0;0;289;13037;0;0;166;457;0;0;0;0;0;0
2010;156,00;0;0;0;0;0;0;0;0;0;0;312;81862;0;0;0;0;0;0;0;0;0;0
2010;119,00;0;0;0;0;0;0;0;0;0;0;0;0;0;0;0;0;0;0;0;0;0;0
2010;770,00;2067;1338;207;254;0;0;0;0;0;0;1000;1847;395;2542;996;1500;362;8562;0;0;53;12420
2010;583,00;0;0;0;0;0;0;0;0;0;0;57;843;0;0;0;0;0;0;0;0;0;0
2010;136,00;0;0;0;0;0;0;0;0;0;0;1761;37203;66;1069;553;12212;0;0;0;0;0;0
2010;469,00;0;0;0;0;0;0;0;0;0;0;2808;11276;91;587;0;0;0;0;0;0;0;0
2010;642,00;0;0;0;0;0;0;0;0;0;0;2548;37572;0;0;0;0;0;0;0;0;0;0
2010;674,00;355;44;0;0;0;0;0;0;0;0;2656;21165;309;1720;134;1847;3;127;0;0;5;1339
2010;193,00;0;0;0;0;0;0;0;0;0;0;829;21114;0;0;0;0;0;0;0;0;0;0
2010;526,00;0;0;0;0;0;0;0;0;0;0;1552;18689;173;830;59;1499;0;0;0;0;0;0
2010;698,00;4396;11432;1067;1067;0;0;0;0;0;0;1354;26589;48;1023;225;3035;58;4556;0;0;0;0
2010;630,00;0;0;0;0;0;0;0;0;0;0;0;0;0;0;0;0;0;0;0;0;0;0
2010;124,00;0;0;0;0;0;0;0;0;0;0;0;0;448;11849;0;0;0;0;0;0;0;0
2010;364,00;0;0;0;0;0;0;0;0;0;0;2304;12418;0;0;0;0;0;0;0;0;0;0
2010;604,00;0;875;0;0;0;0;0;0;0;0;6739;96534;0;0;667;10133;203;24166;0;0;29;3394
2010;123,00;0;0;0;0;0;0;0;0;0;0;758;21472;0;0;0;0;0;0;0;0;0;0
2010;310,00;0;0;0;0;0;0;0;0;0;0;0;0;0;0;0;0;0;0;0;0;0;0
2010;571,00;0;0;0;0;0;0;0;0;0;0;1031;4183;0;0;0;0;0;0;0;0;0;0
2010;296,00;0;0;0;0;0;0;0;0;0;0;1382;30762;49;913;233;7727;0;0;0;0;0;0
2010;566,00;0;0;0;0;0;0;0;0;0;0;2022;35683;0;0;63;1104;994;10300;0;0;196;5807
2010;784,00;0;5839;0;0;0;0;0;0;0;0;7907;147784;579;988;148;13424;144;22546;0;0;36;10773
2010;102,00;0;0;0;0;0;0;0;0;0;0;542;24504;0;0;0;0;0;0;0;0;0;0
2010;379,00;0;0;0;0;0;0;0;0;0;0;0;0;0;0;600;48457;0;0;0;0;0;0
2010;639,00;0;0;0;0;0;0;0;0;0;0;4660;87335;0;0;0;0;0;0;0;0;0;0
2010;457,00;0;0;0;0;0;0;0;0;0;0;914;23201;0;0;0;0;0;0;0;0;0;0
2010;609,00;1161;624;0;0;916;26041;413;6197;0;0;4105;35059;0;0;0;0;10;83;0;0;0;0
2010;101,00;0;0;0;0;0;0;0;0;0;0;241;8452;0;0;181;5317;0;0;0;0;0;0
2010;454,00;0;432;0;0;0;0;0;0;0;0;834;8674;0;0;201;7387;0;0;0;0;0;0
2010;318,00;0;0;0;0;0;0;0;0;0;0;0;0;0;0;21;852;0;0;0;0;0;0
2010;600,00;0;0;0;0;0;0;0;0;0;0;643;643;0;0;0;0;0;0;0;0;0;0
2010;545,00;0;0;0;0;0;0;0;0;0;0;3943;82289;331;444;0;0;103;6826;0;0;13;2611
2010;100,00;0;0;0;0;0;0;0;0;0;0;0;0;0;0;0;0;0;0;0;0;0;0
2010;702,00;456;956;0;0;0;0;0;0;0;0;2654;20905;232;1165;188;3380;0;0;0;0;0;0
2010;778,00;0;0;0;0;0;0;0;0;0;0;2668;92613;0;0;0;0;178;14732;0;0;15;265
2010;341,00;0;5467;0;0;0;0;0;0;0;0;496;5377;0;0;46;46;0;0;0;0;0;0
2010;99,00;0;0;0;0;0;0;0;0;0;0;696;14227;0;0;266;4601;0;0;0;0;0;0
2010;767,00;0;445;0;0;0;0;0;0;0;0;702;1460;0;0;0;0;0;0;0;0;0;0
2010;359,00;0;0;0;0;0;0;0;0;0;0;734;13309;71;790;308;3426;242;19591;0;0;0;0
2010;98,00;0;0;0;0;0;0;0;0;0;0;419;15766;0;0;476;7263;0;0;0;0;0;0
2010;132,00;0;0;0;0;0;0;0;0;0;0;134;6553;0;0;249;7964;0;0;0;0;0;0
2010;97,00;0;0;0;0;0;0;0;0;0;0;334;9889;9;96;293;2414;0;0;0;0;0;0
2010;103,00;0;0;0;0;0;0;0;0;0;0;0;0;0;0;0;0;0;0;0;0;0;0
2010;110,00;0;0;0;0;0;0;0;0;0;0;0;0;0;0;195;6408;0;0;0;0;0;0
2010;94,00;0;0;0;0;0;0;0;0;0;0;75;1250;0;0;40;2250;0;0;0;0;0;0
2010;91,00;0;0;0;0;0;0;0;0;0;0;206;9282;0;0;137;3978;0;0;0;0;0;0
2010;664,00;0;0;0;0;0;0;0;0;0;0;3701;56836;100;138;906;1110;0;0;0;0;0;0
2010;918,00;3171;3723;0;0;1497;21203;1248;18720;249;2483;958;1537;809;3893;28073;92633;93;5316;0;0;30;6034
2010;92,00;0;0;0;0;0;0;0;0;0;0;103;7100;0;0;0;0;0;0;0;0;0;0
2010;93,00;0;0;0;0;0;0;0;0;0;0;0;0;0;0;0;0;0;0;0;0;0;0
2010;95,00;0;0;0;0;0;0;0;0;0;0;364;1687;0;0;0;0;0;0;0;0;0;0
2010;96,00;0;0;0;0;0;0;0;0;0;0;0;0;0;0;75;18750;0;0;0;0;0;0
2010;301,00;0;0;0;0;0;0;0;0;0;0;4645;37159;0;0;0;0;0;0;0;0;0;0
2010;492,00;0;0;0;0;0;0;0;0;0;0;1884;32065;0;0;0;0;0;0;0;0;0;0
2010;811,00;0;0;0;0;0;0;0;0;0;0;0;0;0;0;0;0;0;0;0;0;0;0
2010;812,00;0;0;0;0;2461;55835;0;0;0;0;476;3030;0;0;0;0;0;0;0;0;0;0
2010;832,00;0;0;0;0;0;0;0;0;0;0;14;3057;0;0;0;0;0;0;0;0;0;0
2010;841,00;0;0;0;0;0;0;0;0;0;0;60;470;20;150;25;200;0;0;0;0;0;0
2010;856,00;0;0;0;0;0;0;0;0;0;0;310;7100;127;1264;130;882;0;0;0;0;0;0
2010;859,00;0;0;0;0;0;0;0;0;0;0;0;0;0;0;0;0;0;0;0;0;0;0
2010;861,00;0;0;0;0;0;0;0;0;0;0;0;0;0;0;0;0;0;0;0;0;0;0
2010;880,00;0;0;0;0;0;0;0;0;0;0;535;622;80;95;271;320;0;0;0;0;0;0
2010;883,00;0;0;0;0;0;0;0;0;0;0;0;0;0;0;0;0;0;0;0;0;0;0
2010;884,00;0;0;0;0;0;0;0;0;0;0;327;14731;10;98;354;3879;0;0;0;0;0;0
2010;877,00;0;0;0;0;0;0;0;0;0;0;0;0;0;0;1;1;0;0;0;0;0;0
2010;911,00;0;0;0;0;0;0;0;0;0;0;0;0;0;0;0;0;0;0;0;0;0;0
2010;913,00;0;0;0;0;0;0;0;0;0;0;0;0;0;0;0;0;0;0;0;0;0;0
2010;922,00;0;0;0;0;0;0;0;0;0;0;0;0;0;0;0;0;0;0;0;0;0;0
2010;923,00;0;0;0;0;0;0;0;0;0;0;0;0;0;0;0;0;0;0;0;0;0;0
2010;924,00;0;0;0;0;1468;29360;0;0;0;0;0;0;0;0;0;0;0;0;0;0;0;0
2010;947,00;0;0;0;0;0;0;0;0;0;0;0;0;0;0;0;0;0;0;0;0;0;0
2010;951,00;0;0;0;0;0;0;0;0;0;0;1040;2431;0;0;936;1691;0;0;0;0;0;0
2010;972,00;0;0;0;0;0;0;0;0;0;0;190;40740;1;52;95;20400;0;0;0;0;0;0
2010;973,00;0;103;0;0;0;0;0;0;0;0;0;0;0;0;0;0;0;0;0;0;0;0
2010;974,00;0;0;0;0;0;0;0;0;0;0;210;8043;0;0;264;4739;96;7898;0;0;0;0
2010;975,00;0;0;0;0;0;0;0;0;0;0;148;9436;0;0;138;3353;0;0;0;0;0;0
2010;960,00;0;0;0;0;0;0;0;0;0;0;1509;31002;0;0;0;0;0;0;0;0;0;0
2010;1027,00;0;0;0;0;0;0;0;0;0;0;151;453;0;0;83;246;0;0;0;0;0;0
2010;1028,00;0;0;0;0;0;0;0;0;0;0;80;1920;0;0;0;0;0;0;0;0;0;0
2010;976,00;0;0;0;0;0;0;0;0;0;0;333;463;0;0;0;0;0;0;0;0;0;0
2010;977,00;0;0;0;0;0;0;0;0;0;0;642;27288;0;0;513;1552;0;0;0;0;0;0
2010;1020,00;0;0;0;0;0;0;0;0;0;0;0;0;0;0;0;0;0;0;0;0;0;0
2010;994,00;0;397;0;0;0;0;0;0;0;0;4282;38512;0;0;0;0;90;13149;0;0;2;922
2010;995,00;0;0;0;0;0;0;0;0;0;0;229;5724;45;405;94;607;0;0;0;0;0;0
2010;1059,00;0;0;0;0;0;0;0;0;0;0;145;34404;0;0;0;0;0;0;0;0;0;0
2010;1060,00;0;0;0;0;0;0;0;0;0;0;0;0;0;0;0;0;0;0;0;0;0;0
2010;1005,00;0;0;0;0;0;0;0;0;0;0;5;50;0;0;8;88;0;0;0;0;0;0
2010;1061,00;0;0;0;0;0;0;0;0;0;0;10;960;0;0;0;0;0;0;0;0;0;0
2010;1062,00;0;0;0;0;0;0;0;0;0;0;72;8477;0;0;0;0;0;0;0;0;0;0
2010;1006,00;0;0;0;0;0;0;0;0;0;0;0;0;0;0;0;0;0;0;0;0;0;0
2010;1088,00;0;0;0;0;0;0;0;0;0;0;0;0;0;0;0;0;0;0;0;0;0;0
2010;1076,00;0;0;0;0;0;0;0;0;0;0;0;0;0;0;0;0;0;0;0;0;0;0
2010;1078,00;0;0;0;0;0;0;0;0;0;0;26;2964;0;0;0;0;0;0;0;0;0;0
2010;1063,00;0;0;0;0;0;0;0;0;0;0;190;49852;0;0;0;0;0;0;0;0;0;0
2010;1033,00;0;0;0;0;0;0;0;0;0;0;0;0;0;0;0;0;0;0;0;0;0;0
2010;1034,00;0;0;0;0;0;0;0;0;0;0;0;0;0;0;0;0;0;0;0;0;0;0
2010;1036,00;0;0;0;0;0;0;0;0;0;0;68;1233;0;0;86;1925;0;0;0;0;0;0
2010;1039,00;0;0;0;0;0;0;0;0;0;0;0;0;0;0;0;0;0;0;0;0;0;0
2010;207,00;0;0;0;0;0;0;0;0;0;0;632;11574;0;0;0;0;0;0;0;0;0;0
2010;431,00;0;0;0;0;0;0;0;0;0;0;1802;23298;12;44;435;4905;0;0;0;0;0;0
2010;387,00;0;0;0;0;0;0;0;0;0;0;29980;54812;0;0;0;0;0;0;0;0;0;0
2010;179,00;0;0;0;0;0;0;0;0;0;0;52;6352;0;0;0;0;0;0;0;0;0;0
2010;606,00;0;0;0;0;0;0;0;0;0;0;24179;37199;0;0;0;0;13;1680;0;0;0;0
2010;925,00;950;1653;0;0;443;12827;225;3093;0;0;0;357111;0;0;0;17431;0;7810;0;568;0;3490
2010;541,00;0;0;0;0;0;0;0;0;0;0;1364;59077;0;0;0;0;0;0;0;0;0;0
2010;797,00;0;0;0;0;0;0;0;0;0;0;808;11953;0;0;0;0;0;0;0;0;0;0
2010;627,00;0;0;0;0;0;0;0;0;319;6207;2503;21665;0;0;0;0;0;0;0;0;0;0
2010;173,00;0;0;0;0;0;0;0;0;0;0;60;2400;0;0;320;4298;0;0;0;0;0;0
2010;636,00;720;0;0;0;0;0;0;0;0;0;5149;75222;376;1654;0;0;723;7458;0;0;510;14742
2010;205,00;0;1;0;0;0;0;0;0;0;0;0;0;0;0;0;0;0;0;0;0;0;0
2010;814,00;0;35;0;0;0;0;0;0;0;0;0;0;0;0;0;0;0;0;0;0;0;0
2010;881,00;0;0;0;0;0;0;0;0;0;0;0;0;0;0;0;0;0;0;0;0;0;0
2010;771,00;635;513;0;0;764;15225;0;0;0;0;5686;97319;745;3923;364;6857;78;8579;0;0;0;0
2010;533,00;0;0;0;0;0;0;0;0;0;0;619;14244;0;0;0;0;0;0;0;0;0;0
2010;447,00;0;0;0;0;0;0;0;0;0;0;2359;66623;0;0;0;0;0;0;0;0;0;0
2010;815,00;0;7;0;0;0;0;0;0;0;0;0;0;0;0;0;0;0;0;0;0;0;0
2010;801,00;1331;515;0;0;0;0;0;0;0;0;97183;97183;384;2056;376;598;423;11650;0;0;0;0
2010;800,00;0;0;0;0;0;0;0;0;0;0;1134;39702;0;0;0;0;0;0;0;0;0;0
2010;389,00;0;0;0;0;0;0;0;0;0;0;2414;44862;0;0;0;0;0;0;0;0;0;0
2010;759,00;0;0;0;0;0;0;0;0;0;0;8648;28788;0;0;0;0;0;0;0;0;0;0
2010;695,00;0;834;0;0;0;0;0;0;0;0;991;23028;178;1822;210;2396;1083;13548;1;156;0;0
2010;816,00;0;0;0;0;0;0;0;0;0;0;1969;42720;0;0;0;0;0;0;0;0;0;0
2010;833,00;0;0;0;0;0;0;0;0;0;0;4755;75989;0;0;0;0;0;0;0;0;0;0
2010;870,00;70;0;0;0;0;0;0;0;0;0;5328;65339;0;0;0;0;0;0;0;0;0;0
2010;927,00;0;0;0;0;0;0;0;0;0;0;4200;168000;0;0;0;0;0;0;0;0;0;0
2010;961,00;0;0;0;0;729;7621;0;0;0;0;6813;108054;0;0;0;0;0;0;0;0;0;0
2010;962,00;0;0;135;152;0;0;0;0;0;0;2874;33145;0;0;0;0;0;0;0;0;0;0
2010;1079,00;0;3;0;0;0;0;0;0;0;0;2400;68168;0;0;0;0;0;0;0;0;0;0
2010;666,00;1276;551;0;0;0;0;0;0;0;0;16943;613543;0;0;0;0;752;9532;3;889;44;9851
2010;392,00;0;0;0;0;0;0;0;0;0;0;2146;31875;307;2497;1843;2530;0;0;0;0;0;0
2010;790,00;0;0;474;474;21434;21434;0;0;0;0;4015;238563;130;4893;120;720;0;0;0;0;0;0
2010;650,00;0;0;0;0;0;0;0;0;0;0;1714;123772;0;0;0;0;0;0;0;0;0;0
2010;876,00;0;518;0;0;0;0;0;0;0;0;5875;93596;0;0;0;0;0;0;0;0;0;0
2010;944,00;0;0;0;0;0;0;0;0;0;0;0;0;0;0;0;0;0;0;0;0;0;0
2010;952,00;0;10;0;0;0;0;0;0;0;0;0;0;0;0;0;0;0;0;0;0;0;0
2010;54,00;0;0;0;0;0;0;0;0;0;0;0;0;0;0;0;0;0;0;0;0;0;0
2010;538,00;0;0;0;0;0;0;0;0;0;0;35470;404003;0;0;5687;20311;0;0;0;0;0;0
2010;557,00;0;0;0;0;0;0;0;0;0;0;3829;49298;0;0;496;5549;0;0;0;0;0;0
2010;653,00;0;579;0;0;0;0;0;0;0;0;0;37996;0;0;0;0;0;0;0;0;0;0
2010;647,00;0;0;0;0;0;0;0;0;0;0;3330;31342;0;0;0;0;0;0;0;0;0;0
2010;208,00;0;0;0;0;0;0;0;0;0;0;2564;51280;0;0;0;0;0;0;0;0;0;0
2010;978,00;1488;918;0;0;669;14462;0;0;0;0;4376;42520;0;0;211;1899;1196;13048;0;0;0;0
2010;996,00;0;0;0;0;0;0;0;0;0;0;558;12559;0;0;86;1690;0;0;0;0;0;0
2010;729,00;3180;1891;469;924;1251;31791;0;0;0;0;6369;71521;421;2547;312;4556;214;22472;1;70;0;63
2010;182,00;0;0;0;0;0;0;0;0;0;0;0;0;0;0;0;0;0;0;0;0;0;0
2010;633,00;0;5;0;0;0;0;0;0;0;0;661;28425;280;11314;0;0;0;0;0;0;0;0
2010;685,00;0;987;0;0;0;0;0;0;0;0;2198;24715;0;0;70;1701;0;0;0;0;0;0
2010;683,00;0;0;0;0;0;0;0;0;0;0;2294;23302;0;0;0;0;15;2255;0;0;0;0
2010;945,00;0;0;0;0;0;0;0;0;0;0;453;9322;0;0;0;0;0;0;0;0;0;0
2010;953,00;0;0;0;0;0;0;0;0;0;0;0;0;0;0;0;0;0;0;0;0;0;0
2010;1022,00;0;0;0;0;0;0;0;0;0;0;621;11223;0;0;0;0;0;0;0;0;0;0
2010;1049,00;0;0;0;0;0;0;0;0;0;0;655;12628;0;0;0;0;0;0;0;0;0;0
2010;794,00;3456;3056;395;602;0;0;0;0;0;0;3769;140965;569;12286;1430;60046;1386;11573;912;0;534;0
2010;415,00;0;0;0;0;1708;36000;1111;15606;290;476;0;0;0;0;0;0;0;0;0;0;0;0
2010;592,00;0;0;0;0;0;0;0;0;0;0;1823;44847;0;0;0;0;138;13953;0;0;0;0
2010;497,00;139;9420;0;0;0;0;0;0;0;0;1643;31913;0;0;0;0;104;17515;0;0;0;0
2010;308,00;0;0;0;0;0;0;0;0;0;0;0;0;0;0;0;0;0;0;0;0;0;0
2010;726,00;0;0;0;0;0;0;0;0;0;0;3007;197366;0;0;247;17239;0;0;0;0;0;0
2010;272,00;0;0;0;0;0;0;0;0;0;0;2053;77808;0;0;0;0;142;15990;0;0;0;0
2010;805,00;3665;0;37;37;944;26497;0;0;0;0;0;0;0;0;0;0;150;10454;96;1840;59;277
2010;5,00;0;0;0;0;0;0;0;0;0;0;0;0;0;0;0;0;0;0;0;0;0;0
2010;234,00;0;0;0;0;0;0;0;0;0;0;1118;20371;0;0;0;0;117;10120;0;0;0;0
2010;64,00;0;0;0;0;0;0;0;0;0;0;0;0;0;0;0;0;0;0;0;0;0;0
2010;842,00;0;0;0;0;0;0;0;0;0;0;0;7915;0;0;0;0;0;0;0;0;0;0
2010;843,00;0;0;0;0;0;0;0;0;0;0;706;18457;0;0;0;0;13;1141;0;0;0;0
2010;1025,00;442;202;0;0;0;0;0;0;0;0;0;0;0;0;0;0;0;0;0;0;0;0
2010;803,00;0;1141;0;0;0;0;0;0;0;0;1929;31184;0;0;202;2422;56;5754;0;0;27;5034
2010;211,00;0;0;0;0;0;0;0;0;0;0;1466;13644;0;0;0;0;0;0;0;0;0;0
2010;773,00;1707;0;0;0;0;0;0;0;0;0;0;0;0;0;0;0;99;5786;0;0;73;967
2010;424,00;0;0;0;0;0;0;0;0;0;0;0;0;0;0;0;0;0;0;0;0;0;0
2010;298,00;216;0;0;0;0;0;0;0;0;0;2197;65010;0;0;0;0;271;27278;0;0;0;0
2010;594,00;0;0;0;0;0;0;0;0;0;0;0;0;0;0;0;0;0;0;0;0;0;0
2010;237,00;0;0;0;0;0;0;0;0;0;0;1053;27719;33;1738;0;0;0;0;0;0;0;0
2010;16,00;0;0;0;0;0;0;0;0;0;0;0;0;0;0;0;0;0;0;0;0;0;0
2010;768,00;0;0;0;0;0;0;0;0;0;0;481;11298;0;0;0;0;0;0;0;0;0;0
2010;617,00;0;0;0;0;0;0;0;0;0;0;1536;31527;0;0;0;0;53;8184;0;0;8;2853
2010;297,00;0;0;0;0;0;0;0;0;0;0;263;20800;0;0;0;0;0;0;0;0;0;0
2010;105,00;0;0;0;0;0;0;0;0;0;0;0;0;0;0;0;0;0;0;0;0;0;0
2010;544,00;0;210;0;0;0;0;0;0;0;0;1844;30766;103;1622;0;0;0;0;0;0;0;0
2010;804,00;0;0;0;0;0;0;0;0;0;0;4898;83271;194;955;271;4608;131;7121;0;0;0;0
2010;470,00;0;0;0;0;0;0;0;0;0;0;702;702;52;52;0;0;0;0;0;0;0;0
2010;104,00;0;0;0;0;0;0;0;0;0;0;0;0;0;0;154;425;0;0;0;0;0;0
2010;20,00;0;0;0;0;0;0;0;0;0;0;85;4800;0;0;85;4800;0;0;0;0;0;0
2010;550,00;0;0;0;0;0;0;0;0;0;0;1791;29549;0;0;0;0;0;0;0;0;0;0
2010;112,00;0;0;0;0;0;0;0;0;0;0;0;0;0;0;0;0;0;0;0;0;0;0
2010;818,00;0;0;0;0;0;0;0;0;0;0;213;1344;0;0;0;0;0;0;0;0;0;0
2010;914,00;0;0;0;0;0;0;0;0;0;0;255;7637;0;0;34;532;0;0;0;0;0;0
2010;928,00;0;0;0;0;1140;25000;0;0;0;0;0;0;0;0;0;0;0;0;0;0;0;0
2010;964,00;0;0;0;0;0;0;0;0;156;1280;512;578;0;0;0;0;0;0;0;0;0;0
2010;1026,00;0;0;0;0;0;0;0;0;0;0;288;33804;16;16;71;2324;0;0;0;0;0;0
2010;738,00;0;458;832;1375;554;10564;0;0;0;0;3927;71319;1001;4190;0;0;308;10038;0;0;29;8049
2010;404,00;0;0;0;0;0;0;0;0;0;0;4042;44000;124;2941;0;925;0;0;0;0;0;0
2010;274,00;0;0;57;96;0;0;0;0;0;0;3920;78418;0;0;0;0;0;0;0;0;0;0
2010;270,00;0;0;0;0;150;4000;0;0;0;0;2362;19064;0;0;0;0;0;0;0;0;0;0
2010;676,00;0;0;0;0;0;0;0;0;0;0;1445;20758;0;0;273;1624;0;0;0;0;0;0
2010;709,00;0;1373;0;0;0;0;0;0;0;0;2535;36381;0;0;446;5240;0;0;0;0;0;0
2010;754,00;3025;1681;0;0;1884;19622;0;0;663;1108;152367;160091;6474;8678;3419;190105;1808;19135;0;0;328;9840
2010;997,00;0;87;0;0;0;0;0;0;0;0;893;12614;0;0;0;0;0;0;0;0;0;0
2010;734,00;848;938;0;0;0;0;0;0;0;0;9971;96672;860;5602;960;7118;814;10165;0;0;110;3924
2010;299,00;0;0;0;0;0;0;0;0;0;0;537;7812;0;0;0;0;0;0;0;0;0;0
2010;645,00;0;0;0;0;0;0;0;0;0;0;910;20816;0;0;0;0;0;0;0;0;0;0
2010;17,00;0;0;0;0;0;0;0;0;0;0;0;0;0;0;0;0;0;0;0;0;0;0
2010;1046,00;0;0;0;0;0;0;0;0;0;0;39;1195;0;0;0;0;0;0;0;0;0;0
2010;420,00;0;0;0;0;0;0;0;0;0;0;597;11940;0;0;0;0;0;0;0;0;0;0
2010;802,00;0;0;0;0;0;0;0;0;0;0;7316;172538;524;10757;122;2440;0;0;0;0;0;0
2010;266,00;2452;15;0;0;0;0;0;0;0;0;1101;37676;0;0;0;0;145;13537;0;0;0;0
2010;580,00;0;0;45;49;0;0;0;0;0;0;342;7399;0;0;0;0;0;0;0;0;0;0
2010;137,00;0;0;0;0;0;0;0;0;0;0;0;0;0;0;0;0;0;0;0;0;0;0
2010;769,00;0;0;0;0;1094;20102;0;0;305;1020;42;420;0;0;0;0;0;0;0;0;0;0
2010;776,00;0;0;0;0;0;0;0;0;0;0;41987;162908;0;0;0;0;0;0;0;0;0;0
2010;640,00;0;0;0;0;0;0;0;0;0;0;47736;207412;0;0;0;0;0;0;0;0;0;0
2010;315,00;0;0;0;0;0;0;0;0;0;0;251;14050;118;4594;93;4027;0;0;0;0;0;0
2010;40,00;0;0;0;0;0;0;0;0;0;0;0;0;0;0;218;227;0;0;0;0;0;0
2010;508,00;0;0;0;0;0;0;0;0;0;0;342;7399;0;0;0;0;0;0;0;0;0;0
2010;46,00;0;0;0;0;0;0;0;0;0;0;0;0;0;0;0;0;0;0;0;0;0;0
2010;590,00;0;0;0;0;0;0;0;0;0;0;2025;37009;0;0;0;0;526;6708;0;0;0;0
2010;777,00;0;0;0;0;0;0;0;0;0;0;1045;80942;0;0;0;0;0;0;0;0;0;0
2010;897,00;210;1641;0;0;0;0;0;0;0;0;186142;245727;280;0;456;0;0;18053;0;0;0;0
2010;965,00;0;0;0;0;0;0;0;0;0;0;0;0;0;0;71;1920;0;0;0;0;0;0
2010;671,00;0;0;0;0;0;0;0;0;0;0;2415;88970;0;0;217;5419;0;0;0;0;0;0
2010;461,00;36;0;0;0;0;0;0;0;0;0;797;18935;0;0;0;0;0;0;0;0;0;0
2010;376,00;0;0;0;0;0;0;0;0;0;0;0;0;0;0;0;0;0;0;0;0;0;0
2010;621,00;0;0;0;0;0;0;0;0;0;0;1363;13390;0;0;67;610;0;0;0;0;0;0
2010;793,00;1524;1246;0;0;473;10555;477;3788;0;0;1547;29816;304;4206;301;7937;156;13241;0;0;24;6065
2010;324,00;0;0;0;0;0;0;0;0;0;0;0;0;0;0;0;0;0;0;0;0;0;0
2010;712,00;0;977;0;0;0;0;0;0;0;0;8810;88394;0;0;422;3816;577;6737;0;0;83;2524
2010;32,00;0;0;0;0;0;0;0;0;0;0;0;0;0;0;121;2280;0;0;0;0;0;0
2010;361,00;0;0;0;0;0;0;0;0;0;0;0;0;0;0;0;0;0;0;0;0;0;0
2010;486,00;0;0;0;0;0;0;0;0;0;0;547;4335;0;0;0;0;0;0;0;0;0;0
2010;595,00;0;324;0;0;0;0;0;0;0;0;4622;126786;132;1437;0;0;80;8421;0;0;0;0
2010;433,00;0;0;0;0;0;0;0;0;0;0;0;8005;0;0;0;0;10;1443;0;0;0;0
2010;1058,00;0;0;0;0;0;0;0;0;0;0;0;7735;0;0;0;0;0;0;0;0;0;0
2010;261,00;0;122;0;0;0;0;0;0;0;0;0;0;0;0;0;0;0;0;0;0;0;0
2010;730,00;0;0;0;0;0;0;0;0;0;0;6537;63082;0;0;85;750;0;0;0;0;0;0
2010;577,00;0;0;0;0;0;0;0;0;0;0;2110;40055;0;0;0;0;0;0;0;0;0;0
2010;788,00;3162;0;0;0;510;12942;308;3665;0;0;5893;72146;0;0;0;0;195;10664;0;0;68;16534
2010;865,00;0;0;0;0;0;0;0;0;0;0;658;12269;0;0;0;0;0;0;0;0;0;0
2010;979,00;0;0;0;0;0;0;0;0;0;0;98;3873;0;0;0;0;0;0;0;0;0;0
2010;998,00;0;0;0;0;0;0;0;0;0;0;172;3652;0;0;0;0;0;0;0;0;0;0
2010;221,00;0;0;29;29;0;0;0;0;0;0;0;0;0;0;0;0;0;0;0;0;0;0
2010;462,00;0;87;0;0;0;0;0;0;0;0;0;0;0;0;0;0;0;0;0;0;0;0
2010;506,00;0;0;0;0;0;0;0;0;0;0;0;44653;0;0;0;0;0;0;0;0;0;0
2010;727,00;0;277;0;0;0;0;0;0;0;0;18013;169704;523;1337;355;3870;37;5717;7;91;0;0
2010;355,00;0;0;0;0;0;0;0;0;0;0;1185;16467;0;0;0;0;0;0;0;0;0;0
2010;487,00;0;0;0;0;0;0;0;0;0;0;5134;63021;80;2400;80;2400;0;0;0;0;0;0
2010;938,00;2977;2267;1155;1155;946;22122;0;0;0;0;9270;143336;2454;6782;332;2820;55;72969;0;0;26;8736
2010;886,00;0;0;0;0;0;0;0;0;0;0;973;39019;22;619;0;0;0;0;0;0;0;0
2010;835,00;0;0;0;0;0;0;0;0;0;0;785;14188;0;0;0;0;0;0;0;0;0;0
2010;999,00;0;0;0;0;0;0;0;0;0;0;25;1000;0;0;0;0;0;0;0;0;0;0
2010;798,00;1070;805;0;0;626;626;26;26;678;15641;471;10267;0;0;0;0;43;6056;0;0;31;12247
2010;504,00;0;0;0;0;0;0;0;0;0;0;9912;167231;767;7578;432;4720;0;0;0;0;0;0
2010;247,00;0;0;358;370;0;0;0;0;0;0;1706;24287;0;0;0;0;0;0;0;0;0;0
2010;216,00;0;0;0;0;0;0;0;0;0;0;0;0;0;0;0;0;0;0;0;0;0;0
2010;654,00;0;0;0;0;0;0;0;0;0;0;0;0;0;0;0;0;0;0;0;0;0;0
2010;65,00;0;0;0;0;0;0;0;0;0;0;0;0;0;0;0;0;0;0;0;0;0;0
2010;472,00;0;5;0;0;0;0;0;0;0;0;545;12788;44;224;0;0;0;0;0;0;0;0
2010;427,00;0;4545;0;0;0;0;0;0;0;0;0;0;0;0;27;2310;0;0;0;0;0;0
2010;491,00;0;0;0;0;0;0;0;0;0;0;1651;24525;50;527;333;1586;10;799;0;0;0;0
2010;551,00;0;55;0;0;0;0;0;0;0;0;724;11700;8;149;0;0;0;0;0;0;0;0
2010;106,00;0;0;0;0;0;0;0;0;0;0;129;9616;0;0;135;9714;0;0;0;0;0;0
2010;819,00;0;0;0;0;0;0;0;0;0;0;40;9200;0;0;0;0;0;0;0;0;0;0
2010;836,00;0;0;0;0;0;0;0;0;0;0;19;988;0;0;21;1800;0;0;0;0;0;0
2010;915,00;0;0;0;0;0;0;0;0;0;0;114;9299;20;1530;0;0;0;0;0;0;0;0
2010;942,00;0;0;0;0;0;0;0;0;0;0;0;0;0;0;0;0;0;0;0;0;0;0
2010;748,00;0;1734;114;114;716;13590;0;0;0;0;77886;148070;2045;6985;0;0;59;7414;26;7406;26;0
2010;198,00;0;0;0;0;0;0;0;0;0;0;631;18930;0;0;0;0;0;0;0;0;0;0
2010;871,00;0;0;0;0;0;0;0;0;0;0;1047;17673;94;1693;98;1635;36;5394;0;0;4;1005
2010;948,00;563;0;0;0;0;0;0;0;0;0;417;8315;0;0;0;0;0;0;0;0;0;0
2010;1051,00;0;0;0;0;0;0;0;0;0;0;0;0;0;0;0;0;0;0;0;0;0;0
2010;1083,00;0;0;0;0;0;0;0;0;0;0;0;0;0;0;0;0;0;0;0;0;0;0
2010;679,00;0;196;0;0;0;0;0;0;0;0;7813;126973;0;0;575;8499;608;5615;0;0;206;1739
2010;176,00;0;0;0;0;0;0;0;0;0;0;930;18276;0;0;0;0;0;0;0;0;0;0
2010;537,00;0;0;0;0;0;0;0;0;0;0;0;0;0;0;0;0;0;0;0;0;0;0
2010;39,00;0;0;0;0;0;0;0;0;0;0;0;0;0;0;0;0;0;0;0;0;0;0
2010;608,00;0;71;0;0;0;0;0;0;0;0;0;0;0;0;0;0;55;7028;0;0;0;0
2010;596,00;0;0;0;0;0;0;0;0;0;0;3613;53413;0;0;0;0;0;0;0;0;0;0
2010;749,00;2077;2658;752;752;19244;103313;1947;4296;964;1006;6994;132484;0;3475;0;6337;64;9981;0;0;44;15959
2010;758,00;2220;2177;366;834;1614;196889;0;0;63;367;8967;173368;536;14741;773;15402;646;9074;1;208;4;1059
2010;724,00;4138;3872;0;0;664;13599;0;0;0;0;0;119493;0;3616;0;8458;131;1993;0;0;362;10198
2010;436,00;0;0;0;0;0;0;0;0;0;0;5301;71638;0;0;299;4491;0;0;0;0;0;0
2010;567,00;0;546;0;0;0;0;0;0;0;0;4974;28565;0;0;89;1759;0;0;0;0;0;0
2010;677,00;1895;2307;0;0;1105;23251;0;0;0;0;3050;32137;0;0;0;0;68;10541;0;0;0;0
2010;670,00;0;98;0;0;0;0;0;0;0;0;3891;14684;1465;2756;147;208;0;0;0;0;0;0
2010;588,00;0;0;0;0;0;0;0;0;0;0;13954;162736;2100;2100;3847;3904;0;0;0;0;0;0
2010;446,00;0;0;0;0;0;0;0;0;0;0;1300;14377;0;0;0;0;0;0;0;0;0;0
2010;753,00;3335;3249;334;542;1943;36425;0;0;0;0;24186;229290;400;1322;2723;28103;85;13727;4;999;34;11339
2010;887,00;0;0;0;0;0;0;0;0;0;0;1567;23097;0;0;211;11394;0;0;0;0;0;0
2010;388,00;0;0;0;0;0;0;0;0;0;0;135;9452;0;0;0;0;0;0;0;0;0;0
2010;585,00;0;0;0;0;0;0;0;0;0;0;442;2006;0;0;0;0;0;0;0;0;0;0
2010;245,00;76;0;0;0;0;0;0;0;0;0;0;0;0;0;0;0;0;0;0;0;0;0
2010;603,00;188;0;0;0;0;0;0;0;0;0;595;31601;521;4206;2382;126407;0;0;0;0;0;0
2010;426,00;0;0;0;0;0;0;0;0;0;0;2175;26102;0;0;0;0;0;0;0;0;0;0
2010;232,00;0;0;0;0;0;0;0;0;0;0;419;3357;0;0;0;0;0;0;0;0;0;0
2010;288,00;0;0;8;18;0;0;0;0;0;0;3519;61125;52;3934;61;4129;0;0;0;0;0;0
2010;246,00;0;0;0;0;0;0;0;0;0;0;0;0;0;0;0;0;947;11382;0;0;0;0
2010;284,00;152;81;0;0;564;11180;0;0;0;0;2062;41260;0;0;0;0;418;5009;0;0;0;0
2010;18,00;0;0;0;0;0;0;0;0;0;0;0;0;0;0;84;0;0;0;0;0;0;0
2010;356,00;0;0;0;0;0;0;0;0;0;0;0;0;0;0;420;5296;0;0;0;0;0;0
2010;401,00;0;0;0;0;0;0;0;0;0;0;162;4226;76;6771;177;3841;0;0;0;0;0;0
2010;733,00;1591;6342;267;480;876;21979;0;0;47;228;14069;92856;1545;9273;425;2553;1569;32949;18;384;0;0
2010;243,00;0;0;0;0;0;0;0;0;0;0;0;0;0;0;0;0;0;0;0;0;0;0
2010;380,00;0;0;0;0;0;0;0;0;0;0;571;12508;57;1137;124;3139;0;0;0;0;0;0
2010;716,00;264;0;0;0;0;0;0;0;0;0;385;1972;0;0;0;0;126;7297;0;0;0;0
2010;534,00;1587;197;0;0;0;0;0;0;0;0;0;0;0;0;0;0;0;0;0;0;0;0
2010;185,00;10;0;480;898;0;0;0;0;0;0;0;0;0;0;0;0;0;0;0;0;0;0
2010;258,00;146;59;511;549;6850;23971;0;0;0;0;1469;13690;0;0;0;0;0;0;0;0;0;0
2010;505,00;0;0;0;0;0;0;0;0;0;0;352;4219;0;0;0;0;162;17605;0;0;0;0
2010;268,00;0;0;0;0;0;0;0;0;0;0;313;4110;0;0;0;0;0;8927;0;0;0;0
2010;602,00;306;309;0;0;689;15158;0;0;0;0;940;12475;17;68;0;0;0;0;0;0;0;0
2010;254,00;325;0;678;1277;319;8610;0;0;0;0;0;0;0;0;0;0;0;0;0;0;0;0
2010;705,00;525;1475;0;0;0;0;0;0;0;0;233;1513;743;2994;0;0;0;0;0;0;0;0
2010;133,00;0;0;0;0;0;0;0;0;0;0;0;0;0;0;0;0;0;0;0;0;0;0
2010;33,00;0;0;0;0;0;0;0;0;0;0;0;0;0;0;161;2612;0;0;0;0;0;0
2010;143,00;0;0;0;0;0;0;0;0;0;0;0;0;0;0;0;0;0;0;0;0;0;0
2010;36,00;0;0;0;0;0;0;0;0;0;0;0;0;0;0;212;8268;0;0;0;0;0;0
2010;756,00;432;168;20;34;553;13837;0;0;156;322;3212;240900;60;2992;160;8250;82;4933;0;0;1;365
2010;662,00;0;0;0;0;0;0;0;0;0;0;13503;110285;719;3741;1310;5663;685;8908;0;0;319;9901
2010;192,00;0;0;0;0;0;0;0;0;0;0;500;17757;50;2143;115;4793;0;0;0;0;0;0
2010;382,00;0;0;0;0;0;0;0;0;0;0;0;0;0;0;0;0;0;0;0;0;0;0
2010;322,00;0;0;0;0;0;0;0;0;0;0;128;163215;0;0;87;122387;0;0;0;0;0;0
2010;478,00;0;0;0;0;0;0;0;0;0;0;2055;23690;0;0;513;5914;0;0;0;0;0;0
2010;352,00;0;0;0;0;0;0;0;0;0;0;1103;25882;421;3689;456;10582;0;0;0;0;0;0
2010;628,00;610;255;0;0;0;0;0;0;0;0;10039;203430;0;0;0;0;133;16620;0;0;17;6262
2010;291,00;0;0;0;0;0;0;0;0;0;0;43;4595;0;0;155;5888;0;0;0;0;0;0
2010;495,00;0;0;0;0;0;0;0;0;0;0;922;84537;13;483;298;29817;0;0;0;0;0;0
2010;845,00;0;317;0;0;0;0;0;0;0;0;4209;108350;0;0;0;0;0;0;0;0;0;0
2010;498,00;0;0;0;0;0;0;0;0;0;0;1309;11890;0;0;0;0;0;0;0;0;0;0
2010;314,00;0;0;0;0;0;0;0;0;0;0;576;15513;56;2013;256;7628;0;0;0;0;0;0
2010;720,00;0;50;0;0;0;0;0;0;0;0;262;786;0;0;0;0;0;0;0;0;0;0
2010;721,00;0;858;0;0;0;0;0;0;0;0;8234;139374;0;0;218;9802;606;7725;0;0;81;2275
2010;485,00;0;0;0;0;0;0;0;0;0;0;0;0;0;0;0;0;0;0;0;0;0;0
2010;273,00;397;693;0;0;0;0;0;0;0;0;713;5237;0;0;0;0;0;0;0;0;0;0
2010;846,00;853;3448;207;271;0;0;0;0;0;0;8161;81246;0;0;316;4360;62;9751;0;0;53;19317
2010;847,00;0;0;0;0;0;0;0;0;0;0;2430;54262;0;0;0;0;0;0;0;0;0;0
2010;848,00;561;123;114;121;0;0;0;0;0;0;2254;17615;0;0;288;595;0;0;0;0;0;0
2010;864,00;0;0;0;0;0;0;0;0;0;0;120;9640;4;142;94;4837;0;0;0;0;0;0
2010;916,00;0;0;0;0;523;11167;0;0;0;0;0;0;0;0;0;0;0;0;0;0;0;0
2010;930,00;56;2;0;0;0;0;0;0;0;0;3808;32389;0;0;0;0;0;0;0;0;0;0
2010;954,00;0;2866;0;0;682;15300;0;0;0;0;6108;62727;0;0;524;3846;0;0;0;0;0;0
2010;943,00;0;0;0;0;0;0;0;0;0;0;4057;31651;0;0;0;0;0;0;0;0;0;0
2010;949,00;1507;2884;12;12;1194;23887;0;0;20;112;17919;209867;1503;11799;2161;33078;919;10674;0;0;803;23351
2010;980,00;296;1266;0;0;0;0;0;0;0;0;0;0;0;0;0;0;0;0;0;0;0;0
2010;981,00;0;0;0;0;0;0;0;0;0;0;334;4354;24;1344;24;1344;0;0;0;0;0;0
2010;1024,00;301;449;0;0;761;11684;0;0;121;121;4243;63655;60;652;0;0;0;0;0;0;0;0
2010;1017,00;0;0;0;0;0;0;0;0;0;0;255;1530;0;0;0;0;0;0;0;0;0;0
2010;1000,00;331;377;0;0;885;18192;0;0;168;2825;1199;40758;0;0;0;0;23;79;0;0;0;0
2010;1018,00;0;150;0;0;0;0;0;0;0;0;1875;40958;126;3093;148;4347;35;2921;0;0;0;0
2010;1001,00;34;0;0;0;0;0;0;0;0;0;0;0;0;0;0;0;0;0;0;0;0;0
2010;1007,00;0;295;0;0;0;0;0;0;0;0;5023;100467;0;0;131;2059;49;7461;0;0;6;2158
2010;1008,00;0;0;0;0;0;0;0;0;0;0;1666;28866;0;0;82;1417;56;4249;0;0;1;1
2010;1009,00;0;454;0;0;0;0;0;0;0;0;2118;42355;0;0;248;4215;72;9107;0;0;3;1123
2010;1010,00;0;0;0;0;0;0;0;0;0;0;0;22872;0;0;0;2472;59;5826;0;0;4;738
2010;1011,00;0;84;0;0;0;0;0;0;0;0;1209;21962;0;0;15;223;323;4114;0;0;0;0
2010;1012,00;0;0;0;0;0;0;0;0;0;0;2969;53726;0;0;282;4824;660;8000;0;0;16;444
2010;1013,00;2697;0;260;316;789;16720;0;0;0;0;4026;225043;506;2305;388;15661;63;9795;0;0;9;548
2010;1041,00;0;0;0;0;0;0;0;0;0;0;46;1210;0;0;74;1936;0;0;0;0;0;0
2010;789,00;0;0;0;0;0;0;0;0;0;0;64;6351;0;0;0;0;0;0;0;0;0;0
2010;326,00;0;0;0;0;0;0;0;0;0;0;427;37440;0;0;427;28000;0;0;0;0;0;0
2010;442,00;119;94;147;147;123;1845;0;0;0;0;2178;16230;0;0;0;0;0;0;0;0;0;0
2010;294,00;1025;658;74;74;0;0;0;0;0;0;3259;42548;0;0;0;0;0;0;0;0;0;0
2010;378,00;0;0;33;33;0;0;0;0;0;0;0;0;0;0;0;0;0;0;0;0;0;0
2010;402,00;0;0;0;0;0;0;0;0;0;0;230;3450;0;0;0;0;0;0;0;0;0;0
2010;29,00;0;0;0;0;0;0;0;0;0;0;0;0;0;0;85;144;0;0;0;0;0;0
2010;450,00;0;0;0;0;0;0;0;0;0;0;96;1925;0;0;0;0;0;0;0;0;0;0
2010;656,00;0;0;0;0;0;0;0;0;0;0;1598;15112;0;0;0;0;0;0;0;0;0;0
2010;333,00;809;194;0;0;0;0;0;0;0;0;628;7092;0;0;0;0;141;8850;0;0;0;0
2010;668,00;0;150;0;0;0;0;0;0;0;0;832;17491;0;0;0;0;26;3063;0;0;0;0
2010;684,00;0;0;0;0;0;0;0;0;0;0;2848;27119;0;0;0;0;0;0;0;0;0;0
2010;422,00;87;235;5;9;0;0;0;0;0;0;415;2075;0;0;0;0;142;1254;0;0;0;0
2010;763,00;1674;3367;833;1410;1271;25325;0;0;0;0;9748;185464;0;0;687;12535;2269;19346;0;0;0;0
2010;741,00;3453;1138;0;0;1641;16376;0;0;0;0;4336;81598;0;0;140;3080;58;292;0;0;0;0
2010;553,00;983;1316;0;0;0;0;0;0;0;0;1009;21094;0;0;0;0;90;7606;0;0;0;0
2010;357,00;0;0;0;0;0;0;0;0;0;0;702;13223;0;0;0;0;0;0;0;0;0;0
2010;899,00;0;0;0;0;0;0;0;0;0;0;0;0;0;0;0;0;0;0;0;0;0;0
2010;900,00;0;5;0;0;0;0;0;0;0;0;325;1207;0;0;0;0;0;0;0;0;0;0
2010;932,00;0;0;0;0;0;0;0;0;0;0;0;0;0;0;0;0;0;0;0;0;0;0
2010;950,00;0;0;0;0;0;0;0;0;0;0;1300;26000;125;2500;0;0;0;0;0;0;0;0
2010;966,00;198;11;0;0;0;0;0;0;0;0;0;0;0;0;0;0;0;0;0;0;0;0
2010;967,00;0;0;0;0;0;0;0;0;0;0;83;718;0;0;0;0;0;0;0;0;0;0
2010;982,00;63;67;0;0;52;75;0;0;0;0;833;12217;24;460;6;40;28;505;0;0;0;0
2010;1014,00;0;104;0;0;0;0;0;0;0;0;0;0;0;0;0;0;0;0;0;0;0;0
2010;1048,00;0;0;0;0;0;0;0;0;0;0;0;0;0;0;0;0;0;0;0;0;0;0
2010;1080,00;47;32;0;0;0;0;0;0;0;0;0;0;0;0;0;0;0;0;0;0;0;0
2010;722,00;5216;3184;0;0;1372;25532;0;0;118;449;14129;284679;1080;22056;739;15049;101;11539;1;142;64;15822
2010;660,00;0;1666;0;0;0;0;0;0;0;0;1954;43474;0;0;0;0;51;6145;0;0;0;0
2010;75,00;0;0;0;0;0;0;0;0;0;0;0;0;0;0;218;29600;0;0;0;0;0;0
2010;249,00;36;516;0;0;0;0;0;0;0;0;163;3280;0;0;0;0;0;0;0;0;0;0
2010;275,00;0;0;0;0;0;0;0;0;0;0;1936;38054;0;0;0;0;0;0;0;0;0;0
2010;227,00;90;181;0;0;0;0;0;0;0;0;0;0;0;0;0;0;0;0;0;0;0;0
2010;150,00;0;0;0;0;0;0;0;0;0;0;618;4203;0;0;0;0;0;0;0;0;0;0
2010;47,00;0;0;0;0;0;0;0;0;0;0;0;0;0;0;0;0;0;0;0;0;0;0
2010;172,00;0;0;0;0;0;0;0;0;0;0;1401;20266;0;0;0;0;0;0;0;0;0;0
2010;581,00;0;82;0;0;0;0;0;0;0;0;2525;75750;0;0;0;0;0;0;0;0;0;0
2010;120,00;0;0;0;0;0;0;0;0;0;0;2298;44713;159;6362;68;2047;0;0;0;0;0;0
2010;445,00;0;0;0;0;0;0;0;0;0;0;95;5203;0;0;0;0;0;0;0;0;0;0
2010;471,00;0;0;0;0;0;0;0;0;0;0;3874;121197;0;0;0;0;0;0;0;0;0;0
2010;53,00;0;0;0;0;0;0;0;0;0;0;913;20953;0;0;0;0;0;0;0;0;0;0
2010;199,00;0;0;0;0;0;0;0;0;0;0;1720;90120;245;8923;0;0;0;0;0;0;0;0
2010;575,00;0;0;0;0;0;0;0;0;0;0;1725;12670;0;0;0;0;0;0;0;0;0;0
2010;528,00;0;415;0;0;0;0;0;0;0;0;4123;33763;0;0;0;0;0;0;0;0;0;0
2010;631,00;0;0;0;0;0;0;0;0;0;0;6835;57457;0;0;0;0;44;6654;0;0;2;730
2010;699,00;0;148;0;0;0;0;0;0;0;0;3148;62730;0;0;0;0;0;0;0;0;0;0
2010;823,00;0;0;0;0;0;0;0;0;0;0;2005;39763;0;0;0;0;0;0;0;0;0;0
2010;849,00;0;0;0;0;0;0;0;0;0;0;2874;22324;0;0;0;0;0;0;0;0;0;0
2010;869,00;0;0;0;0;0;0;0;0;0;0;1933;18135;0;0;0;0;0;0;0;0;0;0
2010;955,00;0;0;0;0;0;0;0;0;0;0;0;0;0;0;50;12408;0;0;0;0;0;0
2010;983,00;0;0;0;0;0;0;0;0;0;0;1810;19470;0;0;57;13390;0;0;0;0;0;0
2010;1002,00;0;0;0;0;0;0;0;0;0;0;0;0;0;0;0;0;0;0;0;0;0;0
2010;1015,00;2362;688;0;0;0;0;0;0;0;0;10758;42651;0;0;0;0;115;6415;0;0;22;9074
2010;703,00;0;801;518;682;0;0;0;0;0;0;8575;158463;1226;5097;0;0;828;10580;47;790;19;461
2010;474,00;1393;130;0;0;1456;33016;0;0;1667;3124;4792;172371;0;0;0;0;126;18363;0;0;37;3009
2010;51,00;0;0;0;0;0;0;0;0;0;0;0;0;0;0;0;0;0;0;0;0;0;0
2010;441,00;0;0;0;0;0;0;0;0;0;0;0;0;0;0;0;0;0;0;0;0;0;0
2010;327,00;0;0;0;0;0;0;0;0;0;0;0;0;0;0;0;0;0;0;0;0;0;0
2010;690,00;1025;1380;136;140;366;15428;0;0;0;0;303;37074;0;0;0;0;168;8733;0;0;0;0
2010;262,00;0;0;0;0;0;0;0;0;0;0;1046;19774;0;0;0;0;0;0;0;0;0;0
2010;403,00;0;0;0;0;0;0;0;0;0;0;0;0;0;0;51;251;0;0;0;0;0;0
2010;312,00;0;0;0;0;0;0;0;0;0;0;0;0;0;0;0;0;0;0;0;0;0;0
2010;507,00;0;0;0;0;0;0;0;0;0;0;8867;230241;343;2858;405;3474;0;0;0;0;0;0
2010;589,00;0;0;0;0;0;0;0;0;0;0;3750;84936;0;0;0;0;0;0;0;0;0;0
2010;665,00;0;338;0;0;0;0;0;0;0;0;0;104595;0;0;0;0;0;6013;0;0;0;0
2010;334,00;0;0;0;0;0;0;0;0;0;0;0;0;0;0;0;0;0;0;0;0;0;0
2010;751,00;1196;892;0;0;612;13540;0;0;0;0;3193;161473;0;0;151;6428;74;9894;0;0;0;0
2010;186,00;69;0;0;0;0;0;0;0;0;0;582;11217;0;0;0;0;0;0;0;0;0;0
2010;646,00;0;0;0;0;0;0;0;0;0;0;1342;28710;0;0;0;0;0;0;0;0;0;0
2010;536,00;0;0;0;0;0;0;0;0;0;0;625;29736;0;0;0;0;244;2702;0;0;0;0
2010;242,00;0;0;0;0;0;0;0;0;0;0;0;0;0;0;0;0;0;0;0;0;0;0
2010;490,00;0;0;0;0;0;0;0;0;0;0;0;8763;0;4704;0;2109;0;0;0;0;0;0
2010;500,00;197;312;0;0;0;0;0;0;0;0;786;10335;252;4410;0;0;0;0;0;0;0;0
2010;206,00;0;0;0;0;0;0;0;0;0;0;2968;31182;0;0;0;0;0;0;0;0;0;0
2010;58,00;0;0;0;0;0;0;0;0;0;0;0;0;0;0;0;0;0;0;0;0;0;0
2010;572,00;0;165;0;0;0;0;0;0;0;0;2964;73228;0;0;0;0;698;8383;0;0;0;0
2010;180,00;0;0;0;0;0;0;0;0;0;0;722;4979;0;0;0;0;0;0;0;0;0;0
2010;549,00;0;0;0;0;0;0;0;0;0;0;2637;61266;0;0;0;0;267;3712;0;0;0;0
2010;582,00;0;0;0;0;0;0;0;0;0;0;1125;28801;0;0;11;109;23;1977;0;0;0;0
2010;743,00;0;0;0;0;0;0;0;0;0;0;3972;430521;0;2858;0;15059;48;7391;0;0;0;0
2010;795,00;0;0;0;0;0;0;0;0;0;0;844;8364;0;0;0;0;72;8689;0;0;0;0
2010;269,00;0;0;0;0;0;0;0;0;0;0;475;5763;32;864;0;0;0;0;0;0;0;0
2010;634,00;0;0;0;0;732;15323;0;0;0;0;599;15471;0;0;0;0;0;0;0;0;0;0
2010;1,00;0;0;0;0;0;0;0;0;0;0;1401;18569;0;0;0;0;0;0;0;0;0;0
2010;717,00;0;240;0;0;0;0;0;0;0;0;0;55715;0;0;29;344;27;4197;0;0;0;0
2010;373,00;0;0;0;0;0;0;0;0;0;0;1038;12665;0;0;0;0;0;0;0;0;0;0
2010;535,00;0;0;0;0;0;0;0;0;0;0;1664;57559;0;0;0;0;0;0;0;0;0;0
2010;824,00;4644;4559;709;709;1619;32773;576;8667;396;1341;8205;395012;228;8852;558;19546;80;12103;36;16864;46;13108
2010;888,00;0;29;0;0;0;0;0;0;0;0;0;0;0;0;0;0;316;4046;0;0;0;0
2010;902,00;0;0;0;0;0;0;0;0;0;0;155;3576;0;0;0;0;0;0;0;0;0;0
2010;968,00;0;0;0;0;0;0;0;0;0;0;0;0;0;0;0;0;0;0;0;0;0;0
2010;346,00;0;0;0;0;0;0;0;0;0;0;95;4104;0;0;240;61120;0;0;0;0;0;0
2010;27,00;0;0;0;0;0;0;0;0;0;0;0;0;0;0;0;0;0;0;0;0;0;0
2010;165,00;0;0;0;0;0;0;0;0;0;0;0;0;0;0;0;0;0;0;0;0;0;0
2010;956,00;0;1354;0;0;0;0;0;0;646;4790;0;148780;0;0;0;0;77;11126;1;158;15;11802
2010;413,00;0;0;0;0;0;0;0;0;0;0;0;0;0;0;0;0;0;0;0;0;0;0
2010;149,00;0;0;0;0;0;0;0;0;0;0;1020;30584;0;0;255;7646;0;0;0;0;0;0
2010;612,00;188;68;0;0;0;0;0;0;0;0;4452;44518;0;0;0;0;0;0;0;0;0;0
2010;559,00;0;0;0;0;0;0;0;0;5;30;1393;36381;0;0;0;0;0;0;0;0;0;0
2010;7,00;0;0;0;0;0;0;0;0;0;0;210;2052;0;0;0;0;0;0;0;0;0;0
2010;283,00;162;50;0;0;0;0;372;4464;0;0;2587;65269;0;0;0;0;0;0;0;0;0;0
2010;37,00;0;0;0;0;0;0;0;0;0;0;0;0;0;0;0;0;0;0;0;0;0;0
2010;153,00;0;0;0;0;0;0;0;0;0;0;2380;49785;0;0;0;0;0;0;0;0;0;0
2010;547,00;0;0;0;0;0;0;0;0;0;0;1598;80404;0;0;123;4740;0;0;0;0;0;0
2010;397,00;0;0;0;0;0;0;0;0;0;0;1152;6332;1111;6107;145;794;0;0;0;0;0;0
2010;556,00;0;0;0;0;0;0;0;0;0;0;1077;70576;0;0;43;1931;47;3723;0;0;0;0
2010;42,00;0;0;0;0;0;0;0;0;0;0;0;0;0;0;0;0;0;0;0;0;0;0
2010;31,00;0;0;0;0;0;0;0;0;0;0;0;0;0;0;0;0;0;0;0;0;0;0
2010;740,00;2047;4266;246;463;0;0;0;0;0;0;9590;73425;721;4839;919;6893;102;12128;0;0;272;7645
2010;217,00;0;0;0;0;0;0;0;0;0;0;2613;28396;0;0;0;0;9;35;0;0;0;0
2010;863,00;0;0;0;0;0;0;0;0;0;0;1271;10854;0;0;0;0;0;0;0;0;0;0
2010;889,00;3897;3080;423;499;1146;29140;0;0;151;466;9588;50462;438;2018;334;5278;368;16966;0;0;66;0
2010;984,00;0;0;0;0;0;0;0;0;0;0;1238;41135;0;0;0;0;0;0;0;0;0;0
2010;34,00;0;0;0;0;0;0;0;0;0;0;67;5687;0;0;0;0;0;0;0;0;0;0
2010;791,00;0;0;0;0;0;0;0;0;0;0;1674;50623;0;0;0;0;0;0;0;0;0;0
2010;181,00;0;0;0;0;0;0;0;0;0;0;635;17909;203;9248;0;0;0;0;0;0;0;0
2010;430,00;0;0;0;0;0;0;0;0;0;0;7521;25254;0;0;0;0;0;0;0;0;0;0
2010;715,00;41;814;267;426;347;7070;0;0;0;0;3969;83173;207;5247;254;8476;114;12370;0;0;18;1331
2010;521,00;0;0;0;0;0;0;0;0;0;0;420;1263;0;0;22;68;0;0;0;0;0;0
2010;524,00;0;0;76;94;0;0;0;0;0;0;5207;156224;0;0;0;0;2;61;0;0;0;0
2010;432,00;0;0;0;0;0;0;0;0;0;0;4052;195250;0;0;0;0;0;0;0;0;0;0
2010;19,00;0;0;0;0;0;0;0;0;0;0;0;0;0;0;0;0;0;0;0;0;0;0
2010;25,00;0;0;0;0;0;0;0;0;0;0;0;0;0;0;0;0;0;0;0;0;0;0
2010;26,00;0;0;0;0;0;0;0;0;0;0;15;100;0;0;26;7800;0;0;0;0;0;0
2010;890,00;35;24;0;0;0;0;0;0;0;0;1236;33266;157;4425;302;9624;74;10003;0;0;25;1358
2010;904,00;0;0;0;0;0;0;0;0;0;0;2666;32636;0;0;0;0;0;0;0;0;0;0
2010;957,00;3268;3474;0;0;1792;42658;0;0;105;1139;3317;151185;123;7654;318;14418;225;15822;1;80;52;940
2010;939,00;3356;1254;0;0;991;23451;0;0;91;343;103329;208155;1492;8639;4931;4931;2152;20909;33;423;289;7359
2010;236,00;0;0;0;0;0;0;0;0;0;0;2483;43452;0;0;60;240;12;1315;0;0;0;0
2010;735,00;1408;3255;129;0;2481;22185;0;0;0;0;87156;255245;4092;3929;10343;10666;854;8559;0;0;0;0
2010;146,00;0;0;0;0;0;0;0;0;0;0;606;5847;0;0;0;0;0;0;0;0;0;0
2010;363,00;0;0;0;0;0;0;0;0;0;0;1716;44159;0;0;32;1087;0;0;0;0;0;0
2010;187,00;0;0;0;0;0;0;0;0;0;0;0;0;8;32;3562;80866;0;0;148;13951;0;0
2010;265,00;0;37;0;0;0;0;0;0;0;0;0;0;0;0;0;0;0;0;0;0;0;0
2010;295,00;0;0;0;0;0;0;0;0;0;0;900;15276;0;0;0;0;0;0;0;0;0;0
2010;496,00;454;339;0;0;0;0;0;0;0;0;2966;44807;0;0;0;0;0;0;438;10074;0;0
2010;77,00;0;0;0;0;0;0;0;0;0;0;419;5350;0;0;0;0;0;0;0;0;0;0
2010;391,00;0;0;51;58;0;0;0;0;0;0;114;2502;0;0;0;0;0;0;0;0;0;0
2010;63,00;0;0;0;0;0;0;0;0;0;0;0;0;0;0;0;0;0;0;0;0;0;0
2010;240,00;16;342;0;0;0;0;0;0;0;0;1053;58117;0;0;0;0;578;17489;0;0;0;0
2010;448,00;0;0;0;0;0;0;0;0;0;0;850;17000;62;1240;0;0;20;1805;0;0;0;0
2010;151,00;0;0;0;0;0;0;0;0;0;0;72;1355;0;0;0;0;0;0;0;0;0;0
2010;425,00;0;0;0;0;0;0;0;0;0;0;1189;8424;0;0;0;0;41;462;0;0;0;0
2010;300,00;0;9;0;0;0;0;0;0;0;0;1147;12587;0;0;68;498;0;0;0;0;0;0
2010;339,00;635;527;0;0;0;0;0;0;0;0;808;8391;0;0;0;0;27;170;0;0;0;0
2010;826,00;0;0;0;0;0;0;0;0;0;0;466;19072;11;550;36;3015;0;0;0;0;0;0
2010;874,00;0;0;0;0;0;0;0;0;0;0;2465;17702;0;0;0;0;631;8291;0;0;0;0
2010;905,00;1710;3901;105;179;342;9473;360;7837;0;0;2405;77634;295;3099;0;0;398;7510;0;0;23;4727
2010;736,00;1675;4585;122;142;1379;35621;0;0;82;295;0;112138;0;10230;0;7899;0;20124;0;0;0;2635
2010;459,00;0;0;0;0;0;0;0;0;0;0;1996;70248;0;0;0;0;0;0;0;0;0;0
2010;320,00;0;0;0;0;0;0;0;0;0;0;1445;19046;0;0;0;0;0;0;0;0;0;0
2010;45,00;0;0;0;0;0;0;0;0;0;0;0;0;0;0;0;0;0;0;0;0;0;0
2010;292,00;0;0;0;0;0;0;0;0;0;0;0;0;0;0;0;0;0;0;0;0;0;0
2010;618,00;0;0;0;0;0;0;0;0;0;0;809;103692;0;0;0;8117;0;0;0;0;0;0
2010;463,00;0;634;0;0;0;0;0;0;0;0;1650;62081;0;0;0;0;0;0;0;0;0;0
2010;891,00;0;0;0;0;0;0;0;0;0;0;0;0;0;0;0;0;0;0;0;0;0;0
2010;958,00;0;811;0;0;0;0;0;0;0;0;4130;46312;0;0;390;3391;464;6620;0;0;15;5130
2010;244,00;0;0;0;0;0;0;0;0;0;0;57;961;0;0;0;0;0;0;0;0;0;0
2010;28,00;0;0;0;0;0;0;0;0;0;0;9;767;0;0;47;246;0;0;0;0;0;0
2010;444,00;0;0;0;0;0;0;0;0;0;0;3171;40755;0;0;0;0;0;0;0;0;0;0
2010;479,00;0;0;0;0;0;0;0;0;0;0;74;2117;64;2013;0;0;0;0;0;0;0;0
2010;285,00;139;178;0;0;0;0;0;0;0;0;0;0;0;0;0;0;116;9797;0;0;0;0
2010;253,00;165;75;0;0;0;0;0;0;0;0;0;0;0;0;0;0;0;0;0;0;0;0
2010;481,00;0;0;4;4;0;0;0;0;0;0;1530;21250;0;0;0;0;8;31;0;0;0;0
2010;540,00;259;0;0;0;677;17602;0;0;0;0;0;0;1120;1120;0;0;0;0;0;0;0;0
2010;332,00;0;0;0;0;0;0;0;0;0;0;0;0;0;0;0;0;0;0;0;0;0;0
2010;41,00;0;0;0;0;0;0;0;0;0;0;0;0;0;0;0;0;0;0;0;0;0;0
2010;510,00;0;0;0;0;0;0;0;0;0;0;98;10071;42;343;0;0;0;0;0;0;0;0
2010;305,00;0;0;0;0;0;0;0;0;0;0;0;0;0;0;0;0;0;0;0;0;0;0
2010;708,00;0;0;0;0;0;0;0;0;0;0;1153;285944;0;0;0;0;0;0;0;0;0;0
2010;755,00;2584;959;645;1015;1795;37788;0;0;132;478;11216;245982;307;4758;353;14659;56;12941;2;416;52;15968
2010;750,00;1552;0;0;0;907;17074;0;0;0;0;4134;70941;115;1841;38;739;197;18239;0;288;0;12787
2010;696,00;144;109;546;798;0;0;0;0;0;0;7730;61842;0;0;682;5462;0;0;0;0;0;0
2010;434,00;0;0;0;0;0;0;0;0;0;0;0;0;0;0;0;0;0;0;0;0;0;0
2010;421,00;0;0;0;0;0;0;0;0;0;0;1170;33817;0;0;0;3086;0;0;0;0;0;0
2010;827,00;0;0;0;0;0;0;0;0;0;0;0;0;0;0;109;123;0;0;0;0;0;0
2010;933,00;0;438;0;0;0;0;0;0;0;0;2003;53470;0;0;0;0;0;0;0;0;0;0
2010;1030,00;6;0;12;15;0;0;0;0;0;0;0;0;0;0;0;0;0;0;0;0;0;0
2010;1003,00;0;0;0;0;0;0;0;0;0;0;1676;72097;0;0;0;0;0;0;0;0;0;0
2010;1050,00;0;0;0;0;0;0;0;0;0;0;720;3878;0;0;0;0;0;0;0;0;0;0
2010;934,00;0;0;0;0;0;0;0;0;0;0;19323;131134;0;0;545;4589;12;7579;0;0;4;1250
2010;629,00;1370;1039;0;0;0;0;0;0;0;0;2264;37811;85;2124;467;4673;255;4674;0;0;19;81
2010;21,00;0;0;0;0;0;0;0;0;0;0;0;0;0;0;0;0;0;0;0;0;0;0
2010;615,00;0;0;0;0;0;0;0;0;0;0;0;0;0;0;0;0;0;0;0;0;0;0
2010;626,00;0;0;0;0;0;0;0;0;0;0;796;10588;0;0;0;0;0;0;0;0;0;0
2010;417,00;0;0;0;0;0;0;0;0;0;0;982;26101;0;0;0;0;0;0;0;0;0;0
2010;597,00;0;0;0;0;0;0;0;0;0;0;1794;43989;92;840;0;0;0;0;0;0;0;0
2010;539,00;0;0;0;0;1191;27047;1;1;0;0;4753;100871;0;0;0;0;0;0;0;0;0;0
2010;343,00;0;0;0;0;0;0;0;0;0;0;1741;31502;0;0;0;0;0;0;0;0;0;0
2010;135,00;0;0;0;0;0;0;0;0;0;0;76;1540;0;0;0;0;0;0;0;0;0;0
2010;158,00;0;0;0;0;0;0;0;0;0;0;339;16578;0;0;1331;29646;0;0;0;0;0;0
2010;775,00;0;587;0;0;0;0;0;0;0;0;1081;25322;103;1845;137;1812;0;0;0;0;0;0
2010;177,00;0;0;0;0;320;7576;0;0;0;0;513;6921;0;0;0;0;119;16568;0;0;0;0
2010;578,00;0;0;0;0;0;0;0;0;0;0;1920;8630;0;0;0;0;0;0;0;0;0;0
2010;416,00;0;0;0;0;0;0;0;0;0;0;1298;16461;302;576;302;30546;0;0;0;0;0;0
2010;561,00;0;0;0;0;0;0;0;0;0;0;2602;50756;107;2054;28;351;86;3950;0;0;0;0
2010;828,00;0;0;0;0;0;0;0;0;0;0;135;14307;0;0;83;6275;0;0;0;0;0;0
2010;860,00;0;0;0;0;0;0;0;0;0;0;2742;39911;183;5443;0;0;0;0;0;0;0;0
2010;935,00;0;0;0;0;0;0;0;0;0;0;0;0;0;0;0;0;0;0;0;0;0;0
2010;936,00;0;0;0;0;0;0;0;0;0;0;172;321;0;0;0;0;0;0;0;0;0;0
2010;986,00;0;0;0;0;0;0;0;0;0;0;0;0;0;0;0;0;0;0;0;0;0;0
2010;987,00;0;0;0;0;0;0;0;0;0;0;0;0;0;0;0;0;0;0;0;0;0;0
2010;1021,00;0;0;0;0;0;0;0;0;0;0;83;5576;0;0;112;1756;0;0;0;0;0;0
2010;658,00;0;137;0;0;0;0;0;0;0;0;0;33156;0;0;0;0;485;5908;12;319;0;0
2010;353,00;0;0;0;0;0;0;0;0;0;0;366;6820;0;0;294;3388;0;0;0;0;0;0
2010;323,00;0;0;0;0;0;0;0;0;0;0;0;0;0;0;0;0;0;0;0;0;0;0
2010;620,00;0;0;0;0;0;0;0;0;0;0;0;0;0;0;0;0;0;0;0;0;0;0
2010;384,00;0;0;0;0;0;0;0;0;0;0;2414;58022;177;2714;1999;18235;0;0;0;0;0;0
2010;484,00;0;714;327;1322;0;0;0;0;0;0;667;8389;0;0;0;0;0;0;0;0;0;0
2010;554,00;0;294;0;0;0;0;0;0;0;0;3474;70413;0;0;98;3169;0;0;0;0;0;0
2010;209,00;0;0;0;0;0;0;0;0;0;0;0;0;0;0;0;0;0;0;0;0;0;0
2010;707,00;2139;2223;0;0;0;0;0;0;0;0;0;146289;0;11221;0;12909;1013;13469;0;0;74;1996
2010;395,00;0;285;0;0;0;0;0;0;0;0;1053;19154;0;0;0;0;0;0;0;0;0;0
2010;969,00;0;0;0;0;0;0;0;0;0;0;1051;24352;0;0;0;0;0;0;0;0;0;0
2010;1052,00;0;0;0;0;0;0;0;0;0;0;0;0;0;0;0;0;0;0;0;0;0;0
2010;739,00;2181;6502;578;1135;3680;38202;17;43;398;956;16853;378333;2990;8439;2969;17426;913;5757;1;13;17;70
2010;613,00;1308;2487;396;681;0;0;0;0;0;0;4190;100413;3660;3660;0;0;1203;8205;0;0;0;0
2010;593,00;0;587;0;0;0;0;0;0;0;0;43916;401835;0;0;0;0;0;0;0;0;0;0
2010;704,00;9819;2053;0;0;921;19109;0;0;0;0;2520;256347;364;3080;470;6689;910;7062;0;0;57;623
2010;493,00;0;0;0;0;0;0;0;0;0;0;1665;13621;0;0;0;0;0;0;0;0;0;0
2010;686,00;1427;1387;0;0;909;4545;0;0;0;0;2187;78068;164;1765;173;2632;862;7011;67;595;241;737
2010;257,00;573;277;0;0;0;0;0;0;0;0;0;0;0;0;0;0;48;7144;0;0;0;0
2010;494,00;0;0;0;0;0;0;0;0;0;0;1476;38379;0;0;0;0;114;10533;0;0;0;0
2010;681,00;0;1833;0;0;1720;42851;0;0;591;608;560;5651;0;0;0;0;6;31;0;0;0;0
2010;286,00;38;0;217;223;795;859;0;0;119;324;0;0;0;0;0;0;98;16350;0;0;0;0
2010;255,00;230;36;0;0;0;0;0;0;0;0;5697;38810;102;610;0;0;4;49;0;0;0;0
2010;79,00;0;0;0;0;0;0;0;0;0;0;0;0;0;0;0;0;0;0;0;0;0;0
2010;81,00;0;0;0;0;0;0;0;0;0;0;0;0;0;0;0;0;0;0;0;0;0;0
2010;688,00;0;281;0;0;0;0;0;0;0;0;10556;259961;0;0;0;0;40;5593;0;0;17;3476
2010;531,00;0;800;0;0;0;0;0;0;0;0;8524;92061;0;0;0;0;55;7785;0;0;20;3650
2010;514,00;0;0;0;0;0;0;0;0;0;0;1330;99342;0;0;0;0;0;0;0;0;0;0
2010;499,00;0;28;0;0;0;0;0;0;0;0;2732;12769;18;803;20;719;0;0;0;0;0;0
2010;532,00;0;407;0;0;0;0;0;0;0;0;4806;105706;0;0;0;0;0;0;0;0;0;0
2010;190,00;0;0;0;0;0;0;0;0;0;0;1198;10254;198;1609;485;4740;0;0;0;0;0;0
2010;598,00;0;79;0;0;0;0;0;0;0;0;2979;125962;0;0;0;0;0;0;0;0;0;0
2010;260,00;0;802;0;0;0;0;0;0;0;0;0;0;0;0;0;0;0;0;0;0;0;0
2010;838,00;0;0;0;0;0;0;0;0;0;0;0;0;0;0;0;0;0;0;0;0;0;0
2010;839,00;0;0;0;0;0;0;0;0;0;0;152;5862;152;3257;152;4559;0;0;0;0;0;0
2010;851,00;0;0;0;0;0;0;0;0;0;0;0;0;0;0;0;0;0;0;0;0;0;0
2010;852,00;995;2223;626;737;1506;26102;0;0;0;0;14880;550897;461;664;0;0;111;17293;0;0;19;6935
2010;988,00;0;0;0;0;0;0;0;0;0;0;766;23568;153;2591;613;6024;0;0;0;0;0;0
2010;1056,00;0;738;0;0;0;0;0;0;0;0;1982;41506;401;3125;0;0;92;5371;0;0;10;123
2010;644,00;0;1121;0;0;0;0;0;0;0;0;0;173837;0;0;33;0;24;6713;0;0;13;4691
2010;752,00;7098;2396;0;0;795;20140;0;0;136;214;11695;478580;0;0;0;0;47;7747;0;0;10;3262
2010;238,00;0;0;0;0;0;0;0;0;0;0;585;2469;0;0;0;0;0;0;0;0;0;0
2010;325,00;0;0;0;0;0;0;0;0;0;0;69;4440;77;4157;52;2955;0;0;0;0;0;0
2010;622,00;0;31;0;0;0;0;0;0;0;0;7226;55596;0;0;0;0;0;0;0;0;0;0
2010;879,00;0;0;0;0;0;0;0;0;0;0;0;0;0;0;0;0;0;0;0;0;0;0
2010;906,00;189;0;0;0;992;24621;0;0;0;0;133;1546;0;0;0;0;0;0;0;0;0;0
2010;370,00;0;0;0;0;0;0;0;0;0;0;2352;17809;0;0;0;0;0;0;0;0;0;0
2010;418,00;0;0;0;0;0;0;0;0;0;0;558;30377;0;0;0;0;0;0;0;0;0;0
2010;574,00;0;0;0;0;0;0;0;0;0;0;2922;48591;0;0;0;0;0;0;0;0;0;0
2010;399,00;0;0;0;0;0;0;0;0;0;0;0;0;0;0;0;0;0;0;0;0;0;0
2010;195,00;0;0;0;0;0;0;0;0;0;0;0;0;0;0;0;0;0;0;0;0;0;0
2010;783,00;1021;3388;0;0;22060;22060;0;0;0;0;329;3027;84;2440;2389;71347;0;9806;0;0;0;973
2010;188,00;1370;0;0;0;10340;444;0;0;0;0;0;0;0;0;0;0;0;0;0;0;0;0
2010;263,00;0;0;0;0;0;0;0;0;0;0;989;20476;0;0;0;0;0;0;0;0;0;0
2010;194,00;0;0;0;0;0;0;0;0;0;0;0;0;0;0;0;0;0;0;0;0;0;0
2010;214,00;0;0;0;0;0;0;0;0;0;0;0;0;0;0;0;0;0;0;0;0;0;0
2010;785,00;1569;1536;0;0;1377;28588;0;0;0;0;4018;210367;272;4458;207;10306;364;14728;0;0;44;11414
2010;780,00;0;0;0;0;0;0;0;0;0;0;1894;53974;0;0;0;0;0;0;0;0;0;0
2010;83,00;0;0;0;0;0;0;0;0;0;0;0;0;0;0;0;0;0;0;0;0;0;0
2010;782,00;472;581;584;724;0;0;0;0;0;0;2911;95415;0;0;0;0;192;14629;2;96;49;716
2010;369,00;0;0;0;0;0;0;0;0;0;0;22322;764916;0;2551;0;7552;0;0;0;0;0;0
2010;84,00;0;0;0;0;0;0;0;0;0;0;0;0;0;0;0;0;0;0;0;0;0;0
2010;713,00;0;0;0;0;0;0;0;0;0;0;6573;144575;77;1924;24;670;0;0;0;0;0;0
2010;85,00;0;0;0;0;0;0;0;0;0;0;0;0;0;0;0;0;0;0;0;0;0;0
2010;86,00;0;0;0;0;0;0;0;0;0;0;0;0;0;0;0;0;0;0;0;0;0;0
2010;941,00;0;0;0;0;0;0;0;0;0;0;0;0;0;0;0;0;0;0;0;0;0;0
2010;1045,00;15;10;0;0;37;187;0;0;0;0;3578;3578;45;45;0;0;0;0;0;0;0;0
2010;937,00;0;1488;0;0;388;9809;0;0;0;0;3590;79390;737;1039;0;1881;78;12197;0;0;23;8170
2010;1004,00;0;0;0;0;0;0;0;0;0;0;689;6891;0;0;0;0;0;0;0;0;0;0
2010;737,00;1328;931;643;729;966;32692;0;0;74;266;0;158876;157;5027;127;5093;81;12645;0;0;6;0
2010;765,00;2537;1319;0;0;613;11091;0;0;224;3419;11089;226565;2070;11622;2502;62303;98;15231;0;0;0;0
2010;329,00;0;528;0;0;0;0;0;0;0;0;0;20506;0;0;0;0;0;0;0;0;0;0
2010;87,00;0;0;0;0;0;0;0;0;0;0;70;3255;0;0;82;4991;0;0;0;0;0;0
2010;527,00;0;0;0;0;0;0;0;0;0;0;995;14925;0;0;186;4828;0;0;0;0;0;0
2010;562,00;41;12;170;188;0;0;0;0;0;0;2263;73666;0;0;0;0;0;0;0;0;0;0
2010;251,00;102;199;0;0;0;0;0;0;0;0;2846;17305;0;0;0;0;0;0;0;0;0;0
2010;129,00;0;0;0;0;0;0;0;0;0;0;0;0;0;0;0;0;0;0;0;0;0;0
2010;154,00;0;0;0;0;0;0;0;0;0;0;581;20272;0;0;126;3954;239;25935;0;0;0;0
2010;516,00;89;0;0;0;720;18720;0;0;0;0;2430;48593;0;0;0;0;0;0;0;0;0;0
2010;184,00;0;0;0;0;0;0;0;0;0;0;0;0;0;0;0;0;0;0;0;0;0;0
2010;652,00;0;0;0;0;0;0;0;0;0;0;35625;128991;0;0;0;0;129;1622;0;0;0;0
2010;637,00;0;123;0;0;0;0;0;0;0;0;1010;48353;0;0;0;0;221;2634;0;0;0;0
2010;88,00;0;0;0;0;0;0;0;0;0;0;0;0;0;0;0;0;0;0;0;0;0;0
2010;907,00;0;0;0;0;0;0;0;0;0;0;0;0;0;0;0;0;0;0;0;0;0;0
2010;970,00;0;0;0;0;0;0;0;0;0;0;0;0;0;0;0;0;0;0;0;0;0;0
2010;1019,00;0;0;0;0;0;0;0;0;0;0;366;6538;0;0;0;0;0;0;0;0;0;0
2010;1016,00;117;11;0;0;0;0;0;0;0;0;0;0;0;0;0;0;0;0;0;0;0;0
2010;1047,00;0;0;0;0;0;0;0;0;0;0;0;2178;0;0;0;0;0;0;0;0;0;0
2010;635,00;0;98;0;0;0;0;0;0;0;0;2380;53534;0;0;0;0;0;9322;0;0;0;0
