"año";"NCODI";"inver_iIntangible";"inver_IMaterial";"inver_IMterrenos";"inver_IMresto";"inver_Otras";"inver_Total"
2010;781,00;228049;4956944;0;4956944;0;5184993
2010;779,00;41615;1063552;0;1063552;0;1105167
2010;113,00;27379;309555;0;309555;0;336934
2010;619,00;36757;1143965;0;1143965;0;1180722
2010;163,00;0;123000;0;123000;0;123000
2010;131,00;1726;2660;0;2660;0;4386
2010;375,00;0;73078;0;73078;0;73078
2010;764,00;0;0;0;0;682172;682172
2010;14,00;238;199731;0;199731;0;199969
2010;657,00;0;1145744;0;1145744;0;1145744
2010;362,00;6932;265230;87088;178142;0;272162
2010;989,00;0;0;0;0;32857;32857
2010;990,00;0;73105;0;73105;0;73105
2010;680,00;0;231727;0;231727;0;231727
2010;411,00;;893810;;893810;;893810
2010;241,00;44668;794254;794254;;;838922
2010;558,00;0;1643000;0;1643000;0;1643000
2010;167,00;;45843;;45843;;45843
2010;224,00;9536;147562;47200;100362;0;157098
2010;591,00;347695;5142071;0;5142071;0;5489766
2010;586,00;0;1007417;0;1007417;0;1007417
2010;453,00;0;0;0;0;0;0
2010;145,00;0;0;0;0;0;0
2010;511,00;0;400000;0;400000;0;400000
2010;530,00;0;559060;0;559060;0;559060
2010;6,00;25845;3272266;0;3272266;0;3298111
2010;161,00;0;32933;0;32933;0;32933
2010;623,00;0;0;0;0;0;0
2010;489,00;0;2207;0;2207;0;2207
2010;349,00;;52004;;52004;;52004
2010;875,00;22088;685005;0;685005;0;707093
2010;908,00;0;97765;0;97765;0;97765
2010;940,00;0;998;0;998;0;998
2010;946,00;;0;;;;0
2010;1023,00;468075;1063109;0;1063109;0;1531184
2010;1054,00;-65488;8437649;-1176635;9614284;;8372161
2010;1057,00;0;190624;0;190624;0;190624
2010;1031,00;284893;8887536;0;8887536;0;9172429
2010;1032,00;0;26500000;0;26500000;49200000;75700000
2010;226,00;98087;1253739;0;1253739;0;1351826
2010;687,00;0;0;0;0;674583;674583
2010;745,00;0;8492527;0;8492527;0;8492527
2010;109,00;0;201101;0;201101;0;201101
2010;808,00;12496;4146308;0;4146308;0;4158804
2010;971,00;0;57584;;57584;0;57584
2010;128,00;0;37992;0;37992;0;37992
2010;919,00;35709;231674;0;231674;0;267383
2010;725,00;21263;1398350;1398350;0;0;1419613
2010;3,00;0;51133;0;51133;0;51133
2010;386,00;;0;;;;0
2010;306,00;0;0;0;0;0;0
2010;15,00;0;46424;0;46424;0;46424
2010;264,00;7384;963714;0;963714;0;971098
2010;867,00;7757;425850;0;425850;0;433607
2010;910,00;7920;98147;0;98147;0;106067
2010;1053,00;0;199994;0;199994;0;199994
2010;1055,00;0;618090;0;618090;0;618090
2010;732,00;36979;4668696;0;4668696;0;4705675
2010;529,00;34725;7593;0;7593;0;42318
2010;345,00;394221;121053;0;121053;0;515274
2010;515,00;42400;6142506;;6142506;0;6184906
2010;174,00;;295692;;295692;;295692
2010;523,00;37847;338722;0;338722;0;376569
2010;697,00;4225;359547;;359547;;363772
2010;239,00;18471;710278;0;710278;0;728749
2010;287,00;20995;91665;0;91665;400000;512660
2010;377,00;660368;97776;0;97776;0;758144
2010;692,00;0;0;0;0;0;0
2010;335,00;0;0;0;0;134149;134149
2010;435,00;;615146;235444;379702;;615146
2010;423,00;10203;3931002;0;3931002;0;3941205
2010;351,00;28784;32390;;32390;0;61174
2010;810,00;73007;1815416;0;1815416;0;1888423
2010;830,00;2887;1076154;0;1076154;0;1079041
2010;892,00;22931;1494532;0;1494532;0;1517463
2010;921,00;27263;1298738;0;1298738;4649810;5975811
2010;991,00;1498;153563;0;153563;0;155061
2010;992,00;45611;453382;181298;272084;;498993
2010;993,00;0;676472;0;676472;0;676472
2010;473,00;0;0;0;0;3843;3843
2010;663,00;165814;8751608;0;8751608;0;8917422
2010;552,00;0;1228679;0;1228679;0;1228679
2010;772,00;2090038;12014520;136936;11877584;18341994;32446552
2010;568,00;0;297281;0;297281;0;297281
2010;398,00;0;2072697;0;2072697;0;2072697
2010;394,00;0;362141;0;362141;0;362141
2010;614,00;0;14006;0;14006;0;14006
2010;235,00;0;0;0;0;1;1
2010;616,00;0;792461;0;792461;1396995;2189456
2010;267,00;37813;2052749;12627;2040122;4003;2094565
2010;565,00;64741;635028;0;635028;0;699769
2010;220,00;5881;430752;0;430752;0;436633
2010;278,00;5818;1038396;0;1038396;0;1044214
2010;107,00;33294;220360;0;220360;312571;566225
2010;141,00;0;189799;0;189799;29923;219722
2010;711,00;459294;11378631;0;11378631;118370;11956295
2010;569,00;0;0;0;0;1;1
2010;204,00;4076;242212;0;242212;0;246288
2010;579,00;0;281481;21649;259832;0;281481
2010;348,00;0;562260;0;562260;0;562260
2010;766,00;1151737;13265032;0;13265032;0;14416769
2010;761,00;2194;7125;0;7125;0;9319
2010;728,00;37614;978731;0;978731;0;1016345
2010;280,00;0;2848090;171214;2676876;8112;2856202
2010;222,00;16707;285791;0;285791;0;302498
2010;276,00;15234;1006117;8393;997724;68998;1090349
2010;11,00;1841730;430068;0;430068;21206;2293004
2010;302,00;76489;1436387;0;1436387;10000;1522876
2010;682,00;205903;751519;0;751519;0;957422
2010;279,00;0;1064525;0;1064525;0;1064525
2010;282,00;0;0;0;0;1;1
2010;281,00;0;2326708;0;2326708;65088;2391796
2010;183,00;0;12600;0;12600;12300;24900
2010;610,00;12058;315554;0;315554;0;327612
2010;116,00;0;18841;0;18841;0;18841
2010;115,00;0;74550;0;74550;0;74550
2010;114,00;0;0;0;0;9874;9874
2010;126,00;226161;49542;0;49542;0;275703
2010;156,00;17147;1374809;0;1374809;0;1391956
2010;119,00;4749;361025;0;361025;0;365774
2010;770,00;34208;1559603;0;1559603;0;1593811
2010;583,00;275828;452822;0;452822;200251;928901
2010;136,00;42169;84077;0;84077;0;126246
2010;469,00;13718;259456;0;259456;5493824;5766998
2010;642,00;0;0;0;0;1;1
2010;674,00;563901;4896100;0;4896100;0;5460001
2010;193,00;0;156417;0;156417;0;156417
2010;526,00;311998;2153889;0;2153889;0;2465887
2010;698,00;307694;2845012;0;2845012;0;3152706
2010;630,00;84789;759669;0;759669;164325;1008783
2010;124,00;0;20976;0;20976;0;20976
2010;364,00;0;1;0;1;0;1
2010;604,00;813039;17293576;0;17293576;45835;18152450
2010;123,00;12223;191357;0;191357;4345;207925
2010;310,00;55036;1208525;0;1208525;0;1263561
2010;571,00;15526;574261;0;574261;0;589787
2010;296,00;0;29431;0;29431;0;29431
2010;566,00;0;9924324;0;9924324;0;9924324
2010;784,00;323445;4565371;0;4565371;0;4888816
2010;102,00;75823;10913267;0;10913267;5801659;16790749
2010;379,00;0;0;0;0;1;1
2010;639,00;264915;112614090;14069602;98544488;2610088;115489093
2010;457,00;52099;283701;0;283701;10535;346335
2010;609,00;140584;2907554;0;2907554;0;3048138
2010;101,00;0;31007;0;31007;0;31007
2010;454,00;159537;1122854;0;1122854;0;1282391
2010;318,00;102955;321326;0;321326;0;424281
2010;600,00;246981;681431;0;681431;0;928412
2010;545,00;423786;9814916;0;9814916;0;10238702
2010;100,00;0;2800;0;2800;0;2800
2010;702,00;369949;3762765;0;3762765;0;4132714
2010;778,00;100541;2503279;0;2503279;0;2603820
2010;341,00;0;0;0;0;2500;2500
2010;99,00;5374;200761;0;200761;133541;339676
2010;767,00;0;3718932;0;3718932;0;3718932
2010;359,00;80405;565902;0;565902;0;646307
2010;98,00;1843;118375;0;118375;0;120218
2010;132,00;0;411648;0;411648;373874;785522
2010;97,00;0;4120;0;4120;0;4120
2010;103,00;0;0;0;0;1;1
2010;110,00;0;27226;0;27226;0;27226
2010;94,00;0;371710;0;371710;0;371710
2010;91,00;0;393066;0;393066;0;393066
2010;664,00;518886;2134095;0;2134095;0;2652981
2010;918,00;44458;36348380;0;36348380;0;36392838
2010;92,00;0;625;0;625;0;625
2010;93,00;0;0;0;0;1;1
2010;95,00;0;86201;0;86201;0;86201
2010;96,00;0;24024;0;24024;0;24024
2010;301,00;55242;193359;0;193359;0;248601
2010;492,00;86264;515708;0;515708;150027;751999
2010;811,00;0;84932;0;84932;0;84932
2010;812,00;1413;8330928;0;8330928;0;8332341
2010;832,00;1477;524;0;524;0;2001
2010;841,00;10700;65800;0;65800;0;76500
2010;856,00;0;36229;0;36229;0;36229
2010;859,00;0;9990;0;9990;0;9990
2010;861,00;0;2098;0;2098;0;2098
2010;880,00;0;22448;0;22448;0;22448
2010;883,00;0;0;0;0;1;1
2010;884,00;3209;72257;0;72257;0;75466
2010;877,00;0;607384;0;607384;0;607384
2010;911,00;84144;2983459;0;2983459;0;3067603
2010;913,00;0;17413;0;17413;0;17413
2010;922,00;1983;442416;0;442416;0;444399
2010;923,00;0;0;0;0;1;1
2010;924,00;0;2889023;0;2889023;0;2889023
2010;947,00;0;11363;0;11363;0;11363
2010;951,00;7308;12773;0;12773;0;20081
2010;972,00;0;3397;0;3397;0;3397
2010;973,00;0;145911;0;145911;0;145911
2010;974,00;1537;38862;0;38862;9874;50273
2010;975,00;7705;62765;0;62765;0;70470
2010;960,00;0;53342;0;53342;0;53342
2010;1027,00;0;8582;0;8582;0;8582
2010;1028,00;0;9483;0;9483;0;9483
2010;976,00;0;341010;0;341010;0;341010
2010;977,00;9117;957356;0;957356;0;966473
2010;1020,00;0;7416;0;7416;0;7416
2010;994,00;51278;279409;0;279409;69619;400306
2010;995,00;0;7819;0;7819;0;7819
2010;1059,00;0;1;0;1;0;1
2010;1060,00;0;510421;0;510421;0;510421
2010;1005,00;0;1237;0;1237;0;1237
2010;1061,00;0;293928;0;293928;0;293928
2010;1062,00;0;0;0;0;1;1
2010;1006,00;0;1;0;1;0;1
2010;1088,00;0;55000;0;55000;0;55000
2010;1076,00;0;12612;0;12612;0;12612
2010;1078,00;1050;15000;0;15000;0;16050
2010;1063,00;1;0;0;0;0;1
2010;1033,00;885579;112804352;3223004;109581348;2565905;116255836
2010;1034,00;0;776;0;776;0;776
2010;1036,00;1680;508440;0;508440;0;510120
2010;1039,00;0;318361;0;318361;0;318361
2010;207,00;0;1192682;0;1192682;0;1192682
2010;431,00;0;15609045;0;15609045;0;15609045
2010;387,00;0;464563;0;464563;0;464563
2010;179,00;0;0;0;0;0;0
2010;606,00;0;124511;0;124511;0;124511
2010;925,00;0;227464;0;227464;81443;308907
2010;541,00;0;572457;0;572457;0;572457
2010;797,00;0;124099;0;124099;0;124099
2010;627,00;0;622680;83586;539094;0;622680
2010;173,00;0;269967;0;269967;18490;288457
2010;636,00;0;219979;0;219979;0;219979
2010;205,00;;0;;;;0
2010;814,00;0;0;0;0;22184;22184
2010;881,00;;230233;;230233;;230233
2010;771,00;0;1426582;0;1426582;0;1426582
2010;533,00;811;75081;0;75081;0;75892
2010;447,00;271;19039;0;19039;0;19310
2010;815,00;0;18979;0;18979;0;18979
2010;801,00;0;1843427;0;1843427;0;1843427
2010;800,00;0;684106;0;684106;0;684106
2010;389,00;0;125267;0;125267;0;125267
2010;759,00;0;211615;0;211615;550723;762338
2010;695,00;0;798848;0;798848;0;798848
2010;816,00;0;103000;0;103000;0;103000
2010;833,00;8616;106863;0;106863;0;115479
2010;870,00;33200;416881;0;416881;0;450081
2010;927,00;0;50180;0;50180;0;50180
2010;961,00;0;967124;0;967124;0;967124
2010;962,00;31940;752900;0;752900;0;784840
2010;1079,00;0;980130;0;980130;0;980130
2010;666,00;0;15005;0;15005;76933;91938
2010;392,00;0;201602;0;201602;0;201602
2010;790,00;0;4221710;0;4221710;102900;4324610
2010;650,00;;1217101;;1217101;;1217101
2010;876,00;0;346654;0;346654;0;346654
2010;944,00;0;101182;0;101182;0;101182
2010;952,00;62334;267797;;267797;;330131
2010;54,00;0;0;0;0;0;0
2010;538,00;0;373178;0;373178;0;373178
2010;557,00;0;267157;0;267157;0;267157
2010;653,00;0;124431;0;124431;0;124431
2010;647,00;0;650796;0;650796;0;650796
2010;208,00;3314;106219;0;106219;0;109533
2010;978,00;0;473999;0;473999;0;473999
2010;996,00;0;315875;0;315875;5118;320993
2010;729,00;236801;3087798;;3087798;0;3324599
2010;182,00;0;307653;0;307653;0;307653
2010;633,00;24847;1354375;0;1354375;0;1379222
2010;685,00;0;222817;0;222817;936135;1158952
2010;683,00;30000;559183;0;559183;23316;612499
2010;945,00;3626;307440;0;307440;0;311066
2010;953,00;0;0;0;0;0;0
2010;1022,00;2366;77692;0;77692;0;80058
2010;1049,00;25718;111003;0;111003;0;136721
2010;794,00;0;1959756;0;1959756;0;1959756
2010;415,00;0;635600;0;635600;0;635600
2010;592,00;3321;647665;0;647665;0;650986
2010;497,00;20273;1155512;;1155512;;1175785
2010;308,00;0;1986;0;1986;0;1986
2010;726,00;0;805259;0;805259;49735;854994
2010;272,00;43632;1439533;0;1439533;0;1483165
2010;805,00;;876937;;876937;910702;1787639
2010;5,00;;268947;;268947;;268947
2010;234,00;12613;1416172;0;1416172;0;1428785
2010;64,00;0;0;0;0;0;0
2010;842,00;0;459793;0;459793;0;459793
2010;843,00;0;526930;0;526930;0;526930
2010;1025,00;7714;2039618;701925;1337693;;2047332
2010;803,00;509740;800266;0;800266;0;1310006
2010;211,00;0;18718;0;18718;0;18718
2010;773,00;0;1162495;0;1162495;0;1162495
2010;424,00;10644;83938;0;83938;0;94582
2010;298,00;0;145179;0;145179;123364;268543
2010;594,00;337677;1500577;0;1500577;919762;2758016
2010;237,00;9679;236084;0;236084;0;245763
2010;16,00;0;0;0;0;1;1
2010;768,00;154325;308980;0;308980;0;463305
2010;617,00;275613;2700860;0;2700860;2420272;5396745
2010;297,00;0;1157036;0;1157036;0;1157036
2010;105,00;0;0;0;0;1;1
2010;544,00;94944;3870946;0;3870946;0;3965890
2010;804,00;3041;6279955;0;6279955;0;6282996
2010;470,00;41740;141563;30760;110803;0;183303
2010;104,00;19527;1297511;0;1297511;0;1317038
2010;20,00;0;1;0;1;0;1
2010;550,00;12614;2400052;0;2400052;208418;2621084
2010;112,00;0;527768;0;527768;0;527768
2010;818,00;0;50374;0;50374;0;50374
2010;914,00;0;4691;0;4691;0;4691
2010;928,00;0;666325;0;666325;794;667119
2010;964,00;41601;1110004;0;1110004;0;1151605
2010;1026,00;0;22256;0;22256;0;22256
2010;738,00;0;440893;0;440893;0;440893
2010;404,00;11776;1335713;0;1335713;124116;1471605
2010;274,00;39115;6163877;5000265;1163612;0;6202992
2010;270,00;356;1448065;0;1448065;0;1448421
2010;676,00;0;620420;0;620420;0;620420
2010;709,00;0;685773;0;685773;269386;955159
2010;754,00;57000;649716;0;649716;0;706716
2010;997,00;0;52354;0;52354;0;52354
2010;734,00;0;358191;0;358191;0;358191
2010;299,00;7749;210605;;210605;;218354
2010;645,00;0;41019;0;41019;0;41019
2010;17,00;0;81142;34465;46677;0;81142
2010;1046,00;0;557168;0;557168;0;557168
2010;420,00;7878;186100;0;186100;0;193978
2010;802,00;0;156649;0;156649;0;156649
2010;266,00;24372;2578979;1499094;1079885;0;2603351
2010;580,00;0;253766;0;253766;0;253766
2010;137,00;0;469335;469335;0;0;469335
2010;769,00;0;127605;0;127605;0;127605
2010;776,00;0;3332979;0;3332979;0;3332979
2010;640,00;90711;781876;7665;774211;9763978;10636565
2010;315,00;0;615349;0;615349;0;615349
2010;40,00;5966;555200;0;555200;0;561166
2010;508,00;0;635236;0;635236;0;635236
2010;46,00;2320;532729;0;532729;0;535049
2010;590,00;21983;355399;0;355399;1696018;2073400
2010;777,00;0;1231882;0;1231882;0;1231882
2010;897,00;2261079;27327653;16012807;11314846;0;29588732
2010;965,00;5935;62506;0;62506;0;68441
2010;671,00;0;1827777;0;1827777;0;1827777
2010;461,00;0;110384;0;110384;0;110384
2010;376,00;0;110146;0;110146;0;110146
2010;621,00;0;253075;0;253075;353528;606603
2010;793,00;0;1924245;0;1924245;0;1924245
2010;324,00;0;0;0;0;0;0
2010;712,00;0;352000;0;352000;0;352000
2010;32,00;0;7598;0;7598;0;7598
2010;361,00;0;15302;0;15302;0;15302
2010;486,00;0;0;0;0;0;0
2010;595,00;0;1080000;0;1080000;0;1080000
2010;433,00;0;1425541;0;1425541;;1425541
2010;1058,00;;434590;;434590;;434590
2010;261,00;0;17370;0;17370;0;17370
2010;730,00;0;121602;0;121602;0;121602
2010;577,00;1700;183680;0;183680;0;185380
2010;788,00;0;0;0;0;80967;80967
2010;865,00;634657;1584221;0;1584221;0;2218878
2010;979,00;1341;104096;0;104096;0;105437
2010;998,00;2366;38988;0;38988;0;41354
2010;221,00;764;844630;0;844630;0;845394
2010;462,00;0;63450;0;63450;0;63450
2010;506,00;0;162627;0;162627;0;162627
2010;727,00;5823;535457;0;535457;0;541280
2010;355,00;2983;56569;0;56569;0;59552
2010;487,00;10627;14734780;0;14734780;0;14745407
2010;938,00;0;154592;0;154592;201679;356271
2010;886,00;2246;138085;0;138085;0;140331
2010;835,00;15357;27751;0;27751;0;43108
2010;999,00;0;229259;0;229259;0;229259
2010;798,00;18374;15922709;0;15922709;0;15941083
2010;504,00;1318814;2916301;0;2916301;0;4235115
2010;247,00;17533;86412;0;86412;0;103945
2010;216,00;0;220414;0;220414;1601;222015
2010;654,00;498075;259598;0;259598;0;757673
2010;65,00;0;35167;0;35167;0;35167
2010;472,00;214482;1626250;0;1626250;37110;1877842
2010;427,00;0;300175;0;300175;0;300175
2010;491,00;0;0;0;0;1;1
2010;551,00;4942;471288;0;471288;0;476230
2010;106,00;0;0;0;0;9875;9875
2010;819,00;0;27599;0;27599;0;27599
2010;836,00;478660;2172023;802868;1369155;5844730;8495413
2010;915,00;0;28394;0;28394;0;28394
2010;942,00;0;0;0;0;5604744;5604744
2010;748,00;561119;203546;0;203546;0;764665
2010;198,00;0;3019786;527160;2492626;0;3019786
2010;871,00;25422;1365273;0;1365273;150381;1541076
2010;948,00;1200;255651;0;255651;0;256851
2010;1051,00;0;0;0;0;0;0
2010;1083,00;0;2716;0;2716;0;2716
2010;679,00;28566;827304;0;827304;12084;867954
2010;176,00;34610;192846;;192846;;227456
2010;537,00;15394;3166192;0;3166192;0;3181586
2010;39,00;0;0;0;0;0;0
2010;608,00;0;435475;0;435475;0;435475
2010;596,00;246625;0;0;0;0;246625
2010;749,00;0;2803825;0;2803825;0;2803825
2010;758,00;0;2812103;0;2812103;0;2812103
2010;724,00;0;768119;0;768119;0;768119
2010;436,00;0;463324;0;463324;0;463324
2010;567,00;0;829139;0;829139;0;829139
2010;677,00;0;1657432;0;1657432;0;1657432
2010;670,00;0;78751;0;78751;0;78751
2010;588,00;0;734871;0;734871;0;734871
2010;446,00;0;71531;0;71531;43976;115507
2010;753,00;0;821000;0;821000;312057;1133057
2010;887,00;0;36930;0;36930;0;36930
2010;388,00;0;46903;0;46903;0;46903
2010;585,00;20469;0;0;0;139753;160222
2010;245,00;0;404316;0;404316;0;404316
2010;603,00;6523;969752;0;969752;0;976275
2010;426,00;0;832905;0;832905;0;832905
2010;232,00;21425;1203314;;1203314;0;1224739
2010;288,00;;1421903;;1421903;;1421903
2010;246,00;3544;497404;0;497404;0;500948
2010;284,00;;1223526;;1223526;;1223526
2010;18,00;0;331871;0;331871;0;331871
2010;356,00;0;124609;0;124609;0;124609
2010;401,00;5049;400010;0;400010;0;405059
2010;733,00;529377;13458951;968808;12490143;1253285;15241613
2010;243,00;11210;210822;0;210822;16289;238321
2010;380,00;11174;530868;-11;530879;0;542042
2010;716,00;0;786038;0;786038;0;786038
2010;534,00;84629;1323946;0;1323946;0;1408575
2010;185,00;51559;1616689;0;1616689;0;1668248
2010;258,00;0;881054;0;881054;0;881054
2010;505,00;0;0;0;0;39024;39024
2010;268,00;228388;1698194;0;1698194;1771207;3697789
2010;602,00;152421;427220;0;427220;0;579641
2010;254,00;1412;689846;0;689846;0;691258
2010;705,00;18550;3311188;0;3311188;126863;3456601
2010;133,00;0;433460;;433460;0;433460
2010;33,00;0;0;0;0;0;0
2010;143,00;246436;536624;0;536624;3606;786666
2010;36,00;0;20263;0;20263;0;20263
2010;756,00;0;3415619;3415619;0;0;3415619
2010;662,00;0;601786;0;601786;0;601786
2010;192,00;0;65097;0;65097;0;65097
2010;382,00;17721;8507697;591421;7916276;0;8525418
2010;322,00;2653;1939364;0;1939364;6768;1948785
2010;478,00;0;2899097;0;2899097;0;2899097
2010;352,00;0;104683;0;104683;0;104683
2010;628,00;0;755013;0;755013;0;755013
2010;291,00;0;154130;0;154130;0;154130
2010;495,00;0;645646;0;645646;0;645646
2010;845,00;0;1687729;0;1687729;0;1687729
2010;498,00;0;781151;0;781151;0;781151
2010;314,00;0;110213;0;110213;0;110213
2010;720,00;32619;1486994;0;1486994;0;1519613
2010;721,00;0;786464;0;786464;0;786464
2010;485,00;0;7010;0;7010;0;7010
2010;273,00;26449;1941094;0;1941094;1062177;3029720
2010;846,00;352116;2330032;0;2330032;0;2682148
2010;847,00;1678;235814;0;235814;0;237492
2010;848,00;101111;2007534;0;2007534;0;2108645
2010;864,00;0;220000;0;220000;0;220000
2010;916,00;0;0;0;0;0;0
2010;930,00;1815;627564;0;627564;0;629379
2010;954,00;21698245;2043461;;2043461;;23741706
2010;943,00;54359;991832;0;991832;0;1046191
2010;949,00;0;1488770;0;1488770;0;1488770
2010;980,00;16050;2727777;0;2727777;0;2743827
2010;981,00;0;0;0;0;0;0
2010;1024,00;20667;983887;0;983887;0;1004554
2010;1017,00;0;21829;0;21829;0;21829
2010;1000,00;140860;2492776;;2492776;0;2633636
2010;1018,00;37908;967645;0;967645;0;1005553
2010;1001,00;6798;261318;0;261318;0;268116
2010;1007,00;69518;965955;0;965955;0;1035473
2010;1008,00;0;489367;0;489367;0;489367
2010;1009,00;65262;945202;0;945202;0;1010464
2010;1010,00;0;153831;0;153831;0;153831
2010;1011,00;24166;4059216;0;4059216;253164;4336546
2010;1012,00;4744;660029;;660029;0;664773
2010;1013,00;0;0;0;0;0;0
2010;1041,00;0;49569;0;49569;0;49569
2010;789,00;898;3024005;0;3024005;0;3024903
2010;326,00;3651;198422;0;198422;0;202073
2010;442,00;48046;1950912;0;1950912;0;1998958
2010;294,00;9285;602512;0;602512;0;611797
2010;378,00;2232;245341;0;245341;0;247573
2010;402,00;325833;10843562;4358601;6484961;0;11169395
2010;29,00;0;34607;4276;30331;0;34607
2010;450,00;0;58744;0;58744;602;59346
2010;656,00;0;1925254;0;1925254;0;1925254
2010;333,00;0;240097;9197;230900;0;240097
2010;668,00;9444;0;0;0;256311;265755
2010;684,00;0;805768;0;805768;0;805768
2010;422,00;0;284751;0;284751;0;284751
2010;763,00;0;0;0;0;1265834;1265834
2010;741,00;0;2732559;0;2732559;0;2732559
2010;553,00;0;5707333;0;5707333;0;5707333
2010;357,00;0;96180;0;96180;0;96180
2010;899,00;0;53745;0;53745;0;53745
2010;900,00;0;1659570;0;1659570;59127;1718697
2010;932,00;3680;2622;0;2622;4568;10870
2010;950,00;0;280678;0;280678;0;280678
2010;966,00;0;0;0;0;0;0
2010;967,00;3321;464063;0;464063;26422;493806
2010;982,00;802;2310;;2310;0;3112
2010;1014,00;0;46679;0;46679;0;46679
2010;1048,00;0;7166;0;7166;0;7166
2010;1080,00;183837;315920;0;315920;0;499757
2010;722,00;236963;10607964;0;10607964;0;10844927
2010;660,00;2397;1834508;0;1834508;0;1836905
2010;75,00;0;26332;0;26332;0;26332
2010;249,00;0;964398;0;964398;0;964398
2010;275,00;0;327863;98375;229488;0;327863
2010;227,00;3330;726135;363002;363133;0;729465
2010;150,00;79005;21130;0;21130;0;100135
2010;47,00;410;65120;0;65120;0;65530
2010;172,00;2290;103414;0;103414;0;105704
2010;581,00;0;1134401;0;1134401;0;1134401
2010;120,00;5424;1758407;;1758407;;1763831
2010;445,00;0;394969;0;394969;0;394969
2010;471,00;0;2138536;0;2138536;0;2138536
2010;53,00;;37354;;37354;;37354
2010;199,00;3527;457596;149087;308509;0;461123
2010;575,00;745;751829;0;751829;0;752574
2010;528,00;0;1021256;50466;970790;0;1021256
2010;631,00;0;893378;0;893378;0;893378
2010;699,00;510403;2163296;0;2163296;0;2673699
2010;823,00;0;27521;0;27521;69698;97219
2010;849,00;0;539944;0;539944;0;539944
2010;869,00;;240578;;240578;540000;780578
2010;955,00;;5000;;5000;;5000
2010;983,00;1346;106732;;106732;0;108078
2010;1002,00;5051;1356306;0;1356306;0;1361357
2010;1015,00;79154;5462821;0;5462821;0;5541975
2010;703,00;0;6401606;0;6401606;0;6401606
2010;474,00;0;26506763;0;26506763;0;26506763
2010;51,00;0;0;0;0;0;0
2010;441,00;5081;186334;0;186334;63038;254453
2010;327,00;8212;132963;0;132963;0;141175
2010;690,00;216911;3730065;0;3730065;0;3946976
2010;262,00;67627;961950;291079;670871;;1029577
2010;403,00;0;59500;0;59500;31372;90872
2010;312,00;1177;521638;0;521638;0;522815
2010;507,00;0;4952664;0;4952664;0;4952664
2010;589,00;0;1241684;0;1241684;0;1241684
2010;665,00;0;4806430;0;4806430;58520;4864950
2010;334,00;0;0;0;0;0;0
2010;751,00;32106;168180;59000;109180;0;200286
2010;186,00;6960;608668;0;608668;0;615628
2010;646,00;0;187877;0;187877;0;187877
2010;536,00;0;34300;0;34300;0;34300
2010;242,00;6002;46039;0;46039;0;52041
2010;490,00;0;189905;0;189905;0;189905
2010;500,00;19000;2015104;0;2015104;0;2034104
2010;206,00;3649;814954;0;814954;0;818603
2010;58,00;0;0;0;0;0;0
2010;572,00;1389;334359;0;334359;0;335748
2010;180,00;0;36442;0;36442;0;36442
2010;549,00;0;11893;0;11893;0;11893
2010;582,00;0;2805;0;2805;0;2805
2010;743,00;98448;5264252;0;5264252;0;5362700
2010;795,00;53961;211498;0;211498;0;265459
2010;269,00;145;34257;0;34257;0;34402
2010;634,00;68354;742199;0;742199;0;810553
2010;1,00;0;46;0;46;0;46
2010;717,00;0;2504608;0;2504608;0;2504608
2010;373,00;0;167613;0;167613;0;167613
2010;535,00;0;0;0;0;0;0
2010;824,00;0;294386;0;294386;0;294386
2010;888,00;0;272895;0;272895;0;272895
2010;902,00;0;5607;0;5607;0;5607
2010;968,00;123;74261;0;74261;0;74384
2010;346,00;2154;523436;0;523436;0;525590
2010;27,00;9984;817561;0;817561;1077189;1904734
2010;165,00;3715;9979;0;9979;0;13694
2010;956,00;0;650117;0;650117;662058;1312175
2010;413,00;0;0;0;0;82413;82413
2010;149,00;0;120978;0;120978;0;120978
2010;612,00;40000;1464000;0;1464000;0;1504000
2010;559,00;4151;261352;0;261352;0;265503
2010;7,00;3549;146366;0;146366;0;149915
2010;283,00;1669;1831484;654291;1177193;0;1833153
2010;37,00;0;269089;79656;189433;0;269089
2010;153,00;81958;2791526;666023;2125503;;2873484
2010;547,00;0;2153;0;2153;0;2153
2010;397,00;0;81585;0;81585;0;81585
2010;556,00;0;0;0;0;0;0
2010;42,00;0;31094;0;31094;0;31094
2010;31,00;75487;273847;67657;206190;0;349334
2010;740,00;29042;469468;0;469468;0;498510
2010;217,00;1780;0;0;0;510709;512489
2010;863,00;0;1745;0;1745;204947;206692
2010;889,00;0;20035;0;20035;0;20035
2010;984,00;19574;1068772;0;1068772;0;1088346
2010;34,00;0;0;0;0;0;0
2010;791,00;47387;1109965;579864;530101;0;1157352
2010;181,00;47387;1109965;579864;530101;0;1157352
2010;430,00;0;0;0;0;0;0
2010;715,00;493000;1978000;0;1978000;308000;2779000
2010;521,00;21083;463292;0;463292;0;484375
2010;524,00;48632;933377;0;933377;0;982009
2010;432,00;0;71474;0;71474;102168;173642
2010;19,00;11570;117512;0;117512;0;129082
2010;25,00;0;9774;0;9774;0;9774
2010;26,00;;91182;;91182;;91182
2010;890,00;33478;445592;0;445592;0;479070
2010;904,00;0;270708;0;270708;0;270708
2010;957,00;0;50516;0;50516;640920;691436
2010;939,00;1311434;761209;0;761209;0;2072643
2010;236,00;5668;1232911;0;1232911;954;1239533
2010;735,00;0;6000;0;6000;0;6000
2010;146,00;0;180920;0;180920;0;180920
2010;363,00;5999;541854;0;541854;0;547853
2010;187,00;;424640;;424640;;424640
2010;265,00;27716;432000;0;432000;0;459716
2010;295,00;40882;358599;;358599;;399481
2010;496,00;1745;639452;73366;566086;0;641197
2010;77,00;0;300;0;300;0;300
2010;391,00;0;124961;0;124961;0;124961
2010;63,00;0;108231;0;108231;0;108231
2010;240,00;0;359151;0;359151;0;359151
2010;448,00;0;0;0;0;1500;1500
2010;151,00;;45877;;45877;9103;54980
2010;425,00;0;31061;0;31061;0;31061
2010;300,00;;0;;;36600;36600
2010;339,00;1885;1232960;0;1232960;0;1234845
2010;826,00;0;0;0;0;0;0
2010;874,00;0;85614;0;85614;0;85614
2010;905,00;65085;4596442;0;4596442;0;4661527
2010;736,00;0;405143;0;405143;0;405143
2010;459,00;0;437701;0;437701;0;437701
2010;320,00;8161;429445;0;429445;0;437606
2010;45,00;14338;653332;0;653332;82631;750301
2010;292,00;3000;1000;0;1000;0;4000
2010;618,00;0;108177;0;108177;0;108177
2010;463,00;;158811;;158811;;158811
2010;891,00;0;130166;0;130166;0;130166
2010;958,00;41427;551847;0;551847;0;593274
2010;244,00;0;45790;0;45790;0;45790
2010;28,00;0;9452;0;9452;0;9452
2010;444,00;0;1417622;0;1417622;0;1417622
2010;479,00;143960;293806;36083;257723;0;437766
2010;285,00;0;197979;0;197979;0;197979
2010;253,00;0;2840625;0;2840625;0;2840625
2010;481,00;26256;354380;0;354380;4579167;4959803
2010;540,00;0;6910352;;6910352;0;6910352
2010;332,00;;2866;0;2866;0;2866
2010;41,00;0;0;0;0;0;0
2010;510,00;0;38241;0;38241;29401;67642
2010;305,00;296032;185087;0;185087;0;481119
2010;708,00;0;412596;0;412596;0;412596
2010;755,00;17688;3614092;0;3614092;0;3631780
2010;750,00;0;4358010;0;4358010;0;4358010
2010;696,00;0;4810007;0;4810007;0;4810007
2010;434,00;0;176550;0;176550;0;176550
2010;421,00;0;133667;0;133667;0;133667
2010;827,00;0;0;0;0;0;0
2010;933,00;286412;292108;0;292108;0;578520
2010;1030,00;0;332000;0;332000;0;332000
2010;1003,00;0;231674;0;231674;0;231674
2010;1050,00;0;86935;0;86935;0;86935
2010;934,00;0;70424;0;70424;0;70424
2010;629,00;-2290;9531471;0;9531471;0;9529181
2010;21,00;36733;403723;0;403723;1469566;1910022
2010;615,00;20447;225541;0;225541;0;245988
2010;626,00;0;81761;0;81761;0;81761
2010;417,00;282;126390;0;126390;0;126672
2010;597,00;0;877194;0;877194;0;877194
2010;539,00;1382;1921167;0;1921167;0;1922549
2010;343,00;434;727837;0;727837;0;728271
2010;135,00;1063;61497;0;61497;178286;240846
2010;158,00;113800;2347848;0;2347848;0;2461648
2010;775,00;188450;23930309;48081;23882228;0;24118759
2010;177,00;0;1;0;1;0;1
2010;578,00;356319;172188;0;172188;0;528507
2010;416,00;0;2709724;130000;2579724;0;2709724
2010;561,00;0;114260;0;114260;0;114260
2010;828,00;0;91483;0;91483;0;91483
2010;860,00;369886;277430;0;277430;2012785;2660101
2010;935,00;11203;0;0;0;0;11203
2010;936,00;0;15625;0;15625;0;15625
2010;986,00;0;69977;0;69977;146151;216128
2010;987,00;20447;226257;0;226257;0;246704
2010;1021,00;0;15451;0;15451;0;15451
2010;658,00;0;232376;0;232376;0;232376
2010;353,00;0;0;0;0;19000;19000
2010;323,00;0;6998;0;6998;0;6998
2010;620,00;15534;313197;0;313197;0;328731
2010;384,00;0;3397877;0;3397877;0;3397877
2010;484,00;0;462000;0;462000;0;462000
2010;554,00;0;153144;0;153144;0;153144
2010;209,00;19390;241169;0;241169;0;260559
2010;707,00;0;3403627;0;3403627;0;3403627
2010;395,00;249232;331076;0;331076;111045;691353
2010;969,00;8502;353164;0;353164;0;361666
2010;1052,00;0;0;0;0;211586;211586
2010;739,00;0;0;0;0;140149;140149
2010;613,00;0;1428113;0;1428113;0;1428113
2010;593,00;0;1326009;0;1326009;0;1326009
2010;704,00;0;1370732;0;1370732;220775;1591507
2010;493,00;0;0;0;0;0;0
2010;686,00;327301;5659247;0;5659247;0;5986548
2010;257,00;59220;1976340;0;1976340;0;2035560
2010;494,00;19318;276023;;276023;;295341
2010;681,00;80075;2075715;0;2075715;0;2155790
2010;286,00;107607;2359167;0;2359167;0;2466774
2010;255,00;237409;1022061;0;1022061;0;1259470
2010;79,00;24311;0;0;0;0;24311
2010;81,00;0;11940;0;11940;0;11940
2010;688,00;0;116379;66441;49938;0;116379
2010;531,00;0;608721;0;608721;0;608721
2010;514,00;0;18000;0;18000;0;18000
2010;499,00;439107;1331513;;1331513;;1770620
2010;532,00;0;16850;0;16850;0;16850
2010;190,00;0;0;0;0;0;0
2010;598,00;;28000;;28000;;28000
2010;260,00;59919;2600782;0;2600782;0;2660701
2010;838,00;0;28610;0;28610;0;28610
2010;839,00;7509;1028748;493674;535074;7282;1043539
2010;851,00;0;11796;0;11796;0;11796
2010;852,00;390841;1639717;0;1639717;80;2030638
2010;988,00;0;0;0;0;0;0
2010;1056,00;249189;3197000;83318;3113682;0;3446189
2010;644,00;0;1155968;0;1155968;0;1155968
2010;752,00;706544;1478110;0;1478110;0;2184654
2010;238,00;126250;369026;156000;213026;40346;535622
2010;325,00;1059;4423645;0;4423645;0;4424704
2010;622,00;1300;210677;0;210677;0;211977
2010;879,00;0;0;0;0;0;0
2010;906,00;0;0;0;0;0;0
2010;370,00;0;179679;0;179679;0;179679
2010;418,00;23732;222557;0;222557;0;246289
2010;574,00;62217;531299;0;531299;0;593516
2010;399,00;79308;463665;0;463665;0;542973
2010;195,00;18642;179086;0;179086;0;197728
2010;783,00;61486;3189929;0;3189929;6607667;9859082
2010;188,00;1122820;1053439;377422;676017;0;2176259
2010;263,00;149656;1269310;0;1269310;0;1418966
2010;194,00;12106;577814;0;577814;0;589920
2010;214,00;0;77000;0;77000;0;77000
2010;785,00;0;2220157;0;2220157;19863090;22083247
2010;780,00;127766;739740;0;739740;0;867506
2010;83,00;0;83344;0;83344;23295;106639
2010;782,00;203756;9481561;0;9481561;0;9685317
2010;369,00;0;550623;0;550623;0;550623
2010;84,00;0;0;0;0;0;0
2010;713,00;44620;329147;0;329147;0;373767
2010;85,00;0;71934;0;71934;30671;102605
2010;86,00;0;50285;0;50285;21983;72268
2010;941,00;13439;86665;0;86665;0;100104
2010;1045,00;0;14393012;297324;14095688;0;14393012
2010;937,00;12310;294790;0;294790;0;307100
2010;1004,00;;503957;;503957;330;504287
2010;737,00;;1000053;;1000053;;1000053
2010;765,00;0;1629027;0;1629027;8000;1637027
2010;329,00;0;258687;0;258687;0;258687
2010;87,00;0;42974;0;42974;0;42974
2010;527,00;65995;0;0;0;98000;163995
2010;562,00;51380;907021;0;907021;0;958401
2010;251,00;6133;2088002;;2088002;0;2094135
2010;129,00;17604;1575199;0;1575199;0;1592803
2010;154,00;130153;536871;0;536871;0;667024
2010;516,00;;1228578;;1228578;;1228578
2010;184,00;2719;66984;;66984;;69703
2010;652,00;0;399972;0;399972;0;399972
2010;637,00;0;152292;0;152292;0;152292
2010;88,00;0;0;0;0;63273;63273
2010;907,00;168;52828;0;52828;0;52996
2010;970,00;;109899;;109899;;109899
2010;1019,00;8035;70415;;70415;;78450
2010;1016,00;0;0;0;0;0;0
2010;1047,00;0;243622;0;243622;0;243622
2010;635,00;0;227670;0;227670;0;227670
