año,NCODI,camas_instalada,incubadoras_instalada,paritorios_instalada,quirofanos_instalada,salasHemo_instalada,camas_funcionamiento,incubadoras_funcionamiento,paritorios_funcionamiento,quirofanos_funcionamiento,salasHemo_funcionamiento,salas_rx_Hospital,salas_rx_CEP,puesto_HDia_medico,puesto_HDia_psiquiatrico,puesto_HDia_geriatrico,integradasPuestos_HDia_CMA,propiasPuestos_HDia_CMA,propiasQuirofanos_HDia_CMA
2018,971,33,0,0,6,0,21,0,0,6,0,2,,2,,,12,,
2018,128,33,1,1,3,0,33,0,0,3,0,1,0,3,0,0,2,2,1
2018,919,430,8,2,8,0,386,8,2,8,0,5,3,34,8,0,0,0,0
2018,1150,80,0,0,0,0,80,0,0,0,0,0,0,0,0,0,0,0,0
2018,725,938,28,3,32,2,811,28,3,32,2,16,0,144,0,0,0,20,3
2018,3,105,0,0,0,0,94,0,0,0,0,0,0,0,0,0,0,0,0
2018,306,281,0,0,0,0,281,0,0,0,0,0,0,0,0,0,0,0,0
2018,15,29,0,0,3,0,20,0,0,2,0,1,0,3,0,0,3,0,0
2018,264,77,3,1,3,0,77,3,1,3,0,2,0,0,0,0,0,0,0
2018,867,9,0,0,2,0,9,0,0,2,0,1,0,0,0,0,0,0,0
2018,910,229,2,1,11,0,200,2,1,10,0,8,0,22,0,0,1,10,1
2018,1053,320,7,2,8,0,287,7,2,6,0,6,1,15,0,0,8,6,1
2018,1055,381,8,3,15,1,366,8,3,14,1,18,0,45,0,0,0,35,5
2018,1081,100,0,0,0,0,69,0,0,0,0,0,0,0,0,0,0,0,0
2018,1115,11,0,0,2,0,11,0,0,2,0,1,0,0,0,0,0,0,0
2018,529,100,0,0,0,0,90,0,0,0,0,1,0,0,0,27,0,0,0
2018,345,168,0,0,0,0,155,0,0,0,0,0,0,0,0,0,0,0,0
2018,515,40,0,0,3,0,40,0,0,3,0,2,0,0,0,0,0,0,0
2018,174,73,0,0,3,0,73,0,0,3,0,0,0,0,0,0,0,0,0
2018,523,197,0,0,3,0,197,0,0,3,0,5,0,0,0,30,0,0,0
2018,697,193,9,3,6,1,193,9,3,6,1,5,0,1,1,1,1,1,1
2018,239,196,0,0,5,1,104,0,0,5,1,3,0,10,0,0,5,0,0
2018,287,287,4,3,11,1,287,4,3,11,1,6,0,1,0,16,0,0,0
2018,377,106,0,0,0,0,91,0,0,0,0,1,0,0,0,0,0,0,0
2018,692,245,8,5,8,0,267,8,5,8,0,3,0,26,15,0,0,0,0
2018,435,68,1,1,3,1,68,1,1,3,1,2,0,0,0,0,0,0,0
2018,423,31,3,1,2,0,31,2,1,2,0,2,0,0,0,0,2,3,2
2018,351,85,0,0,3,0,50,0,0,3,0,2,0,0,0,0,3,2,1
2018,810,9,0,1,1,0,9,0,1,1,0,1,0,0,0,0,1,1,0
2018,830,224,6,2,8,0,224,6,2,8,0,3,0,7,0,0,10,0,2
2018,892,417,19,6,13,0,363,9,6,13,0,5,0,30,24,0,0,31,13
2018,921,170,4,4,9,1,170,4,4,9,1,2,0,1,0,0,6,6,0
2018,991,13,1,1,1,0,13,1,1,1,0,1,0,3,0,0,0,0,0
2018,992,163,6,1,6,0,162,2,1,6,0,4,0,7,15,0,0,12,1
2018,993,142,5,3,5,0,118,5,3,5,0,2,1,29,13,0,0,6,1
2018,1070,839,30,6,27,3,758,30,6,25,3,10,0,43,40,0,0,0,7
2018,1095,70,0,0,2,0,38,0,0,2,0,1,0,0,0,0,0,0,0
2018,1094,34,0,0,4,0,14,0,0,4,0,1,0,1,0,0,0,4,4
2018,1124,15,0,0,3,0,15,0,0,3,0,0,0,0,0,0,5,10,3
2018,473,67,31,7,6,0,67,31,7,6,0,1,0,1,0,0,0,0,4
2018,663,406,9,2,11,1,397,9,2,11,1,4,2,53,13,0,7,0,0
2018,552,99,0,0,6,0,80,0,0,6,0,4,0,16,0,0,14,0,0
2018,772,648,0,0,25,2,648,0,0,25,2,8,0,70,56,50,0,0,6
2018,568,62,0,0,4,0,51,0,0,4,0,2,0,0,0,0,0,6,0
2018,398,129,0,0,5,0,100,0,0,5,0,2,0,0,0,0,0,0,0
2018,394,55,0,0,2,0,55,0,0,2,0,2,0,0,0,0,0,0,0
2018,614,22,0,0,2,0,22,0,0,2,0,0,0,0,0,0,0,7,0
2018,235,32,0,0,4,0,17,0,0,3,0,1,0,0,0,0,0,0,0
2018,616,90,0,0,6,0,57,0,0,6,0,0,0,19,0,0,0,15,0
2018,267,158,4,2,9,1,140,4,2,9,1,3,0,0,0,0,0,6,1
2018,565,168,0,0,5,0,168,0,0,5,0,1,0,14,15,0,0,22,0
2018,220,105,3,3,9,0,105,3,3,9,0,3,0,16,0,0,0,0,0
2018,278,154,6,3,8,0,154,6,3,8,0,0,0,0,0,0,0,0,0
2018,107,112,0,0,0,0,112,0,0,0,0,0,0,0,15,55,0,0,0
2018,711,623,17,3,22,3,561,17,3,22,3,8,0,93,42,0,22,0,0
2018,204,116,0,0,0,0,116,0,0,0,0,1,0,0,0,22,0,0,0
2018,579,31,0,0,2,0,31,0,0,2,0,4,0,0,0,0,0,0,0
2018,348,152,0,0,2,0,134,0,0,2,0,1,0,70,0,0,0,0,0
2018,766,116,0,0,8,0,110,0,0,8,0,5,0,8,0,0,0,0,0
2018,761,317,0,0,0,0,317,0,0,0,0,0,0,0,25,60,0,0,0
2018,728,332,0,0,20,0,283,0,0,20,0,6,0,11,0,0,0,17,4
2018,280,152,12,4,10,1,152,12,4,10,1,5,0,11,0,0,0,16,3
2018,222,44,0,0,6,0,44,0,0,6,0,0,0,1,0,0,0,0,0
2018,276,202,10,3,14,1,202,10,3,14,1,8,0,16,0,0,18,0,0
2018,11,201,0,2,7,1,170,0,2,7,1,4,0,10,0,0,0,2,0
2018,302,60,2,1,3,0,60,2,1,3,0,0,0,0,0,0,1,1,1
2018,682,161,0,0,8,0,161,0,0,8,0,1,0,11,0,0,0,0,0
2018,279,181,20,5,10,1,181,20,5,10,1,4,0,10,0,0,0,10,4
2018,282,265,11,3,22,3,265,11,3,22,2,8,0,11,0,0,0,31,4
2018,281,273,8,5,10,1,273,8,4,10,1,3,0,10,0,0,0,15,0
2018,183,30,0,0,3,0,30,0,0,3,0,1,0,6,0,0,0,0,0
2018,610,43,0,0,5,0,43,0,0,5,0,1,0,0,0,0,0,19,0
2018,116,428,0,0,0,0,389,0,0,0,0,0,0,0,0,20,0,0,0
2018,115,50,0,0,0,0,50,0,0,0,0,1,0,0,0,0,0,0,0
2018,114,74,0,0,0,0,74,0,0,0,0,0,0,0,0,0,0,0,0
2018,119,30,0,0,4,0,30,0,0,4,0,1,0,0,0,0,0,0,0
2018,770,586,13,3,24,2,584,13,3,24,2,16,0,31,18,0,0,13,4
2018,583,130,0,0,4,0,116,0,0,4,0,4,0,23,0,0,0,0,4
2018,136,209,0,0,0,0,209,0,0,0,0,1,0,0,0,46,0,0,0
2018,469,108,2,1,3,1,101,2,1,3,1,2,0,12,0,15,9,9,0
2018,642,228,2,2,5,0,228,2,2,5,0,8,0,8,0,20,0,14,0
2018,674,358,37,6,15,1,348,37,6,15,1,10,1,24,100,0,0,26,5
2018,193,149,0,0,0,0,149,0,0,0,0,1,0,0,0,17,0,0,0
2018,526,332,12,2,9,0,328,12,2,9,0,8,0,34,0,70,0,10,0
2018,698,819,0,0,32,2,695,0,0,32,2,10,0,41,10,0,0,24,7
2018,630,81,3,2,10,0,68,3,2,10,0,4,0,8,0,0,0,11,0
2018,124,140,0,0,0,0,130,0,0,0,0,0,0,0,0,30,0,0,0
2018,364,74,0,0,0,0,68,0,0,0,0,0,0,0,0,35,0,0,0
2018,439,60,4,2,5,0,60,4,2,5,0,2,0,4,0,0,0,0,1
2018,570,499,8,5,17,0,499,8,5,17,0,5,0,61,31,0,0,0,2
2018,123,190,0,0,0,0,154,0,0,0,0,0,0,0,0,58,0,0,0
2018,310,426,0,0,0,0,426,0,0,0,0,0,0,0,55,55,0,0,0
2018,571,129,2,2,5,0,129,2,2,5,0,3,0,16,0,0,0,1,1
2018,296,177,0,0,0,0,177,0,0,0,0,1,0,0,0,20,0,0,0
2018,566,170,4,3,7,0,118,0,3,7,0,3,0,20,20,0,11,0,0
2018,784,757,18,6,16,0,757,18,6,16,0,6,0,109,60,18,0,17,4
2018,102,647,0,0,0,0,647,0,0,0,0,1,0,0,16,20,0,0,0
2018,379,456,0,0,0,0,453,0,0,0,0,0,0,0,104,0,0,0,0
2018,639,246,1,5,7,0,199,1,5,7,0,0,0,6,0,0,0,8,0
2018,457,83,0,0,2,0,74,0,0,2,0,2,0,2,0,0,10,0,0
2018,609,347,22,2,15,2,306,14,2,15,2,16,0,8,10,0,9,0,0
2018,101,82,0,0,0,0,82,0,0,0,0,0,0,0,0,20,0,0,0
2018,454,231,2,1,4,0,228,2,1,4,0,3,0,20,0,0,0,4,1
2018,318,356,0,0,0,0,333,0,0,0,0,0,0,0,20,25,0,0,0
2018,600,177,2,5,8,0,138,2,5,8,0,3,0,20,0,0,0,16,0
2018,545,457,19,3,14,0,355,14,3,14,0,5,0,56,20,33,0,0,0
2018,100,75,0,0,0,0,75,0,0,0,0,0,0,0,0,32,0,0,0
2018,702,401,9,6,18,2,401,9,6,18,2,6,6,36,56,0,0,0,0
2018,778,222,3,5,10,0,203,3,5,8,0,4,0,60,22,0,0,22,3
2018,341,65,0,0,2,0,65,0,0,2,0,2,0,0,0,0,0,0,0
2018,99,103,0,0,0,0,100,0,0,0,0,0,0,0,0,50,0,0,0
2018,767,117,0,0,5,0,117,0,0,5,0,6,0,8,0,0,0,0,0
2018,359,110,0,0,2,0,110,0,0,2,0,2,0,0,0,30,4,8,2
2018,98,114,0,0,0,0,111,0,0,0,0,0,0,0,0,25,0,0,0
2018,132,125,0,0,0,0,105,0,0,0,0,0,0,0,0,0,0,0,0
2018,97,122,0,0,0,0,120,0,0,0,0,0,0,0,0,30,0,0,0
2018,103,42,0,0,0,0,41,0,0,0,0,0,0,0,0,20,0,0,0
2018,110,99,0,0,0,0,55,0,0,0,0,0,0,0,0,0,0,0,0
2018,94,30,0,0,0,0,30,0,0,0,0,0,0,0,0,0,0,0,0
2018,91,65,0,0,0,0,65,0,0,0,0,0,0,0,0,20,0,0,0
2018,664,373,3,2,12,0,373,3,2,12,0,8,0,55,25,0,17,0,0
2018,918,1133,45,6,39,3,1094,45,6,39,3,13,0,232,0,0,0,0,6
2018,92,56,0,0,0,0,56,0,0,0,0,0,0,0,0,0,0,0,0
2018,95,167,0,0,0,0,167,0,0,0,0,0,0,0,0,23,0,0,0
2018,301,20,0,0,4,0,20,0,0,4,0,1,1,0,0,0,0,0,0
2018,492,120,2,1,6,0,98,2,1,6,0,3,0,17,0,0,0,11,1
2018,811,68,0,1,1,1,68,0,1,1,1,1,0,3,0,0,0,0,0
2018,812,85,0,0,1,0,85,0,0,1,0,0,0,40,0,0,0,0,0
2018,832,20,0,0,0,0,20,0,0,0,0,0,0,0,0,0,0,0,0
2018,841,12,0,0,0,0,12,0,0,0,0,0,0,0,0,25,0,0,0
2018,856,115,0,0,0,0,84,0,0,0,0,0,0,0,0,30,0,0,0
2018,859,90,0,0,0,0,90,0,0,0,0,0,0,0,15,0,0,0,0
2018,861,40,0,0,0,0,40,0,0,0,0,0,0,0,0,0,0,0,0
2018,880,95,0,0,0,0,89,0,0,0,0,0,0,0,0,40,0,0,0
2018,883,153,0,0,0,0,153,0,0,0,0,0,0,0,16,0,0,0,0
2018,884,141,0,0,0,0,96,0,0,0,0,0,0,0,0,30,0,0,0
2018,877,38,0,0,0,0,38,0,0,0,0,0,0,0,0,0,0,0,0
2018,911,363,0,0,0,0,363,0,0,0,0,0,0,0,0,33,0,0,0
2018,913,30,0,0,0,0,30,0,0,0,0,0,0,0,19,0,0,0,0
2018,922,87,5,3,8,1,80,5,3,8,1,2,0,0,0,0,0,0,0
2018,923,143,0,0,0,0,143,0,0,0,0,0,0,0,0,0,0,0,0
2018,924,47,0,0,0,0,47,0,0,0,0,0,0,20,0,0,0,0,0
2018,947,34,0,0,0,0,34,0,0,0,0,0,0,0,0,0,0,0,0
2018,951,51,0,0,0,0,51,0,0,0,0,0,0,0,0,21,0,0,0
2018,1103,123,0,0,0,0,121,0,0,0,0,0,0,0,0,30,0,0,0
2018,972,27,0,0,0,0,27,0,0,0,0,0,0,0,0,0,0,0,0
2018,973,51,0,0,2,1,30,0,0,2,1,2,0,0,0,0,15,10,2
2018,974,153,0,0,0,0,153,0,0,0,0,0,0,0,0,0,0,0,0
2018,975,103,0,0,0,0,103,0,0,0,0,0,0,0,0,25,0,0,0
2018,960,187,0,0,0,0,187,0,0,0,0,0,0,0,0,40,0,0,0
2018,1028,5,0,0,0,0,5,0,0,0,0,0,0,0,0,0,0,0,0
2018,976,195,0,0,0,0,183,0,0,0,0,0,0,0,15,35,0,0,0
2018,977,174,0,0,0,0,174,0,0,0,0,0,0,0,0,0,0,0,0
2018,1020,22,0,0,0,0,22,0,0,0,0,0,0,0,15,0,0,0,0
2018,994,245,6,3,5,0,238,6,3,5,0,6,0,23,0,0,0,30,0
2018,995,84,0,0,0,0,78,0,0,0,0,0,0,0,0,30,0,0,0
2018,1060,25,0,0,0,0,25,0,0,0,0,0,0,0,35,0,0,0,0
2018,1005,56,0,0,0,0,56,0,0,0,0,0,0,0,0,0,0,0,0
2018,1061,10,0,0,0,0,10,0,0,0,0,0,0,0,0,0,0,0,0
2018,1062,38,0,0,0,0,38,0,0,0,0,0,0,0,0,0,0,0,0
2018,1006,52,0,0,0,0,52,0,0,0,0,0,0,0,20,0,0,0,0
2018,1088,10,0,0,5,0,5,0,0,4,0,0,0,0,0,0,0,0,0
2018,1089,106,2,2,9,0,54,2,2,9,0,3,0,6,0,0,8,0,0
2018,1076,4,0,0,0,0,4,0,0,0,0,0,0,0,0,0,0,0,0
2018,1078,98,0,0,0,0,98,0,0,0,0,0,0,0,0,0,0,0,0
2018,1033,421,0,0,12,0,358,0,0,12,0,4,0,47,0,0,0,8,0
2018,1037,35,0,0,0,0,35,0,0,0,0,0,0,0,30,0,0,0,0
2018,1039,60,0,0,0,0,60,0,0,0,0,0,0,0,10,0,0,0,0
2018,1067,209,0,0,0,0,209,0,0,0,0,0,0,0,0,50,0,0,0
2018,1065,228,0,0,0,0,228,0,0,0,0,1,0,0,0,0,0,0,0
2018,1066,96,4,3,9,0,96,4,3,9,0,2,3,6,0,0,0,12,0
2018,1100,109,0,0,0,0,73,0,0,0,0,0,0,0,0,23,0,0,0
2018,1105,245,0,0,0,0,245,0,0,0,0,0,0,0,0,0,0,0,0
2018,1107,17,0,0,3,0,17,0,0,3,0,0,0,0,0,0,0,3,3
2018,1111,95,0,0,0,0,95,0,0,0,0,0,0,0,15,0,0,0,0
2018,1121,28,0,0,0,0,28,0,0,0,0,0,0,0,0,0,0,0,0
2018,1119,46,0,0,0,0,46,0,0,0,0,0,0,0,0,0,0,0,0
2018,207,92,2,2,7,0,92,2,2,7,0,4,0,8,0,0,0,0,0
2018,431,160,0,0,1,0,91,0,0,1,0,1,0,2,0,0,0,2,1
2018,387,123,4,2,3,0,110,2,2,3,0,3,0,6,0,0,1,0,0
2018,179,75,0,0,0,0,75,0,0,0,0,1,0,0,0,0,0,0,0
2018,606,114,3,2,3,0,108,3,2,3,0,4,1,16,0,0,0,0,0
2018,925,865,28,8,24,1,811,28,8,21,1,15,0,58,49,0,60,0,0
2018,541,103,6,2,5,0,88,6,2,4,0,3,0,1,0,0,0,0,0
2018,797,101,2,2,5,0,96,2,2,4,0,5,0,4,0,0,0,8,0
2018,627,250,8,2,7,0,240,6,2,6,0,3,3,16,0,0,0,6,0
2018,173,330,0,0,0,0,330,0,0,0,0,0,0,0,4,0,0,0,0
2018,636,520,20,3,17,2,459,20,17,17,2,10,0,22,0,18,0,17,3
2018,205,34,0,0,3,0,34,0,0,3,0,1,0,0,0,0,0,0,0
2018,814,20,0,0,1,0,20,0,0,1,0,1,0,0,0,0,0,0,0
2018,881,34,2,1,3,1,34,2,1,3,1,1,0,0,0,0,0,0,0
2018,771,740,22,2,24,2,681,22,2,24,2,9,1,89,,,43,,
2018,533,48,5,1,1,1,25,1,1,1,1,1,0,1,0,0,4,0,1
2018,447,380,3,1,7,0,52,1,1,7,0,2,0,8,0,0,0,0,1
2018,815,14,0,1,3,0,9,0,0,3,0,1,0,0,0,0,0,0,0
2018,801,476,19,2,12,2,419,16,2,12,2,9,,39,28,,12,,
2018,800,142,0,0,5,0,72,0,0,5,0,0,0,0,0,0,0,0,0
2018,389,290,2,2,4,0,290,2,2,4,0,2,0,1,0,0,0,8,0
2018,695,328,5,2,12,1,327,5,2,12,1,5,2,36,4,,,16,3
2018,816,110,3,1,5,0,89,1,1,5,0,1,0,7,0,0,0,10,2
2018,833,110,2,1,5,0,110,2,1,5,0,3,0,5,0,0,9,10,1
2018,870,94,2,2,6,1,60,1,2,6,1,2,0,1,0,0,0,0,0
2018,927,51,1,1,2,0,45,0,1,2,0,1,0,1,0,0,0,0,1
2018,961,430,13,5,14,1,441,13,5,14,1,9,,40,15,,,24,
2018,962,34,0,0,3,0,18,0,0,3,0,1,0,0,0,0,2,0,3
2018,1079,40,2,1,2,1,7,2,1,2,1,1,0,2,0,0,0,0,0
2018,1101,69,3,1,3,1,69,3,1,3,1,1,0,1,0,0,2,0,0
2018,666,517,25,2,16,1,517,25,2,16,1,5,5,12,0,0,0,30,0
2018,392,128,0,0,0,0,120,0,0,0,0,2,0,0,0,0,0,0,0
2018,790,256,0,0,7,0,251,0,0,6,0,4,0,36,80,0,6,0,0
2018,650,171,2,2,5,0,154,2,2,5,0,3,0,11,0,0,0,9,0
2018,876,258,9,2,10,0,240,9,2,10,0,5,0,20,0,0,0,9,0
2018,944,29,0,0,4,0,15,0,0,4,0,2,0,0,0,0,0,0,0
2018,952,96,12,2,10,0,90,12,2,10,0,3,0,5,0,0,0,0,1
2018,54,85,0,0,0,0,85,0,0,0,0,0,0,0,30,0,0,0,0
2018,367,47,0,0,4,0,14,0,0,3,0,1,0,1,0,0,0,0,0
2018,538,353,8,2,10,0,282,8,2,9,0,5,1,22,12,0,0,19,4
2018,557,118,3,2,5,0,70,3,2,2,0,3,0,15,0,0,0,6,0
2018,653,141,5,2,5,0,121,2,2,5,0,5,2,14,0,0,6,0,0
2018,647,103,2,3,6,0,98,2,3,6,0,4,0,2,0,0,0,6,0
2018,978,564,23,2,13,1,520,22,2,13,1,14,1,18,20,0,0,23,0
2018,996,155,3,1,4,0,78,3,1,4,0,3,0,9,0,0,12,12,0
2018,729,1186,29,8,37,4,1097,29,8,35,4,16,1,81,80,,28,,4
2018,182,135,5,1,7,1,135,5,1,7,1,3,0,2,0,0,0,7,1
2018,633,151,4,2,8,1,131,4,2,8,1,2,0,0,0,0,0,24,0
2018,685,220,9,3,7,0,227,9,3,7,0,4,,12,20,,12,,
2018,683,135,4,2,5,0,133,4,2,5,0,3,,4,,,4,,
2018,945,74,2,2,4,0,74,2,2,4,0,3,0,5,,,8,,
2018,953,4,0,0,4,0,2,0,0,2,0,0,0,0,0,0,0,0,0
2018,1022,24,0,0,2,0,24,0,0,2,0,3,,2,,,,,
2018,1049,18,0,0,2,0,29,0,0,2,0,2,,1,,,,,
2018,1151,134,8,3,7,1,134,8,3,7,1,1,0,8,0,0,8,0,0
2018,794,1346,28,3,33,3,1272,28,3,33,3,8,6,91,25,0,7,0,0
2018,415,56,0,0,4,0,56,0,0,4,0,1,0,24,0,0,0,0,0
2018,592,120,0,1,7,0,108,0,1,6,0,2,0,0,0,0,0,0,0
2018,497,120,0,0,5,1,120,0,0,5,1,2,0,0,0,0,0,0,0
2018,458,145,10,2,9,1,145,9,2,9,1,4,0,0,0,0,0,0,0
2018,726,457,16,2,12,0,412,16,2,12,0,9,1,28,15,0,0,8,4
2018,272,150,0,0,4,0,120,0,0,4,0,2,0,0,0,0,0,0,0
2018,805,1396,35,3,31,3,1281,34,3,31,3,16,1,47,50,0,0,0,7
2018,234,110,2,1,14,0,110,2,1,13,0,1,0,13,0,0,0,0,0
2018,64,98,0,0,0,0,98,0,0,0,0,0,0,0,0,0,0,0,0
2018,842,81,0,1,4,0,81,0,1,4,0,3,0,0,0,0,9,0,0
2018,843,78,2,1,3,0,78,2,1,3,0,4,0,4,0,0,3,4,0
2018,803,388,7,2,11,0,376,7,2,9,0,6,2,24,10,0,14,0,0
2018,211,30,0,0,3,0,30,0,0,3,0,2,0,0,0,0,3,3,3
2018,773,368,28,3,11,2,337,28,3,11,2,3,0,21,0,0,0,0,1
2018,424,44,2,1,3,0,44,2,1,3,0,1,0,6,0,0,6,4,1
2018,298,114,5,1,7,1,114,4,1,7,1,6,0,2,0,0,10,0,0
2018,594,28,1,0,3,0,19,0,0,3,0,1,0,0,0,0,14,14,3
2018,237,101,0,0,3,0,101,0,0,3,0,2,0,0,0,25,0,0,0
2018,16,23,0,0,0,0,23,0,0,0,0,0,0,0,0,0,0,0,0
2018,113,182,0,0,0,0,159,0,0,0,0,0,0,0,27,0,0,0,0
2018,619,65,0,0,6,1,65,0,0,6,1,3,0,4,0,0,4,0,0
2018,163,20,0,0,4,0,20,0,0,4,0,5,0,0,0,0,0,9,4
2018,131,82,0,0,0,0,37,0,0,0,0,0,0,0,0,0,0,0,0
2018,375,63,0,0,0,0,63,0,0,0,0,1,0,0,0,0,0,0,0
2018,1090,791,23,3,23,2,724,21,3,22,2,10,6,86,4,0,60,0,2
2018,764,705,13,2,16,1,611,13,2,16,1,17,0,16,56,8,32,0,0
2018,14,42,3,2,3,0,40,3,2,3,0,1,0,5,0,0,3,0,3
2018,657,135,4,2,4,0,95,3,1,3,0,3,0,8,0,0,8,0,0
2018,362,65,2,1,3,1,65,2,1,3,1,7,0,0,0,0,8,0,0
2018,989,93,2,1,4,0,54,1,1,4,0,5,0,6,0,0,0,0,0
2018,990,114,1,1,4,0,89,1,1,4,0,2,0,13,0,0,0,8,0
2018,680,776,24,3,28,2,717,24,3,28,2,12,3,48,0,0,3,0,0
2018,411,106,4,1,9,2,106,4,1,9,2,2,0,6,0,0,0,0,0
2018,241,96,3,2,7,1,96,3,2,7,1,2,0,6,0,0,2,0,0
2018,558,287,4,3,7,0,226,4,3,7,0,9,1,20,0,0,1,11,1
2018,167,26,2,1,2,0,6,1,1,1,0,1,0,0,0,0,0,0,0
2018,248,163,0,0,4,1,163,0,0,4,1,2,0,10,0,0,0,0,0
2018,224,30,1,1,2,0,23,1,1,2,0,2,0,0,0,0,0,0,1
2018,591,412,15,2,15,1,388,15,2,15,1,10,0,63,2,0,0,0,4
2018,586,373,14,2,11,0,363,14,2,11,0,4,4,29,12,0,0,16,0
2018,453,179,0,0,0,0,111,0,0,0,0,2,0,1,0,0,0,0,0
2018,145,96,0,0,0,0,96,0,0,0,0,0,0,0,0,0,0,0,0
2018,511,270,11,2,9,0,253,11,2,9,0,6,3,10,0,0,0,14,0
2018,530,336,8,2,9,0,313,8,2,9,0,6,3,25,0,0,0,2,2
2018,6,66,3,1,8,0,55,3,1,8,0,1,0,0,0,0,10,0,0
2018,161,425,0,0,0,0,343,0,0,0,0,0,0,0,0,0,0,0,0
2018,623,390,14,2,10,2,371,14,2,10,2,8,2,18,0,0,0,0,0
2018,349,19,0,0,1,0,19,0,0,1,0,1,0,0,0,0,0,0,0
2018,875,102,0,0,7,1,102,0,0,7,1,2,0,6,0,0,2,0,0
2018,946,140,3,1,4,1,140,3,1,4,1,3,0,0,0,0,0,0,0
2018,1023,277,6,2,11,1,229,6,2,11,1,3,0,38,0,0,29,0,0
2018,1054,267,12,2,15,1,211,6,2,13,1,6,0,16,0,0,0,24,2
2018,1057,107,0,0,0,0,81,0,0,0,0,4,0,0,0,0,0,0,0
2018,1031,40,0,0,0,0,8,0,0,0,0,0,0,1,0,0,0,0,0
2018,1032,230,8,8,12,1,192,8,8,12,1,2,0,25,0,0,31,0,0
2018,1064,100,2,2,9,1,100,2,2,9,1,1,0,0,0,0,0,0,0
2018,226,82,2,1,5,1,82,2,1,5,1,2,0,0,0,0,5,0,5
2018,687,202,6,6,7,0,161,6,6,7,0,4,,24,20,,,12,1
2018,745,717,44,3,17,2,695,44,3,17,2,6,3,78,82,,25,,
2018,109,92,3,2,11,1,90,3,2,6,1,4,0,0,0,0,1,0,0
2018,808,309,10,8,9,0,291,7,8,8,0,5,0,20,22,,,17,7
2018,768,80,1,1,2,0,72,1,1,2,0,2,0,6,0,25,5,0,0
2018,617,155,4,5,6,0,138,4,5,5,0,3,0,10,0,0,0,15,0
2018,297,41,1,1,3,0,41,1,1,3,0,1,0,0,0,0,0,0,0
2018,105,63,0,0,0,0,63,0,0,0,0,0,0,0,0,10,0,0,0
2018,544,136,1,3,3,0,136,1,3,3,0,3,0,10,0,17,10,0,0
2018,804,142,2,4,5,0,117,2,4,5,0,3,0,11,0,0,15,0,0
2018,104,128,0,0,0,0,128,0,0,0,0,0,0,0,50,0,0,0,0
2018,20,36,0,0,0,0,36,0,0,0,0,0,0,0,0,0,0,0,0
2018,550,90,0,0,4,0,90,0,0,4,0,6,0,11,0,0,0,14,0
2018,112,24,0,0,0,0,24,0,0,0,0,0,0,0,0,25,0,0,0
2018,818,105,0,0,0,0,105,0,0,0,0,0,0,0,0,19,0,0,0
2018,882,52,0,0,0,0,52,0,0,0,0,0,0,0,0,20,0,0,0
2018,914,131,0,0,0,0,131,0,0,0,0,0,0,0,0,40,0,0,0
2018,928,38,0,0,0,0,38,0,0,0,0,0,0,23,0,0,0,0,0
2018,964,269,4,3,7,0,221,4,3,7,0,3,0,26,0,0,6,0,0
2018,1026,100,0,0,0,0,100,0,0,0,0,0,0,0,0,20,0,0,0
2018,1068,160,0,0,0,0,80,0,0,0,0,0,0,0,0,32,0,0,0
2018,1108,64,2,2,4,0,44,2,2,4,0,2,0,5,0,0,5,0,0
2018,404,102,0,0,2,0,102,0,0,2,0,1,0,0,0,0,0,7,2
2018,270,91,3,3,8,1,91,3,3,8,1,2,0,7,0,0,0,0,0
2018,676,119,4,4,5,0,117,4,4,5,0,5,,11,,,,15,1
2018,709,184,3,4,7,0,178,3,4,7,0,5,,17,20,,11,16,1
2018,754,939,18,4,42,2,906,18,4,40,2,12,,147,85,,0,31,9
2018,997,50,0,2,2,0,22,0,2,2,0,2,,1,,,10,,
2018,1069,30,0,0,1,0,22,0,0,1,0,2,,1,,,6,,
2018,1118,73,2,2,9,1,73,1,1,7,1,6,0,6,10,0,5,23,0
2018,1116,493,23,6,22,2,476,23,6,20,2,7,,83,20,,,52,
2018,734,432,8,1,12,2,346,8,1,12,2,6,2,34,37,12,0,26,0
2018,299,57,0,0,2,0,40,0,0,2,0,1,0,0,0,0,0,3,2
2018,645,40,0,0,1,0,40,0,0,1,0,1,0,0,0,0,0,0,0
2018,17,165,0,0,0,0,165,0,0,0,0,0,0,0,0,0,0,0,0
2018,1046,147,0,0,0,0,72,0,0,0,0,0,0,0,0,0,0,0,0
2018,420,26,0,0,3,0,26,0,0,3,0,4,0,0,0,0,0,0,0
2018,802,102,0,0,0,0,102,0,0,0,0,1,0,0,0,0,0,0,0
2018,266,164,4,1,11,2,164,4,1,11,2,4,0,1,0,0,1,18,1
2018,769,75,0,0,4,0,39,0,0,3,0,2,0,16,0,0,0,0,0
2018,776,95,1,0,5,0,94,1,0,5,0,3,2,7,0,0,1,4,1
2018,640,105,1,3,6,0,75,1,3,5,0,3,0,4,0,0,8,0,0
2018,315,433,0,0,0,0,424,0,0,0,0,0,0,0,20,20,0,0,0
2018,40,279,0,0,0,0,279,0,0,0,0,0,0,0,0,0,0,0,0
2018,508,104,0,0,5,0,104,0,0,5,0,1,2,1,0,0,0,3,2
2018,46,80,0,0,0,0,80,0,0,0,0,0,0,0,0,0,0,0,0
2018,590,128,1,4,5,0,127,1,4,5,0,4,2,10,0,0,0,0,0
2018,777,117,2,4,5,0,95,2,4,5,0,4,1,20,0,0,0,0,0
2018,897,1171,22,9,34,1,1076,22,9,33,1,9,13,67,0,0,57,12,3
2018,965,88,0,0,0,0,81,0,0,0,0,0,0,0,0,0,0,0,0
2018,671,226,0,0,8,0,205,0,0,7,0,5,0,19,,,,8,
2018,461,202,1,1,5,0,8,0,0,2,0,1,0,1,0,0,0,0,0
2018,376,20,1,1,2,0,20,1,1,2,0,2,0,0,0,0,0,0,0
2018,621,115,1,2,4,0,111,1,2,4,0,2,0,12,3,,15,,
2018,793,633,23,8,21,2,584,23,8,21,2,6,8,62,32,,12,27,7
2018,1102,56,4,2,6,1,36,1,1,5,1,1,0,2,0,0,5,0,0
2018,1147,60,1,1,4,0,28,0,0,2,0,1,0,0,0,0,0,0,0
2018,712,297,3,2,8,0,245,3,2,6,0,5,0,18,0,0,7,0,0
2018,32,110,0,0,0,0,107,0,0,0,0,0,0,0,15,0,0,0,0
2018,361,70,0,0,0,0,70,0,0,0,0,1,0,0,0,12,0,0,0
2018,486,40,1,1,3,0,30,0,0,3,0,1,0,0,0,0,0,0,0
2018,595,172,4,2,5,0,166,4,2,5,0,3,1,23,0,0,8,0,0
2018,433,50,0,2,2,0,44,0,2,2,0,2,0,0,0,0,4,0,0
2018,1058,32,0,0,2,0,18,0,0,1,0,1,0,0,0,0,0,0,0
2018,261,39,0,0,4,0,39,0,0,4,0,1,0,0,0,0,0,0,0
2018,730,204,4,2,7,0,181,4,2,7,0,7,0,19,7,,,14,
2018,577,219,6,2,6,0,233,6,2,6,0,5,0,10,,,,22,
2018,788,769,11,4,24,1,730,11,4,24,1,10,5,94,45,,1,1,5
2018,865,95,3,2,4,0,98,3,2,4,0,3,0,5,,,,,
2018,979,24,0,0,2,0,24,0,0,2,0,2,0,2,,,,,
2018,998,18,0,0,1,0,18,0,0,1,0,1,0,1,,,,,
2018,1072,28,0,0,2,0,28,0,0,2,0,2,0,2,,,,8,2
2018,221,120,0,0,3,0,90,0,0,3,0,3,0,0,0,0,0,0,0
2018,506,75,3,2,5,0,75,3,2,5,0,2,0,0,0,0,0,0,3
2018,727,408,9,3,11,0,375,9,3,9,0,9,0,19,0,0,0,0,0
2018,355,74,0,0,2,0,74,0,0,2,0,3,0,0,0,0,0,0,0
2018,487,297,0,0,6,0,285,0,0,6,0,2,0,0,0,0,0,0,0
2018,938,1056,16,2,21,2,973,16,2,21,2,8,11,20,10,0,0,0,2
2018,886,110,0,0,3,0,103,0,0,2,0,1,0,0,0,0,0,0,1
2018,835,46,1,1,2,0,46,1,1,2,0,0,0,4,0,0,0,0,0
2018,999,15,0,0,0,0,12,0,0,0,0,1,0,0,0,0,0,0,0
2018,798,480,16,2,14,1,409,16,2,14,1,8,0,80,0,0,10,10,2
2018,504,192,0,0,5,0,192,0,0,5,0,5,0,15,20,20,0,8,0
2018,247,43,1,1,3,0,43,1,1,3,0,2,1,6,0,0,0,5,2
2018,216,55,2,1,3,0,51,2,1,3,0,2,0,2,0,0,3,3,1
2018,654,63,2,2,5,0,63,1,2,5,0,1,0,0,0,0,5,0,0
2018,65,75,0,0,0,0,75,0,0,0,0,0,0,0,0,0,0,0,0
2018,472,78,2,1,3,0,54,2,1,3,0,2,0,4,0,10,0,0,0
2018,427,36,0,0,0,0,36,0,0,0,0,1,0,0,0,10,0,0,0
2018,491,64,2,1,2,0,60,2,1,2,0,2,0,3,0,0,8,0,0
2018,551,30,1,1,1,0,30,1,1,1,0,1,0,15,0,0,15,0,0
2018,106,120,0,0,0,0,120,0,0,0,0,0,0,0,0,12,0,0,0
2018,819,137,0,0,0,0,126,0,0,0,0,0,0,0,0,0,0,0,0
2018,836,20,0,0,0,0,20,0,0,0,0,0,0,0,0,0,0,0,0
2018,915,126,0,0,0,0,120,0,0,0,0,0,0,0,0,23,0,0,0
2018,942,12,0,0,0,0,12,0,0,0,0,0,0,0,0,0,0,0,0
2018,1140,130,0,0,0,0,125,0,0,0,0,0,0,0,0,0,0,0,0
2018,748,590,12,3,22,1,565,12,3,19,1,11,4,26,27,0,0,24,7
2018,198,87,0,0,0,0,87,0,0,0,0,0,0,0,0,0,0,0,0
2018,871,80,1,3,4,0,56,1,3,4,0,3,0,10,0,0,11,0,0
2018,948,52,1,1,3,1,52,1,1,3,1,1,0,0,0,0,0,0,0
2018,1051,140,0,0,0,0,137,0,0,0,0,0,0,0,0,0,0,0,0
2018,1083,26,0,0,0,0,26,0,0,0,0,0,0,0,0,0,0,0,0
2018,1096,75,0,0,0,0,75,0,0,0,0,1,0,0,0,0,0,0,0
2018,679,848,13,1,18,1,781,13,1,18,1,22,0,46,15,,0,0,0
2018,176,75,0,0,5,0,75,0,0,5,0,1,0,0,0,0,0,0,0
2018,537,69,0,0,6,0,60,0,0,5,0,2,0,6,0,0,3,1,2
2018,608,140,8,2,6,0,140,8,2,5,0,7,0,19,0,0,0,4,0
2018,596,140,5,1,5,0,140,3,1,4,0,5,0,10,0,0,5,5,5
2018,749,901,0,0,45,3,822,0,0,38,3,29,6,79,21,0,23,0,0
2018,758,1196,50,5,38,3,1123,41,5,38,3,12,8,60,34,0,32,30,6
2018,1104,861,20,2,24,3,706,16,2,22,3,12,7,81,55,14,15,18,8
2018,567,156,0,0,11,0,91,0,0,9,0,2,0,0,50,0,0,30,3
2018,677,524,0,0,14,2,408,0,0,12,2,5,1,52,10,0,24,0,0
2018,670,170,0,0,6,0,148,0,0,6,0,3,0,44,30,0,10,0,0
2018,588,154,0,0,9,0,128,0,0,7,0,2,0,15,0,18,12,0,0
2018,753,1349,66,9,44,4,1142,49,9,32,4,14,3,144,44,0,0,55,9
2018,887,334,0,0,0,0,326,0,0,0,0,1,0,0,0,0,0,0,0
2018,245,176,5,2,10,1,176,5,2,10,1,4,0,0,0,0,0,0,0
2018,603,188,6,2,8,1,169,6,2,8,1,3,0,5,0,0,8,4,1
2018,426,74,0,0,3,0,74,0,0,3,0,3,0,0,0,0,0,0,0
2018,232,84,12,2,5,0,79,12,2,5,0,1,0,0,0,0,5,5,2
2018,288,160,0,0,7,0,160,0,0,7,0,5,0,9,0,0,0,9,2
2018,246,76,6,2,8,0,82,6,2,8,0,2,0,6,0,0,0,0,0
2018,284,168,12,1,12,1,168,8,1,12,1,4,0,0,0,0,0,0,0
2018,18,94,0,0,0,0,83,0,0,0,0,0,0,0,0,0,0,0,0
2018,356,99,0,0,0,0,99,0,0,0,0,0,0,0,60,0,0,0,0
2018,401,259,0,0,0,0,259,0,0,0,0,1,0,1,0,0,0,0,0
2018,733,659,15,5,20,1,562,10,5,20,1,5,4,26,4,0,7,0,3
2018,243,76,0,0,5,0,76,0,0,4,0,2,0,0,0,0,0,6,1
2018,380,250,0,0,0,0,164,0,0,0,0,1,0,0,0,0,0,0,0
2018,716,70,0,0,9,0,70,0,0,9,0,2,0,14,0,0,0,0,0
2018,534,100,0,0,7,1,100,0,0,7,1,4,0,7,0,0,0,0,0
2018,185,92,0,0,11,1,68,0,0,11,1,2,0,0,0,0,8,0,0
2018,258,180,0,0,10,1,149,0,0,10,1,3,0,9,1,0,4,4,3
2018,505,20,0,0,3,0,20,0,0,3,0,1,0,6,0,0,0,0,0
2018,268,163,0,0,10,1,163,0,0,10,1,1,0,10,0,0,0,0,0
2018,602,143,8,2,10,1,143,8,2,10,1,2,0,3,0,0,4,0,0
2018,254,171,7,9,10,1,171,7,9,10,1,2,0,16,0,0,5,0,0
2018,705,116,14,3,7,1,116,14,3,7,1,3,0,7,0,0,3,0,0
2018,133,60,10,2,3,0,45,6,2,3,0,1,0,0,0,0,0,0,0
2018,33,96,0,0,0,0,96,0,0,0,0,0,0,0,20,0,0,0,0
2018,143,67,0,0,0,0,67,0,0,0,0,0,0,1,2,0,0,0,0
2018,36,120,0,0,0,0,120,0,0,0,0,0,0,0,20,0,0,0,0
2018,756,475,3,3,16,2,423,3,3,16,2,5,0,14,0,0,0,0,0
2018,662,507,10,3,15,1,407,10,3,13,1,6,4,23,30,0,18,0,0
2018,192,192,0,0,0,0,179,0,0,0,0,1,0,0,0,0,0,0,0
2018,382,320,0,0,0,0,320,0,0,0,0,1,0,0,0,0,0,0,0
2018,322,339,0,0,0,0,339,0,0,0,0,1,0,0,0,0,0,0,0
2018,478,133,0,0,5,0,133,0,0,5,0,4,0,0,0,0,0,0,0
2018,352,144,0,0,0,0,120,0,0,0,0,1,0,0,0,0,0,0,0
2018,628,386,7,4,13,1,336,7,4,12,1,10,5,40,0,0,0,0,0
2018,495,116,0,0,6,0,88,0,0,6,0,3,0,0,0,0,0,6,0
2018,845,332,11,1,12,0,248,11,1,11,0,5,3,16,30,0,2,18,3
2018,498,91,4,2,6,0,74,3,1,4,0,2,0,3,0,0,6,0,0
2018,314,202,0,0,0,0,178,0,0,0,0,1,0,0,0,0,0,0,0
2018,720,99,0,0,5,0,92,0,0,5,0,3,0,5,0,0,5,0,0
2018,721,510,8,2,17,1,397,3,2,15,1,13,3,28,30,15,13,0,0
2018,485,20,0,0,3,0,20,0,0,3,0,0,0,5,1,0,0,4,3
2018,273,235,2,1,14,1,200,2,1,14,1,2,0,16,0,0,14,8,0
2018,846,400,10,2,15,1,363,10,2,15,1,10,0,34,3,0,21,0,0
2018,847,94,0,0,9,0,85,0,0,9,0,3,0,0,0,0,0,23,3
2018,848,170,20,3,8,2,160,18,3,8,2,7,0,11,0,0,5,0,0
2018,916,99,0,0,4,0,85,0,0,3,0,2,0,16,0,0,4,0,0
2018,930,81,6,3,5,1,81,6,2,4,1,1,0,8,0,0,0,7,0
2018,954,406,14,3,11,1,321,14,3,10,1,5,2,20,0,0,12,0,0
2018,943,86,0,0,6,0,83,0,0,6,0,3,0,8,0,0,8,0,0
2018,949,1268,69,8,50,3,1101,67,8,47,3,25,8,118,82,8,47,0,0
2018,980,126,14,2,6,1,126,14,2,6,1,3,0,7,0,0,6,0,0
2018,981,53,0,0,5,0,46,0,0,5,0,1,0,1,0,0,12,8,2
2018,1024,220,14,2,16,1,180,9,2,12,1,2,0,26,0,0,0,17,0
2018,1017,47,0,0,0,0,35,0,0,0,0,0,0,10,0,0,0,0,0
2018,1000,198,0,0,13,1,195,0,0,10,1,3,0,34,0,0,7,0,0
2018,1018,158,4,4,8,1,138,2,4,8,1,2,0,17,1,1,0,0,0
2018,1001,91,7,2,10,1,91,7,2,10,1,2,0,8,0,0,0,6,0
2018,1007,271,12,7,12,0,269,9,7,11,0,10,0,25,30,0,0,20,4
2018,1008,243,8,3,7,0,232,8,3,7,0,4,0,26,0,0,0,20,0
2018,1010,132,8,3,5,0,131,8,3,5,0,4,0,13,0,0,0,18,0
2018,1011,98,4,2,5,0,87,4,2,4,0,3,0,9,0,0,17,0,0
2018,1012,188,8,8,9,0,168,6,6,9,0,5,0,24,0,0,0,13,0
2018,1013,613,24,12,21,2,517,24,12,20,2,10,0,62,25,0,42,0,0
2018,1041,160,0,0,0,0,149,0,0,0,0,0,0,0,0,0,0,0,0
2018,1073,250,10,8,10,1,171,7,8,10,1,3,0,20,15,0,12,26,10
2018,1087,364,6,6,13,1,356,4,6,13,1,4,0,56,2,0,0,0,0
2018,1109,209,5,4,9,1,201,5,4,9,1,3,0,24,6,0,0,17,0
2018,1110,182,8,6,9,1,145,8,6,8,1,5,0,7,0,0,2,2,2
2018,1112,20,0,0,3,0,10,0,0,3,0,1,0,4,0,0,0,0,0
2018,1120,99,0,0,0,0,66,0,0,0,0,1,0,0,0,0,0,0,0
2018,1148,72,7,2,6,1,30,2,2,4,1,2,0,10,0,0,2,0,0
2018,1126,361,10,8,13,0,338,10,8,12,0,7,4,55,16,0,21,9,0
2018,1152,178,0,0,0,0,173,0,0,0,0,0,0,0,141,0,0,0,0
2018,789,351,0,0,0,0,342,0,0,0,0,0,0,0,0,0,0,0,0
2018,326,154,0,0,0,0,154,0,0,0,0,0,0,0,15,0,0,0,0
2018,442,103,7,3,9,1,103,7,3,9,1,1,0,1,0,0,0,1,0
2018,294,128,5,1,5,1,128,5,1,5,1,1,0,9,0,0,1,0,0
2018,378,52,2,2,5,0,46,1,2,5,0,1,0,2,0,0,4,0,0
2018,402,105,0,0,7,1,80,0,0,7,1,3,0,0,0,0,0,0,0
2018,29,185,0,0,0,0,174,0,0,0,0,0,0,0,0,0,0,0,0
2018,450,32,0,0,4,0,2,0,0,4,0,1,0,0,0,0,5,0,0
2018,656,173,4,2,6,0,131,4,2,6,0,2,,20,12,,,12,
2018,333,72,1,1,5,1,72,1,1,5,1,1,0,21,0,0,0,0,0
2018,684,196,3,4,8,0,193,3,4,7,0,5,,14,5,,,7,
2018,422,90,0,0,4,1,30,0,0,3,1,1,0,4,0,0,0,1,1
2018,763,1073,70,13,37,2,1017,70,13,36,2,20,2,83,,,59,,4
2018,741,629,4,5,24,2,579,4,5,22,2,12,6,69,51,,,22,
2018,553,394,8,6,11,1,382,8,6,8,1,6,1,28,,,6,,
2018,357,202,2,1,5,0,12,0,0,2,0,2,0,0,0,0,0,12,1
2018,899,73,0,0,0,0,73,0,0,0,0,0,0,0,0,0,0,0,0
2018,900,13,0,0,2,0,12,0,0,2,0,1,0,0,0,0,2,0,0
2018,950,6,0,0,1,0,6,0,0,1,0,1,0,0,0,0,0,0,1
2018,966,39,2,1,2,1,27,1,1,2,1,2,0,0,0,0,0,0,1
2018,967,15,0,0,0,0,9,0,0,0,0,0,0,20,0,0,0,0,0
2018,982,128,1,0,6,1,115,0,0,5,1,4,0,11,0,0,4,11,2
2018,1014,17,0,0,3,0,18,0,0,3,0,3,,6,,,,17,3
2018,1080,121,11,2,7,1,121,11,2,7,1,2,0,8,0,0,0,6,1
2018,1074,12,0,0,2,0,12,0,0,2,0,1,0,1,0,0,0,0,0
2018,1084,8,0,0,4,0,7,0,0,4,0,1,0,2,0,0,0,2,4
2018,1113,20,1,1,2,0,20,1,1,2,0,1,0,11,0,0,2,1,1
2018,1137,14,0,0,2,0,12,0,0,2,0,1,0,0,0,0,0,0,2
2018,1142,159,6,3,7,0,130,6,3,7,0,4,,7,,,,8,2
2018,722,920,87,15,29,3,920,87,15,26,3,18,1,68,0,0,19,10,2
2018,660,339,0,0,12,0,323,0,0,10,0,5,0,10,0,0,21,0,0
2018,75,96,0,0,0,0,96,0,0,0,0,0,0,0,40,0,0,0,0
2018,249,131,3,2,8,1,131,3,2,8,1,3,0,1,0,0,8,0,0
2018,227,123,6,4,10,1,112,6,4,10,1,2,0,13,0,0,0,0,2
2018,150,71,0,0,4,0,71,0,0,4,0,2,0,0,0,0,4,0,0
2018,47,50,0,0,0,0,50,0,0,0,0,0,0,0,0,0,0,0,0
2018,172,139,0,0,6,0,139,0,0,6,0,1,0,6,0,0,6,0,1
2018,581,103,3,2,5,0,103,3,2,5,0,4,0,1,0,0,1,0,0
2018,120,38,0,0,1,0,38,0,0,1,0,1,0,0,0,0,0,1,0
2018,445,154,0,0,2,0,140,0,0,2,0,0,0,0,0,0,0,0,0
2018,471,307,0,0,7,0,307,0,0,7,0,3,0,0,0,0,0,0,0
2018,53,40,0,0,0,0,40,0,0,0,0,0,0,0,0,0,0,0,0
2018,199,175,0,0,3,0,175,0,0,3,0,1,0,0,0,0,4,0,0
2018,575,255,6,7,10,0,187,6,7,10,0,4,0,9,0,0,9,0,0
2018,528,96,6,3,5,0,96,6,3,4,0,3,1,2,0,0,5,0,0
2018,631,287,7,5,6,0,276,7,5,6,0,4,2,12,0,0,6,0,1
2018,699,394,0,0,10,0,370,0,0,10,0,9,2,36,0,0,37,0,0
2018,823,26,0,0,3,0,26,0,0,3,0,1,0,0,0,0,3,0,0
2018,849,124,0,0,5,0,86,0,0,5,0,3,0,0,0,0,6,0,0
2018,869,83,0,0,5,0,83,0,0,5,0,3,0,0,0,0,0,0,0
2018,955,62,0,0,0,0,62,0,0,0,0,0,0,0,0,0,0,0,0
2018,983,222,0,0,0,0,222,0,0,0,0,0,0,0,0,0,0,0,0
2018,1002,60,0,0,0,0,60,0,0,0,0,0,0,0,0,0,0,0,0
2018,1015,691,14,8,25,2,606,14,8,25,2,22,0,69,0,0,43,0,0
2018,1153,40,0,0,2,0,40,0,0,2,0,2,0,0,0,0,0,0,0
2018,51,84,0,0,0,0,54,0,0,0,0,0,0,0,32,0,0,0,0
2018,441,193,0,0,7,0,193,0,0,7,0,3,0,0,0,0,0,0,0
2018,327,231,0,0,0,0,219,0,0,0,0,0,0,0,38,20,0,0,0
2018,690,241,4,2,17,1,210,4,2,15,1,3,0,24,0,0,2,0,0
2018,262,72,2,2,6,1,72,2,2,6,1,2,1,6,0,0,0,6,0
2018,403,5,0,0,2,0,5,0,0,2,0,1,0,0,0,0,0,0,0
2018,312,154,0,0,0,0,154,0,0,0,0,0,0,0,15,0,0,0,0
2018,589,93,2,1,4,0,86,2,1,4,0,6,0,6,0,0,8,0,0
2018,665,192,3,2,5,0,181,3,2,5,0,4,0,30,0,0,0,1,1
2018,334,21,0,0,0,0,21,0,0,0,0,0,0,1,1,1,0,0,0
2018,1075,1086,28,3,39,1,945,28,3,39,1,13,10,90,0,0,0,44,0
2018,751,1018,9,2,21,1,826,9,2,19,1,10,2,81,20,0,0,23,4
2018,186,43,1,0,3,1,43,1,0,3,1,3,0,0,0,0,0,0,0
2018,646,100,2,1,2,0,100,2,1,2,0,3,0,10,0,0,2,1,2
2018,536,79,1,1,3,0,79,1,1,3,0,5,0,8,0,0,3,1,1
2018,242,49,2,0,2,0,49,1,0,2,0,2,0,0,0,0,0,0,0
2018,490,204,0,0,5,0,166,0,0,4,0,1,0,1,0,15,0,15,0
2018,500,105,3,2,6,1,105,2,2,6,1,4,0,8,0,0,7,0,0
2018,206,48,0,0,3,0,48,0,0,3,0,1,0,0,0,0,0,0,0
2018,58,36,0,0,0,0,32,0,0,0,0,0,0,0,10,0,0,0,0
2018,572,436,12,4,11,0,345,12,4,9,0,10,0,17,50,0,12,0,0
2018,180,90,0,0,2,0,82,0,0,2,0,1,0,0,0,0,0,0,0
2018,549,103,3,2,3,0,103,3,2,3,0,6,0,6,0,0,0,0,0
2018,582,105,3,1,3,0,101,3,1,3,0,3,0,4,0,0,2,0,0
2018,743,457,15,2,14,1,436,15,2,13,1,6,3,38,0,0,20,0,0
2018,795,120,0,0,5,0,114,0,0,5,0,1,0,0,0,0,7,9,0
2018,269,29,0,0,3,0,29,0,0,3,0,1,0,0,0,0,0,0,0
2018,634,233,0,0,6,0,192,0,0,6,0,4,0,6,0,0,0,0,0
2018,1,39,0,0,4,0,39,0,0,4,0,1,0,1,0,0,0,0,0
2018,717,223,8,2,5,0,211,8,2,5,0,4,0,7,15,0,,,
2018,373,140,0,0,0,0,138,0,0,0,0,1,0,0,0,0,0,0,0
2018,535,176,3,3,7,0,146,3,3,5,0,9,0,9,20,0,0,14,0
2018,824,991,32,6,33,2,951,32,6,27,2,36,7,113,12,0,45,1,1
2018,888,90,2,1,3,0,90,2,1,3,0,2,0,0,0,0,0,0,0
2018,902,20,0,0,0,0,20,0,0,0,0,1,0,0,0,0,0,0,0
2018,968,42,0,0,0,0,42,0,0,0,0,0,0,0,0,0,0,0,0
2018,1130,40,0,0,0,0,28,0,0,0,0,0,0,0,0,0,0,0,0
2018,1141,3,0,0,2,0,3,0,0,2,0,0,0,0,0,0,0,0,0
2018,1145,32,0,0,0,0,30,0,0,0,0,1,0,0,0,0,0,0,0
2018,1122,28,0,0,0,0,20,0,0,0,0,0,0,0,0,0,0,0,0
2018,1133,13,0,0,6,0,13,0,0,6,0,0,0,0,0,0,2,6,6
2018,346,206,0,0,0,0,206,0,0,0,0,0,0,0,0,0,0,0,0
2018,27,97,0,0,0,0,97,0,0,0,0,0,0,0,0,0,0,0,0
2018,165,44,0,0,2,0,44,0,0,2,0,1,0,2,0,0,0,2,2
2018,956,495,12,2,12,0,449,12,2,10,0,10,0,16,12,0,0,19,0
2018,413,53,0,0,0,0,52,0,0,0,0,0,0,0,0,0,0,0,0
2018,149,69,0,0,3,0,66,0,0,3,0,1,0,0,0,0,0,16,0
2018,612,152,11,3,7,1,152,11,3,7,1,9,0,6,0,0,0,0,0
2018,559,110,0,0,4,0,87,0,0,2,0,1,0,0,0,0,0,0,0
2018,7,136,0,0,5,0,125,0,0,5,0,1,0,0,0,0,0,0,0
2018,283,162,0,0,8,1,162,0,0,8,1,6,0,6,0,0,3,0,0
2018,37,64,0,0,0,0,63,0,0,0,0,0,0,0,0,0,0,0,0
2018,153,187,0,0,8,1,152,0,0,8,1,8,0,0,0,0,0,0,0
2018,547,292,4,5,9,0,244,4,5,7,0,5,0,19,0,0,1,2,1
2018,397,80,0,0,0,0,80,0,0,0,0,2,0,0,0,18,0,0,0
2018,556,131,6,4,5,0,131,6,4,5,0,4,0,18,0,0,0,6,1
2018,42,80,0,0,0,0,80,0,0,0,0,0,0,0,0,0,0,0,0
2018,31,219,0,0,0,0,219,0,0,0,0,1,0,0,0,15,0,0,0
2018,740,916,40,8,23,1,816,40,8,19,1,14,4,38,45,0,28,0,0
2018,217,84,0,0,3,0,48,0,0,3,0,1,0,0,0,0,0,0,0
2018,863,62,2,0,3,0,19,0,0,2,0,1,0,0,0,0,0,0,0
2018,889,828,0,0,22,2,758,0,0,17,2,14,9,67,0,0,0,24,4
2018,984,147,0,0,6,0,131,0,0,6,0,3,0,0,0,0,7,0,6
2018,1106,8,0,0,2,0,8,0,0,2,0,1,1,0,0,0,0,0,0
2018,1146,12,0,0,1,0,12,0,0,1,0,1,0,0,0,0,1,0,0
2018,34,70,0,0,0,0,70,0,0,0,0,0,0,0,0,0,0,0,0
2018,791,98,2,1,5,0,98,2,1,5,0,2,0,0,0,0,10,,0
2018,181,33,0,0,0,0,33,0,0,0,0,1,0,1,0,0,0,0,0
2018,430,17,0,0,1,0,15,0,0,1,0,1,0,0,0,0,0,0,0
2018,715,573,3,2,13,1,385,3,2,13,1,10,0,22,0,0,0,0,0
2018,521,26,0,0,3,0,18,0,0,3,0,4,0,0,0,0,0,0,1
2018,524,192,2,1,9,1,194,2,1,9,1,2,0,5,0,0,0,6,2
2018,432,40,0,0,2,0,18,0,0,2,0,1,0,0,0,0,0,0,0
2018,19,24,3,1,2,0,24,3,1,2,0,0,0,0,0,0,0,0,0
2018,25,48,0,0,0,0,47,0,0,0,0,0,0,0,0,0,0,0,0
2018,26,84,0,0,0,0,67,0,0,0,0,0,0,0,0,0,0,0,0
2018,890,608,18,2,17,1,576,18,2,17,1,21,4,48,20,0,0,14,0
2018,904,122,1,1,5,0,108,1,1,5,0,3,0,2,0,0,0,0,0
2018,957,1325,30,12,36,2,1148,30,12,36,2,16,0,120,20,0,40,35,12
2018,939,914,18,3,26,2,792,18,3,26,2,13,1,36,27,0,0,37,6
2018,236,106,1,1,5,0,90,1,1,5,0,0,0,8,0,0,15,0,0
2018,735,1066,29,6,23,2,920,29,6,21,2,11,2,109,45,0,5,10,2
2018,146,258,0,0,0,0,258,0,0,0,0,1,0,0,0,0,0,0,0
2018,363,120,0,0,5,1,147,0,0,5,1,1,0,3,0,0,0,6,1
2018,187,187,0,0,7,1,187,0,0,7,1,2,0,5,0,0,8,0,0
2018,265,61,0,0,2,0,61,0,0,2,0,5,0,0,0,0,0,0,0
2018,295,108,0,0,5,0,72,0,0,3,0,2,0,6,0,0,0,0,0
2018,496,242,3,2,5,1,146,1,2,4,1,3,0,0,0,0,0,0,0
2018,77,99,0,0,0,0,99,0,0,0,0,0,0,0,0,0,0,0,0
2018,391,29,0,0,2,0,29,0,0,2,0,1,0,0,0,0,0,0,0
2018,240,165,2,1,4,0,165,1,1,4,0,2,0,0,0,0,0,0,0
2018,448,40,2,1,2,0,40,2,1,2,0,1,0,3,0,0,2,0,0
2018,151,144,0,0,0,0,144,0,0,0,0,1,0,0,0,0,0,0,0
2018,425,32,3,1,2,0,28,3,1,2,0,1,0,0,0,0,0,0,0
2018,300,61,0,0,2,0,61,0,0,2,0,2,0,5,0,0,0,0,0
2018,339,97,1,1,5,1,49,1,1,5,1,1,0,0,0,0,0,0,0
2018,874,198,3,2,5,0,198,3,2,5,0,6,1,3,0,0,4,1,0
2018,905,826,18,4,21,3,785,18,4,18,3,9,5,47,0,0,0,25,7
2018,1123,13,0,0,2,0,12,0,0,2,0,1,0,1,0,0,0,0,0
2018,736,912,24,10,32,2,882,24,10,32,2,12,0,39,80,3,61,0,0
2018,459,30,0,0,2,0,30,0,0,2,0,1,0,0,0,0,0,0,0
2018,320,127,0,0,4,0,112,0,0,4,0,1,0,0,0,0,0,8,4
2018,45,424,0,0,0,0,424,0,0,0,0,0,0,0,140,57,0,0,0
2018,618,131,2,1,5,0,115,2,1,5,0,5,1,12,0,0,20,0,0
2018,463,301,0,2,10,0,249,0,0,7,0,6,3,39,15,0,22,0,0
2018,891,105,2,3,9,0,94,2,3,9,0,3,0,0,0,0,0,0,0
2018,958,375,10,2,9,0,321,10,2,9,0,10,0,30,0,10,18,0,0
2018,244,48,1,1,2,0,48,0,1,2,0,2,0,4,0,0,0,0,0
2018,28,56,0,0,0,0,50,0,0,0,0,0,0,0,0,0,0,0,0
2018,444,27,0,0,5,0,27,0,0,5,0,1,0,2,0,0,0,0,0
2018,479,63,0,0,2,0,63,0,0,0,0,1,0,1,0,0,0,36,2
2018,285,91,5,1,5,1,91,1,1,5,1,2,0,7,0,0,0,0,0
2018,253,140,12,5,10,1,140,6,5,10,1,6,0,0,0,0,2,18,3
2018,481,70,3,2,7,1,50,2,2,5,1,3,0,0,0,0,0,0,4
2018,540,121,5,3,8,1,120,5,3,8,1,5,0,12,0,0,0,0,8
2018,332,10,0,0,2,0,10,0,0,2,0,0,0,0,0,0,0,0,0
2018,41,60,0,0,0,0,56,0,0,0,0,0,0,0,0,0,0,0,0
2018,510,93,0,0,5,0,42,0,0,5,0,4,0,1,1,0,1,1,1
2018,305,10,0,0,,0,10,0,0,,0,1,0,3,,,,,
2018,708,237,3,2,7,0,209,3,2,7,0,4,0,11,20,,20,,
2018,755,1307,59,4,50,3,1143,53,4,50,3,19,9,181,34,,,57,8
2018,750,843,21,3,24,3,772,21,3,23,3,9,8,45,,,,26,4
2018,696,584,22,2,16,2,554,22,2,16,2,11,6,74,22,,12,21,4
2018,421,136,0,0,4,0,82,0,0,3,0,3,0,0,0,0,0,0,0
2018,827,184,0,0,0,0,160,0,0,0,0,0,0,0,0,0,0,0,0
2018,933,224,0,0,10,0,197,0,0,9,0,8,0,7,0,0,32,32,0
2018,1030,151,7,5,18,1,151,7,2,10,1,1,0,5,0,0,0,0,0
2018,1003,14,0,0,2,0,14,0,0,2,0,1,0,4,,,12,6,2
2018,1050,8,0,0,1,0,8,0,0,1,0,1,0,8,,,,,
2018,1043,112,8,6,11,1,106,8,6,10,1,1,0,0,0,0,0,13,3
2018,1128,36,0,2,4,0,25,0,2,4,0,1,0,2,,,3,5,3
2018,1125,18,0,0,0,0,16,0,0,0,0,0,0,0,12,0,0,0,0
2018,1135,22,0,0,2,0,20,0,0,2,0,1,0,6,,,,,
2018,934,325,5,4,8,0,285,5,4,4,0,7,0,20,0,0,0,16,0
2018,629,336,15,2,13,1,297,15,2,13,1,8,0,15,7,0,7,27,4
2018,21,156,0,0,0,0,149,0,0,0,0,0,0,0,0,50,0,0,0
2018,615,179,2,1,8,0,179,2,1,8,0,5,0,12,0,0,0,14,2
2018,626,51,1,1,5,0,51,1,1,5,0,3,0,0,0,0,0,0,0
2018,417,24,0,0,2,0,18,0,0,2,0,1,0,6,0,0,0,0,0
2018,597,102,2,1,3,0,78,2,1,3,0,3,0,6,0,20,0,6,0
2018,539,368,9,7,10,0,359,9,7,8,0,20,0,74,0,20,22,0,0
2018,343,66,1,1,5,0,66,0,0,5,0,1,0,0,0,0,0,0,0
2018,135,350,0,0,0,0,316,0,0,0,0,0,0,0,0,0,0,0,0
2018,158,637,0,0,0,0,557,0,0,0,0,1,0,0,84,20,0,0,0
2018,775,237,6,6,7,0,178,6,6,7,0,4,0,14,0,0,0,4,0
2018,177,240,0,0,0,0,231,0,0,0,0,1,0,0,0,40,0,0,0
2018,578,38,2,1,3,0,38,2,1,3,0,2,0,0,0,0,0,0,0
2018,416,146,0,0,2,0,146,0,0,2,0,5,0,0,0,12,0,0,0
2018,561,103,2,1,4,0,103,2,1,4,0,4,0,21,0,10,0,6,1
2018,62,46,0,0,0,0,46,0,0,0,0,0,0,0,0,24,0,0,0
2018,828,85,0,0,0,0,85,0,0,0,0,0,0,0,0,25,0,0,0
2018,860,90,2,1,3,0,78,2,1,3,0,2,0,0,0,20,0,8,1
2018,935,49,0,0,0,0,49,0,0,0,0,0,0,0,0,20,0,0,0
2018,936,35,0,0,0,0,35,0,0,0,0,0,0,0,0,0,0,0,0
2018,986,42,0,0,0,0,42,0,0,0,0,0,0,0,40,0,0,0,0
2018,987,117,1,1,3,0,117,1,1,3,0,4,0,16,0,0,0,8,1
2018,1021,30,0,0,0,0,30,0,0,0,0,0,0,0,0,10,0,0,0
2018,1085,70,0,0,0,0,70,0,0,0,0,0,0,0,0,0,0,0,0
2018,658,215,4,2,5,0,207,4,2,5,0,4,0,12,0,0,0,7,0
2018,353,50,0,0,0,0,38,0,0,0,0,1,0,0,0,12,0,0,0
2018,323,150,0,0,0,0,150,0,0,0,0,0,0,0,20,0,0,0,0
2018,620,131,4,2,3,0,131,4,2,3,0,3,0,12,0,0,0,0,0
2018,384,210,0,0,1,0,185,0,0,1,0,4,0,3,0,0,0,0,0
2018,554,312,12,2,10,0,269,9,2,10,0,9,0,16,15,0,0,0,0
2018,209,15,0,0,2,0,15,0,0,2,0,2,0,0,0,0,0,0,0
2018,707,953,39,3,29,2,865,39,3,24,2,7,7,37,20,12,0,0,0
2018,395,10,0,0,1,0,10,0,0,1,0,1,0,0,0,0,0,0,0
2018,969,80,0,0,4,0,75,0,0,4,0,2,0,9,0,0,0,0,0
2018,1052,30,0,0,0,0,30,0,0,0,0,0,0,0,0,0,0,0,0
2018,739,1004,54,8,40,3,945,54,8,40,3,46,4,79,30,0,0,56,0
2018,613,506,6,4,19,1,470,6,4,18,1,6,3,26,0,0,0,18,4
2018,593,282,0,0,12,0,259,0,0,12,0,6,1,18,0,0,19,0,0
2018,704,615,22,3,16,2,575,22,3,16,2,9,6,41,0,0,24,0,0
2018,686,502,8,1,26,2,467,6,1,26,2,5,4,50,0,0,30,23,6
2018,257,192,18,3,12,1,155,18,3,12,1,2,0,0,0,0,0,0,0
2018,494,46,0,0,5,0,46,0,0,5,0,1,0,0,0,0,0,0,0
2018,681,140,0,0,8,0,115,0,0,8,0,2,0,37,0,0,0,0,0
2018,286,94,0,0,11,1,76,0,0,8,1,3,0,0,0,0,0,0,0
2018,255,79,12,1,7,1,79,12,1,7,1,3,0,9,0,0,11,3,0
2018,79,40,0,0,0,0,31,0,0,0,0,0,0,0,0,0,0,0,0
2018,81,76,0,0,0,0,75,0,0,0,0,0,0,0,0,0,0,0,0
2018,688,315,6,3,8,0,285,6,3,8,0,5,0,18,8,0,12,18,0
2018,531,241,7,2,8,0,230,7,2,8,0,6,2,23,0,0,0,8,0
2018,514,56,0,1,3,0,36,0,1,3,0,3,0,2,0,0,14,14,0
2018,499,230,0,0,8,0,142,0,0,8,0,3,0,0,0,0,0,0,0
2018,532,254,4,4,11,0,238,4,2,11,0,7,2,17,0,0,15,0,0
2018,190,186,0,0,0,0,151,0,0,0,0,3,0,0,0,0,0,0,0
2018,598,90,3,1,3,0,81,3,1,3,0,5,0,8,0,0,0,6,0
2018,260,300,10,6,20,1,200,8,6,20,1,5,0,0,0,0,0,0,0
2018,838,12,0,0,2,0,12,0,0,2,0,1,0,0,0,0,0,0,1
2018,839,96,1,1,4,0,20,0,0,4,0,1,0,16,0,0,0,0,0
2018,851,7,0,0,2,0,7,0,0,2,0,0,0,0,0,0,2,0,0
2018,852,364,4,5,14,1,332,4,5,14,1,3,5,16,1,0,0,30,3
2018,988,125,0,0,0,0,125,0,0,0,0,1,0,12,25,0,0,0,0
2018,1056,348,7,2,12,1,232,7,2,12,1,4,4,24,0,0,5,0,0
2018,1044,57,0,0,0,0,23,0,0,0,0,0,0,0,0,0,0,0,0
2018,1114,106,0,0,5,0,106,0,0,5,0,3,1,8,0,0,8,0,0
2018,1129,186,9,2,15,1,110,5,1,12,1,2,0,10,0,0,0,6,3
2018,644,606,17,6,20,0,559,17,6,20,0,4,2,29,45,0,29,0,2
2018,752,777,8,2,22,3,647,8,2,22,3,11,1,34,30,0,0,0,0
2018,238,75,0,0,10,0,75,0,0,10,0,3,0,6,0,0,18,0,10
2018,325,242,0,0,0,0,242,0,0,0,0,0,0,0,5,5,0,0,0
2018,622,119,3,2,4,0,106,3,2,3,0,2,0,2,0,0,0,0,0
2018,879,79,0,0,4,0,79,0,0,4,0,1,0,0,0,0,0,0,0
2018,906,93,5,1,4,1,93,5,1,4,1,1,0,11,0,0,0,0,0
2018,370,238,0,0,0,0,154,0,0,0,0,2,0,0,0,4,0,0,0
2018,418,44,0,0,3,0,44,0,0,3,0,2,0,0,0,0,0,0,0
2018,574,23,0,0,2,0,23,0,0,2,0,2,0,0,0,0,0,0,0
2018,399,70,0,0,5,0,70,0,0,5,0,1,0,2,0,0,2,2,1
2018,195,38,0,0,3,0,25,0,0,3,0,1,0,0,0,0,0,0,0
2018,783,681,15,5,19,1,531,15,5,18,1,6,10,49,4,0,0,0,0
2018,263,76,0,0,6,0,69,0,0,6,0,1,0,14,0,0,0,10,0
2018,194,48,0,0,3,0,30,0,0,2,0,1,0,0,0,0,0,0,0
2018,214,32,0,0,3,0,20,0,0,3,0,1,0,0,0,0,0,0,0
2018,785,871,24,8,33,2,834,24,8,33,2,11,14,103,12,0,21,0,0
2018,780,112,0,0,6,0,100,0,0,6,0,2,5,23,0,0,15,0,1
2018,782,476,0,0,18,1,386,0,0,18,1,9,6,32,10,0,48,0,2
2018,369,179,0,0,0,0,133,0,0,0,0,1,0,0,0,0,0,0,0
2018,713,100,0,0,5,0,95,0,0,5,0,1,0,0,0,0,11,0,4
2018,941,24,0,0,0,0,24,0,0,0,0,0,0,0,3,0,0,0,0
2018,1091,353,0,0,0,0,347,0,0,0,0,0,0,0,446,0,0,0,0
2018,1045,110,3,2,7,1,65,3,1,4,1,2,0,1,0,0,9,0,0
2018,1086,171,4,2,12,1,136,2,2,10,1,3,0,11,0,0,18,0,0
2018,1149,128,0,0,8,0,90,0,0,5,0,4,3,13,0,0,32,14,2
2018,937,600,4,6,15,0,447,4,6,15,0,13,0,36,6,0,0,34,6
2018,1004,44,3,1,3,0,44,3,1,3,0,0,0,1,0,0,0,0,0
2018,737,807,8,3,18,1,756,8,3,17,1,8,6,16,15,0,17,0,0
2018,765,1213,25,3,36,2,1168,25,3,30,2,23,4,77,0,0,0,0,11
2018,329,254,0,0,7,0,236,0,0,6,0,3,5,15,0,0,20,0,0
2018,87,172,0,0,0,0,160,0,0,0,0,0,0,0,0,0,0,0,0
2018,527,150,0,0,8,0,139,0,0,6,0,2,0,0,0,18,0,21,8
2018,562,107,0,0,7,1,104,0,0,7,1,3,0,0,0,0,0,0,0
2018,251,90,2,3,7,1,90,2,3,7,1,3,0,0,0,0,0,0,0
2018,129,277,0,0,0,0,277,0,0,0,0,0,0,0,0,0,0,0,0
2018,154,184,0,0,0,0,184,0,0,0,0,1,0,0,0,25,0,0,0
2018,516,113,4,1,10,1,104,4,1,10,1,3,0,15,0,0,0,0,0
2018,184,34,0,0,4,0,34,0,0,4,0,1,0,0,0,0,0,0,0
2018,652,200,0,0,5,0,143,0,0,5,0,3,0,6,0,0,0,6,1
2018,637,122,4,2,5,0,115,4,2,2,0,5,0,12,0,0,0,6,0
2018,88,43,0,0,0,0,43,0,0,0,0,0,0,0,0,0,0,0,0
2018,907,39,0,0,0,0,39,0,0,0,0,0,0,0,0,0,0,0,0
2018,970,50,0,0,0,0,50,0,0,0,0,0,0,0,50,0,0,0,0
2018,1019,32,0,0,2,0,17,0,0,2,0,2,0,0,0,0,0,0,2
2018,1016,68,2,2,5,1,68,2,2,5,1,1,0,0,0,0,0,0,0
2018,1047,252,10,3,7,0,177,10,3,6,0,3,0,27,0,0,0,20,0
2018,635,168,12,2,4,0,161,12,2,3,0,5,0,4,2,0,0,0,0
