año,NCODI,biopsias_hosp,biopsias_CEP,necropsias_hosp,angio_hosp,angio_CEP,densiometrias_hosp,densiometrias_CEP,gamma_hosp,gamma_CEP,mamo_hosp,mamo_CEP,pet_hosp,pet_CEP,resonancia_hosp,resonancia_CEP,rx_hosp,rx_CEP,spect_hosp,spect_CEP,tac_hosp,tac_CEP,Colonosopia,Broncoscopia,ERCP
2018,725,25379,0,15,299,0,2941,0,0,0,5248,0,4491,0,16513,0,171520,0,8145,0,27535,0,3307,624,322
2018,3,0,0,0,0,0,0,0,0,0,0,0,0,0,0,0,0,0,0,0,0,0,0,0,0
2018,306,0,0,0,0,0,0,0,0,0,0,0,0,0,0,0,0,0,0,0,0,0,0,0,0
2018,15,55,0,0,0,0,0,0,0,0,175,0,0,0,0,0,3071,0,0,0,0,0,0,0,0
2018,264,0,0,0,0,0,0,0,0,0,1274,0,0,0,7680,0,22524,0,0,0,6726,0,991,30,0
2018,867,0,0,0,0,0,443,0,0,0,968,0,0,0,0,0,10324,0,0,0,0,0,384,0,0
2018,910,6846,0,0,0,0,0,0,0,0,2698,0,0,0,3670,0,65519,0,0,0,7993,0,1443,120,0
2018,1053,11349,0,1,0,0,0,0,0,0,6120,0,0,0,6120,0,72543,6603,0,0,12507,0,3389,162,0
2018,1055,14784,0,11,0,0,2524,0,0,0,6044,0,0,0,4924,0,121342,0,0,0,17400,0,2491,273,0
2018,1081,0,0,0,0,0,0,0,0,0,0,0,0,0,0,0,0,0,0,0,0,0,0,0,0
2018,1115,0,0,0,0,0,260,0,0,0,892,0,0,0,1223,0,5935,0,0,0,178,0,886,0,0
2018,529,0,0,0,0,0,0,0,0,0,0,0,0,0,0,0,845,0,0,0,0,0,0,0,0
2018,345,0,0,0,0,0,0,0,0,0,0,0,0,0,0,0,0,0,0,0,0,0,0,0,0
2018,515,0,0,0,0,0,0,0,0,0,0,0,0,0,3898,0,22420,0,0,0,942,0,0,0,0
2018,174,0,0,0,0,0,0,0,0,0,0,0,0,0,0,0,0,0,0,0,0,0,1783,0,0
2018,523,0,0,0,0,0,0,0,0,0,990,0,0,0,6346,0,17599,0,0,0,2891,0,0,0,0
2018,697,0,0,0,404,0,4025,0,1469,0,9230,0,749,0,14839,0,60865,0,300,0,10091,0,1149,26,9
2018,239,2263,0,0,0,0,1122,0,0,0,3571,0,0,0,7870,0,46927,0,0,0,8327,0,1173,29,0
2018,287,8276,0,0,77,0,3379,0,680,0,4402,0,0,0,9835,0,60758,0,105,0,8132,0,2649,43,22
2018,377,0,0,0,0,0,0,0,0,0,0,0,0,0,0,0,4567,0,0,0,0,0,0,0,0
2018,692,10381,0,7,0,0,850,0,0,0,4692,0,0,0,4210,0,65846,0,0,0,9910,0,1453,178,0
2018,435,2197,0,0,418,0,643,0,0,0,2465,0,0,0,7440,0,22248,0,0,0,6023,0,391,21,3
2018,423,0,0,0,0,0,211,0,0,0,543,0,0,0,2102,0,9945,0,0,0,2361,0,0,0,0
2018,113,0,0,0,0,0,0,0,0,0,0,0,0,0,0,0,0,0,0,0,0,0,8858,632,0
2018,619,0,0,0,0,0,0,0,0,0,1330,0,0,0,4191,0,32374,0,0,0,2071,0,0,0,0
2018,163,373,0,0,0,0,247,0,0,0,484,0,0,0,5180,0,4489,0,0,0,1311,0,0,0,0
2018,131,0,0,0,0,0,0,0,0,0,0,0,0,0,0,0,0,0,0,0,0,0,0,0,0
2018,375,0,0,0,0,0,0,0,0,0,0,0,0,0,0,0,2438,0,0,0,0,0,0,0,0
2018,1090,32187,0,195,36,0,1704,0,0,0,4169,0,1615,0,4,0,147938,47532,164,0,28266,0,0,0,0
2018,764,20739,0,29,143,0,2699,0,0,0,3070,0,0,0,11633,0,192208,0,0,0,25638,0,2576,788,434
2018,14,0,0,0,0,0,0,0,0,0,0,0,0,0,0,0,0,0,0,0,0,0,133,0,0
2018,657,4375,0,2,0,0,0,0,0,0,1223,0,0,0,570,0,40660,0,0,0,5774,0,1309,75,0
2018,362,1508,0,0,0,0,0,0,972,0,12305,0,0,0,7028,0,12353,0,0,0,1767,0,1146,0,0
2018,989,0,0,0,0,0,0,0,0,0,1167,0,0,0,0,0,33376,0,0,0,4350,0,1148,68,0
2018,990,0,0,0,0,0,0,0,0,0,1086,0,0,0,0,0,46402,0,0,0,4643,0,1362,141,0
2018,680,27541,0,35,2382,0,8106,0,0,0,6959,0,0,0,10705,0,155863,23830,0,0,31634,0,3732,824,435
2018,411,7852,0,0,391,0,6231,0,0,0,5633,0,0,0,9033,0,33471,0,0,0,5638,0,1671,46,16
2018,241,2675,0,0,0,0,0,0,0,0,5,0,0,0,4569,0,16624,0,0,0,3095,0,0,0,0
2018,558,16851,0,3,0,0,2646,0,0,0,3670,0,0,0,8060,0,62472,165,0,0,10125,0,2104,222,116
2018,167,0,0,0,0,0,82,0,0,0,0,0,0,0,0,0,4895,0,0,0,0,0,32,0,0
2018,248,0,0,0,531,0,900,0,1146,0,2817,0,400,0,16742,0,34913,0,0,0,7884,0,730,47,0
2018,224,1306,0,0,0,0,599,0,0,0,1228,0,0,0,1877,0,17010,0,0,0,1901,0,805,0,0
2018,591,16374,0,31,0,0,3433,0,0,0,6198,0,0,0,14366,0,120462,0,0,0,16237,0,2663,322,137
2018,586,23475,0,26,0,0,4295,0,0,0,10254,0,0,0,0,0,94949,50960,0,0,22794,0,2063,450,136
2018,453,0,0,0,0,0,0,0,0,0,0,0,0,0,0,0,16478,0,0,0,3088,0,289,0,0
2018,145,0,0,0,0,0,0,0,0,0,0,0,0,0,0,0,0,0,0,0,0,0,0,0,0
2018,511,14377,0,2,0,0,0,0,0,0,4626,0,0,0,0,0,70312,37857,0,0,15392,0,3374,295,77
2018,530,17717,0,7,0,0,0,0,0,0,2451,0,0,0,0,0,66364,30662,0,0,13675,0,5617,315,100
2018,6,1969,0,0,123,0,2291,0,808,0,4217,0,509,0,6019,0,34856,0,0,0,4626,0,0,0,0
2018,161,0,0,0,0,0,0,0,0,0,0,0,0,0,0,0,0,0,0,0,0,0,0,0,0
2018,623,21513,0,3,0,0,0,6190,0,0,8980,0,3911,0,7197,0,131879,19514,12292,0,19838,0,3140,1543,100
2018,349,1456,0,0,0,0,386,0,0,0,688,0,0,0,0,0,1230,0,0,0,496,0,432,0,0
2018,875,3420,0,0,179,0,1548,0,199,0,2848,0,273,0,6010,0,32374,0,29,0,6508,0,989,110,6
2018,946,4543,0,0,263,0,1436,0,313,0,2427,0,0,0,7523,0,29593,0,0,0,5881,0,815,27,11
2018,1023,12897,0,18,503,0,3599,0,0,0,4546,0,0,0,9490,0,143497,0,0,0,17727,0,3881,314,125
2018,1054,9452,0,15,1031,0,5778,0,0,0,5775,0,0,0,10603,0,83819,0,0,0,14342,0,2303,114,41
2018,1057,0,0,0,0,0,0,0,0,0,0,0,0,0,0,0,1293,0,0,0,145,0,0,0,0
2018,1031,0,0,0,0,0,0,0,0,0,0,0,0,0,0,0,0,0,0,0,0,0,0,0,0
2018,1032,11711,0,10,556,0,4964,0,0,0,3925,0,3342,0,8448,0,118127,0,1619,0,13847,0,3171,363,243
2018,1064,6348,0,0,136,0,1536,0,0,0,3348,0,0,0,10042,0,29276,0,0,0,5029,0,1757,30,17
2018,226,3687,0,0,0,0,2537,0,431,0,2296,0,0,0,8440,0,9553,0,0,0,2660,0,2092,0,0
2018,687,15773,,2,,,,,,,4902,0,,,0,,154398,0,0,,8433,,1941,157,
2018,745,27376,,20,971,,2840,,3429,,9985,15827,0,0,6388,,145953,76101,1481,,25416,,5323,616,288
2018,109,5976,0,0,0,0,0,0,0,0,1168,0,0,0,8283,0,31796,0,0,0,5284,0,1675,28,0
2018,808,14739,0,9,0,0,0,0,0,0,14132,0,0,0,9368,0,153975,0,0,0,12115,0,3354,383,148
2018,971,3010,,,,,,,,,675,0,,,,,51557,0,,,2185,,1308,1,
2018,128,0,0,0,0,0,467,0,0,0,1088,0,0,0,0,0,19847,0,0,0,0,0,208,0,0
2018,919,12764,0,12,0,0,1170,0,0,0,8317,0,0,0,8012,0,93776,11987,0,0,15094,0,2997,120,62
2018,1150,0,0,0,0,0,0,0,0,0,0,0,0,0,0,0,0,0,0,0,0,0,0,0,0
2018,351,0,0,0,0,0,307,0,0,0,771,0,0,0,1378,0,25931,0,0,0,789,0,79,19,0
2018,810,0,0,0,0,0,82,0,0,0,725,0,0,0,0,0,7426,0,0,0,1413,0,0,0,0
2018,830,9569,0,5,0,0,0,0,0,0,2565,0,0,0,0,0,66678,0,0,0,6433,0,1661,0,0
2018,892,20011,0,56,91,0,1975,0,0,0,10971,0,0,0,7404,0,106256,0,0,0,16566,0,1988,361,115
2018,921,6734,0,4,231,0,3117,0,0,0,6786,0,0,0,13581,0,52862,0,0,0,12063,0,1939,43,46
2018,991,0,0,0,0,0,0,0,0,0,238,0,0,0,0,0,6809,0,0,0,131,0,0,0,0
2018,992,8095,0,11,0,0,0,0,0,0,1487,0,0,0,6891,0,61863,0,0,0,7093,0,1941,100,63
2018,993,5837,0,7,0,0,1341,0,0,0,1248,0,0,0,4127,0,42952,16394,0,0,5245,0,1113,84,0
2018,1070,30241,0,143,956,0,1762,0,6442,0,6312,0,2748,0,17592,0,154155,0,934,0,31106,0,3899,848,243
2018,1095,499,0,0,0,0,416,0,0,0,708,0,0,0,2108,0,15890,0,0,0,2377,0,239,15,0
2018,1094,0,0,0,0,0,0,0,0,0,238,0,0,0,1494,0,1786,0,0,0,252,0,87,0,0
2018,1124,0,0,0,0,0,0,0,0,0,0,0,0,0,0,0,0,0,0,0,0,0,12,0,0
2018,473,0,0,0,0,0,0,0,0,0,0,0,0,0,0,0,1116,0,0,0,0,0,0,0,0
2018,663,25966,0,0,2125,0,3141,0,2072,0,17718,0,711,0,13302,0,96547,9861,953,0,34849,0,6839,856,153
2018,552,0,0,0,551,0,716,0,0,0,7085,0,0,0,0,0,24315,0,0,0,1709,0,0,0,0
2018,772,367947,0,321,3725,0,4524,0,6682,0,9539,0,3712,0,24001,0,225327,0,1813,0,45181,0,6610,983,340
2018,568,0,0,0,0,0,0,0,0,0,0,0,0,0,7283,0,17256,0,0,0,2450,0,0,0,0
2018,398,0,0,0,0,0,0,0,0,0,0,0,0,0,7616,0,10119,0,0,0,4003,0,0,0,0
2018,394,0,0,0,0,0,0,0,0,0,0,0,0,0,1161,0,6838,0,0,0,0,0,0,0,0
2018,614,0,0,0,0,0,0,0,0,0,0,0,0,0,0,0,0,0,0,0,0,0,0,0,0
2018,235,0,0,0,0,0,0,0,0,0,0,0,0,0,2838,0,5467,0,0,0,1012,0,0,0,0
2018,616,4345,0,3,0,0,0,0,0,0,0,0,0,0,3402,0,0,0,0,0,3892,0,1003,0,0
2018,267,4273,0,0,0,0,0,0,0,0,0,0,0,0,0,0,13057,0,0,0,0,0,2171,29,0
2018,565,2731,0,0,0,0,486,0,0,0,315,0,0,0,4578,0,12031,0,0,0,3426,0,1286,0,0
2018,220,0,0,0,0,0,267,0,0,0,701,0,0,0,0,0,12845,0,0,0,2026,0,1195,0,13
2018,278,0,0,0,0,0,0,0,0,0,0,0,0,0,0,0,0,0,0,0,0,0,0,0,0
2018,107,0,0,0,0,0,0,0,0,0,0,0,0,0,0,0,0,0,0,0,0,0,0,0,0
2018,711,24626,0,69,918,0,3838,0,0,0,19890,0,5044,0,12602,0,104238,0,4032,0,33938,0,7792,988,322
2018,204,0,0,0,0,0,0,0,0,0,0,0,0,0,0,0,329,0,0,0,0,0,0,0,0
2018,579,0,0,0,0,0,0,0,0,0,0,0,0,0,0,0,29962,0,0,0,311,0,0,0,0
2018,348,0,0,0,0,0,0,0,0,0,0,0,0,0,0,0,2193,0,0,0,0,0,0,0,0
2018,766,3180,0,0,202,0,0,0,400,0,0,0,0,0,784,0,20160,0,0,0,4048,0,0,0,0
2018,761,0,0,0,0,0,0,0,0,0,0,0,0,0,0,0,0,0,0,0,0,0,0,0,0
2018,728,16029,0,4,0,0,0,0,2478,0,5105,0,0,0,9425,0,87278,0,139,0,15249,0,3367,177,0
2018,280,0,0,0,0,0,2865,0,0,0,9752,0,0,0,25601,0,123085,0,0,0,12603,0,3109,38,55
2018,222,0,0,0,0,0,514,0,0,0,1923,0,0,0,2278,0,0,0,0,0,1567,0,0,0,0
2018,276,19324,0,7,0,0,3422,0,4132,0,9234,0,2213,0,21423,0,129421,0,0,0,34768,0,1702,131,56
2018,11,0,0,0,0,0,0,0,0,0,0,0,0,0,2512,0,20086,0,0,0,4276,0,0,0,0
2018,302,0,0,0,0,0,0,0,0,0,3278,0,0,0,0,0,0,0,0,0,0,0,729,0,0
2018,682,4378,0,0,0,0,423,0,0,0,177,0,84,0,4203,0,27355,0,75,0,4631,0,1133,36,27
2018,279,14032,0,15,0,0,0,0,0,0,0,0,0,0,25770,0,89804,0,0,0,16288,0,4572,23,26
2018,282,6063,0,0,102,0,2334,0,1220,0,9627,0,1515,0,24427,0,82690,0,2661,0,19781,0,11656,135,137
2018,281,5891,0,3,629,0,0,0,0,0,0,0,0,0,4183,0,41459,0,0,0,7501,0,369,391,89
2018,183,408,0,0,0,0,651,0,0,0,903,0,0,0,1867,0,6232,0,0,0,3071,0,163,0,0
2018,610,0,0,0,482,0,0,0,0,0,0,0,0,0,0,0,64,0,0,0,0,0,0,0,0
2018,116,0,0,0,0,0,0,0,0,0,0,0,0,0,0,0,0,0,0,0,0,0,0,0,0
2018,115,0,0,0,0,0,0,0,0,0,0,0,0,0,0,0,235,0,0,0,0,0,0,0,0
2018,114,0,0,0,0,0,0,0,0,0,0,0,0,0,0,0,0,0,0,0,0,0,0,0,0
2018,119,0,0,0,0,0,0,0,0,0,358,0,0,0,0,0,832,0,0,0,0,0,0,0,0
2018,770,28145,0,75,4252,0,3705,0,0,0,29627,0,0,0,17739,0,330353,0,9582,0,31436,0,5368,1134,280
2018,583,0,0,0,0,0,1208,0,0,0,6759,0,0,0,3194,0,63057,0,0,0,6993,0,1908,62,0
2018,136,0,0,0,0,0,0,0,0,0,0,0,0,0,0,0,99,0,0,0,0,0,0,0,0
2018,469,3931,0,0,0,0,0,0,0,0,2554,0,0,0,0,0,28702,0,0,0,2903,0,379,356,0
2018,642,9606,0,0,0,0,0,0,0,0,7628,0,0,0,0,0,71615,0,0,0,11026,0,1976,146,0
2018,674,5829,0,65,323,0,1059,0,0,0,6207,0,0,0,8005,0,46957,1965,0,0,4116,0,126,29,0
2018,193,0,0,0,0,0,0,0,0,0,0,0,0,0,0,0,163,0,0,0,0,0,0,0,0
2018,526,17886,0,21,0,0,0,0,0,0,14028,0,0,0,8174,0,104412,0,0,0,14450,0,2803,319,85
2018,698,36908,0,46,1644,0,11227,0,13978,0,14693,0,2070,0,19910,0,158440,0,0,0,43805,0,5163,1689,669
2018,630,7106,0,4,0,0,0,0,0,0,5496,0,0,0,7461,0,35178,0,0,0,8155,0,2194,0,0
2018,124,0,0,0,0,0,0,0,0,0,0,0,0,0,0,0,0,0,0,0,0,0,0,0,0
2018,364,0,0,0,0,0,0,0,0,0,0,0,0,0,0,0,0,0,0,0,0,0,0,0,0
2018,439,0,0,0,0,0,0,0,0,0,1076,0,0,0,0,0,32985,0,0,0,3866,0,0,0,0
2018,570,22639,0,18,0,0,0,0,0,0,3675,0,0,0,6339,0,117261,0,0,0,20048,0,3832,416,216
2018,123,0,0,0,0,0,0,0,0,0,0,0,0,0,0,0,0,0,0,0,0,0,0,0,0
2018,310,0,0,0,0,0,0,0,0,0,0,0,0,0,0,0,0,0,0,0,0,0,0,0,0
2018,571,0,0,0,67,0,0,0,0,0,7560,0,0,0,2987,0,60582,0,0,0,8069,0,3763,65,0
2018,296,0,0,0,0,0,0,0,0,0,462,0,0,0,0,0,5278,0,0,0,0,0,0,0,0
2018,566,6371,0,0,0,0,0,0,0,0,9259,0,0,0,7391,0,59755,0,0,0,11962,0,2965,288,0
2018,784,20205,0,94,0,0,0,0,10102,0,26294,0,2329,0,19748,0,144457,0,0,0,34293,0,8452,91,661
2018,102,0,0,0,0,0,0,0,0,0,0,0,0,0,0,0,586,0,0,0,0,0,0,0,0
2018,379,0,0,0,0,0,0,0,0,0,0,0,0,0,0,0,0,0,0,0,0,0,0,0,0
2018,639,19990,0,0,0,0,556,0,0,0,6310,0,0,0,4088,0,0,0,0,0,9846,0,3391,0,0
2018,457,1721,0,0,0,0,0,0,0,0,2881,0,0,0,0,0,24465,0,0,0,2731,0,765,0,0
2018,609,19192,0,21,987,0,2500,0,0,0,8425,0,0,0,16993,0,74078,0,1635,0,13449,0,3983,392,80
2018,101,0,0,0,0,0,0,0,0,0,0,0,0,0,0,0,0,0,0,0,0,0,0,0,0
2018,454,6836,0,14,0,0,0,0,0,0,2196,0,0,0,6768,0,40188,0,0,0,11125,0,2562,66,69
2018,318,0,0,0,0,0,0,0,0,0,0,0,0,0,0,0,0,0,0,0,0,0,0,0,0
2018,600,6436,0,6,0,0,1336,0,0,0,5964,0,0,0,0,0,55448,0,0,0,8527,0,3205,233,58
2018,545,11585,0,39,934,0,592,0,0,0,8787,0,0,0,4704,0,67250,0,0,0,10387,0,2607,198,130
2018,100,0,0,0,0,0,0,0,0,0,0,0,0,0,0,0,0,0,0,0,0,0,0,0,0
2018,702,19575,0,51,121,0,0,0,0,0,14244,0,0,0,9331,0,88628,69368,0,0,22272,0,4264,427,388
2018,778,9186,0,15,0,0,0,0,0,0,11202,0,0,0,4726,0,49985,0,0,0,11413,0,4572,162,190
2018,341,0,0,0,0,0,0,0,0,0,0,0,0,0,0,0,12207,0,0,0,0,0,80,0,0
2018,99,0,0,0,0,0,0,0,0,0,0,0,0,0,0,0,0,0,0,0,0,0,0,0,0
2018,767,0,0,0,0,0,0,0,0,0,10395,0,0,0,3579,0,60840,0,0,0,6134,0,5426,133,0
2018,359,0,0,0,0,0,1508,0,0,0,5516,0,0,0,0,0,25096,0,0,0,0,0,0,0,0
2018,98,0,0,0,0,0,0,0,0,0,0,0,0,0,0,0,0,0,0,0,0,0,0,0,0
2018,132,0,0,0,0,0,0,0,0,0,0,0,0,0,0,0,0,0,0,0,0,0,0,0,0
2018,97,0,0,0,0,0,0,0,0,0,0,0,0,0,0,0,0,0,0,0,0,0,0,0,0
2018,103,0,0,0,0,0,0,0,0,0,0,0,0,0,0,0,0,0,0,0,0,0,0,0,0
2018,110,0,0,0,0,0,0,0,0,0,0,0,0,0,0,0,0,0,0,0,0,0,0,0,0
2018,94,0,0,0,0,0,0,0,0,0,0,0,0,0,0,0,0,0,0,0,0,0,0,0,0
2018,91,0,0,0,0,0,0,0,0,0,0,0,0,0,0,0,0,0,0,0,0,0,0,0,0
2018,664,14972,0,35,150,0,0,0,0,0,2222,0,0,0,8463,0,93406,0,0,0,16069,0,4540,271,161
2018,918,42274,0,263,2631,0,6543,0,9721,0,17902,0,5527,0,45411,0,109989,0,4758,0,77846,0,6856,1850,274
2018,92,0,0,0,0,0,0,0,0,0,0,0,0,0,0,0,0,0,0,0,0,0,0,0,0
2018,95,0,0,0,0,0,0,0,0,0,0,0,0,0,0,0,0,0,0,0,0,0,0,0,0
2018,301,0,0,0,0,0,0,0,0,0,0,0,0,0,0,0,9759,405,0,0,0,0,281,0,0
2018,492,0,0,0,0,0,0,0,0,0,9067,0,0,0,0,0,40180,0,0,0,6366,0,1755,75,0
2018,811,0,0,0,0,0,0,0,0,0,0,3781,0,0,0,4361,1,0,0,0,0,1118,1379,22,17
2018,812,0,0,0,0,0,0,0,0,0,0,0,0,0,0,0,0,0,0,0,0,0,0,0,0
2018,832,0,0,0,0,0,0,0,0,0,0,0,0,0,0,0,0,0,0,0,0,0,0,0,0
2018,841,0,0,0,0,0,0,0,0,0,0,0,0,0,0,0,0,0,0,0,0,0,0,0,0
2018,856,0,0,0,0,0,0,0,0,0,0,0,0,0,0,0,0,0,0,0,0,0,0,0,0
2018,859,0,0,0,0,0,0,0,0,0,0,0,0,0,0,0,0,0,0,0,0,0,0,0,0
2018,861,0,0,0,0,0,0,0,0,0,0,0,0,0,0,0,0,0,0,0,0,0,0,0,0
2018,880,0,0,0,0,0,0,0,0,0,0,0,0,0,0,0,0,0,0,0,0,0,0,0,0
2018,883,0,0,0,0,0,0,0,0,0,0,0,0,0,0,0,0,0,0,0,0,0,0,0,0
2018,884,0,0,0,0,0,0,0,0,0,0,0,0,0,0,0,0,0,0,0,0,0,0,0,0
2018,877,0,0,0,0,0,0,0,0,0,0,0,0,0,0,0,0,0,0,0,0,0,0,0,0
2018,911,0,0,0,0,0,0,0,0,0,0,0,0,0,0,0,0,0,0,0,0,0,0,0,0
2018,913,0,0,0,0,0,0,0,0,0,0,0,0,0,0,0,0,0,0,0,0,0,0,0,0
2018,922,17983,0,0,0,0,2275,0,0,0,5221,0,0,0,12551,0,38641,0,0,0,11531,0,7022,122,0
2018,923,0,0,0,0,0,0,0,0,0,0,0,0,0,0,0,0,0,0,0,0,0,0,0,0
2018,924,0,0,0,0,0,0,0,0,0,0,0,0,0,0,0,0,0,0,0,1779,0,0,0,0
2018,947,0,0,0,0,0,0,0,0,0,0,0,0,0,0,0,0,0,0,0,0,0,0,0,0
2018,951,0,0,0,0,0,0,0,0,0,0,0,0,0,0,0,0,0,0,0,0,0,0,0,0
2018,1103,0,0,0,0,0,0,0,0,0,0,0,0,0,0,0,0,0,0,0,0,0,0,0,0
2018,972,0,0,0,0,0,0,0,0,0,0,0,0,0,0,0,0,0,0,0,0,0,0,0,0
2018,973,2416,0,0,20,0,0,0,0,0,695,0,0,0,15618,0,17831,0,0,0,3825,0,1777,4,0
2018,974,0,0,0,0,0,0,0,0,0,0,0,0,0,0,0,0,0,0,0,0,0,0,0,0
2018,975,0,0,0,0,0,0,0,0,0,0,0,0,0,0,0,0,0,0,0,0,0,0,0,0
2018,960,0,0,0,0,0,0,0,0,0,0,0,0,0,0,0,0,0,0,0,0,0,0,0,0
2018,1028,0,0,0,0,0,0,0,0,0,0,0,0,0,0,0,0,0,0,0,0,0,0,0,0
2018,976,0,0,0,0,0,0,0,0,0,0,0,0,0,0,0,0,0,0,0,0,0,0,0,0
2018,977,0,0,0,0,0,0,0,0,0,0,0,0,0,0,0,0,0,0,0,0,0,0,0,0
2018,1020,0,0,0,0,0,0,0,0,0,0,0,0,0,0,0,0,0,0,0,0,0,0,0,0
2018,994,0,0,0,0,0,0,0,0,0,6575,0,0,0,4647,0,49980,0,0,0,8924,0,1652,75,0
2018,995,0,0,0,0,0,0,0,0,0,0,0,0,0,0,0,0,0,0,0,0,0,0,0,0
2018,1060,0,0,0,0,0,0,0,0,0,0,0,0,0,0,0,0,0,0,0,0,0,0,0,0
2018,1005,0,0,0,0,0,0,0,0,0,0,0,0,0,0,0,0,0,0,0,0,0,0,0,0
2018,1061,0,0,0,0,0,0,0,0,0,0,0,0,0,0,0,0,0,0,0,0,0,0,0,0
2018,1062,0,0,0,0,0,0,0,0,0,0,0,0,0,0,0,0,0,0,0,0,0,0,0,0
2018,1006,0,0,0,0,0,0,0,0,0,0,0,0,0,0,0,0,0,0,0,0,0,0,0,0
2018,1088,0,0,0,0,0,0,0,0,0,0,0,0,0,0,0,0,0,0,0,0,0,272,0,0
2018,1089,3133,0,0,0,0,1357,0,0,0,971,0,0,0,7754,0,26073,0,0,0,3595,0,1090,13,0
2018,1076,0,0,0,0,0,0,0,0,0,0,0,0,0,0,0,0,0,0,0,0,0,0,0,0
2018,1078,0,0,0,0,0,0,0,0,0,0,0,0,0,0,0,0,0,0,0,0,0,0,0,0
2018,1033,17019,0,14,0,0,0,0,0,0,0,0,0,0,9330,0,85664,0,0,0,22705,0,4560,491,215
2018,1037,0,0,0,0,0,0,0,0,0,0,0,0,0,0,0,0,0,0,0,0,0,0,0,0
2018,1039,0,0,0,0,0,0,0,0,0,0,0,0,0,0,0,0,0,0,0,0,0,0,0,0
2018,1067,0,0,0,0,0,0,0,0,0,0,0,0,0,0,0,0,0,0,0,0,0,0,0,0
2018,1065,0,0,0,0,0,0,0,0,0,0,0,0,0,0,0,721,0,0,0,0,0,0,0,0
2018,1066,0,0,0,0,0,1444,0,0,0,2029,2057,0,0,8956,1610,11382,5610,0,0,5952,0,7520,90,55
2018,1100,0,0,0,0,0,0,0,0,0,0,0,0,0,0,0,0,0,0,0,0,0,0,0,0
2018,1105,0,0,0,0,0,0,0,0,0,0,0,0,0,0,0,0,0,0,0,0,0,0,0,0
2018,1107,0,0,0,0,0,0,0,0,0,0,0,0,0,0,0,0,0,0,0,0,0,0,0,0
2018,1111,0,0,0,0,0,0,0,0,0,0,0,0,0,0,0,0,0,0,0,0,0,0,0,0
2018,1121,0,0,0,0,0,0,0,0,0,0,0,0,0,0,0,0,0,0,0,0,0,0,0,0
2018,1119,0,0,0,0,0,0,0,0,0,0,0,0,0,0,0,0,0,0,0,0,0,0,0,0
2018,207,1131,0,0,0,0,0,0,0,0,0,0,0,0,12,0,6757,0,0,0,393,0,717,7,0
2018,431,11,0,0,0,0,0,0,0,0,0,0,0,0,0,0,1363,0,0,0,0,0,0,0,0
2018,387,4083,0,6,0,0,0,0,0,0,3749,0,0,0,0,0,35682,0,0,0,5829,0,1128,0,0
2018,179,0,0,0,0,0,0,0,0,0,0,0,0,0,0,0,342,0,0,0,0,0,0,0,0
2018,606,3013,0,5,0,0,0,0,0,0,3120,1252,0,0,0,0,27831,3353,0,0,4495,0,1049,0,0
2018,925,20725,0,20,3204,0,2366,0,6249,0,4919,0,0,0,11830,0,158209,0,0,0,21495,0,5496,588,260
2018,541,3950,0,0,0,0,0,0,0,0,1801,0,0,0,0,0,26438,0,0,0,4405,0,734,0,0
2018,797,1794,0,1,0,0,0,0,0,0,1878,0,0,0,0,0,31460,0,0,0,5811,0,687,0,0
2018,627,9281,0,0,0,0,0,0,0,0,1977,0,0,0,3429,0,53707,18847,0,0,9595,0,1997,175,0
2018,173,0,0,0,0,0,0,0,0,0,0,0,0,0,0,0,0,0,0,0,0,0,0,0,0
2018,636,11749,0,13,0,0,0,0,4330,0,7209,0,0,0,7256,0,113491,0,1012,0,15530,0,2798,955,159
2018,205,0,0,0,0,0,0,0,0,0,245,0,0,0,0,0,6903,0,0,0,59,0,786,0,0
2018,814,0,0,0,0,0,0,0,0,0,0,0,0,0,0,0,2957,0,0,0,0,0,118,0,0
2018,881,0,0,0,0,0,0,0,0,0,1340,0,0,0,0,0,19650,0,0,0,0,0,0,0,0
2018,771,20312,727,18,931,,0,,7456,,6924,0,2226,,17350,,242927,20164,2771,,27004,,4867,684,546
2018,533,1853,0,0,0,0,0,0,0,0,373,0,0,0,0,0,3845,0,0,0,0,0,336,6,0
2018,447,3674,0,0,0,0,0,0,0,0,68,0,0,0,1711,0,16871,0,0,0,1278,0,245,0,27
2018,815,654,0,0,19,0,557,0,0,0,490,0,0,0,11778,0,4518,0,0,0,6515,0,256,0,0
2018,801,14331,,10,,,6569,,,,5620,25968,,,7453,,289724,0,,,25655,,6481,473,
2018,800,5781,0,0,0,0,0,0,0,0,0,0,0,0,0,0,0,0,0,0,0,0,1926,6,0
2018,389,9532,0,0,0,0,0,0,0,0,834,0,0,0,4731,0,76138,0,0,0,4302,0,1224,41,1
2018,695,9561,0,11,657,,992,,0,0,10980,0,0,0,9226,,121422,50738,0,0,18668,,5060,363,162
2018,816,2736,0,0,0,0,0,0,0,0,3004,0,0,0,2097,0,60507,0,0,0,4111,0,1211,34,1
2018,833,3942,0,0,0,0,0,0,0,0,4219,0,0,0,2558,0,79295,0,0,0,4983,0,1243,3,19
2018,870,5214,0,0,0,0,447,0,0,0,983,0,0,0,7470,0,22258,0,0,0,5308,0,1324,24,25
2018,927,3026,0,0,0,0,0,0,0,0,790,0,0,0,7573,0,16267,0,0,0,0,0,2108,0,0
2018,961,2856,859,9,,,,,2355,,28891,0,,,2,,303813,0,963,,17631,,3231,312,
2018,962,0,0,0,0,0,0,0,0,0,131,0,0,0,782,0,3104,0,0,0,570,0,1527,0,0
2018,1079,1080,0,0,0,0,475,0,0,0,620,0,0,0,1657,0,6019,0,0,0,0,0,176,0,0
2018,1101,5109,0,1,0,0,0,0,0,0,841,0,0,0,2496,0,23060,0,0,0,2644,0,2850,30,47
2018,666,21465,0,76,1805,0,0,7457,0,0,5304,0,0,0,14742,0,89647,42182,0,0,19151,0,2303,294,294
2018,392,0,0,0,0,0,0,0,0,0,0,0,0,0,0,0,2067,0,0,0,0,0,0,0,0
2018,790,6293,0,0,0,0,3619,0,2787,0,3749,0,804,0,7120,0,20893,0,376,0,9776,0,1840,22,15
2018,650,6023,0,4,0,0,0,0,0,0,847,0,0,0,0,0,62603,0,0,0,7715,0,1450,52,0
2018,876,15538,0,41,0,0,0,0,0,0,1508,0,0,0,9132,0,54454,0,0,0,12340,0,2280,154,95
2018,944,0,0,0,0,0,0,0,0,0,0,0,0,0,2253,0,6989,0,0,0,569,0,0,0,0
2018,952,11630,0,0,0,0,1064,0,0,0,3964,0,0,0,7812,0,71254,0,0,0,3961,0,0,0,0
2018,54,0,0,0,0,0,0,0,0,0,0,0,0,0,0,0,0,0,0,0,0,0,0,0,0
2018,367,5717,0,0,0,0,1882,0,0,0,29944,0,0,0,10548,0,20057,0,0,0,4474,0,1092,7,0
2018,538,14556,0,10,0,0,0,0,0,0,2745,0,0,0,6810,0,100857,3888,0,0,9076,0,2321,173,348
2018,557,5220,0,2,0,0,0,0,0,0,1557,0,0,0,0,0,36217,0,0,0,4461,0,1071,52,0
2018,653,6660,0,1,0,0,0,0,0,0,1593,0,0,0,6530,0,64674,4630,0,0,7350,173,1541,135,0
2018,647,6079,0,3,0,0,0,0,0,0,1354,0,0,0,0,0,51606,0,0,0,6134,0,283,63,0
2018,978,19775,0,9,141,0,4134,0,8671,0,2507,0,7042,0,10576,0,179509,11411,0,0,20495,354,3402,431,286
2018,996,0,0,0,0,0,0,0,0,0,761,0,0,0,8047,0,39711,0,0,0,4408,0,1413,72,0
2018,729,22633,0,44,2654,,14442,,5248,,13087,29258,5085,,26267,,388978,68000,2071,,54859,,9156,1108,752
2018,182,5008,0,0,0,0,0,0,0,0,1934,0,0,0,8815,0,13734,0,0,0,5941,0,1867,28,0
2018,633,352,0,0,668,0,0,0,0,0,320,0,0,0,478,0,60724,0,0,0,906,0,1213,0,52
2018,685,4469,,1,,,,,,,10938,0,,,0,,106224,0,,,11395,,1717,164,
2018,683,,,,,,,,,,5082,0,,,,,58881,0,,,4957,,1340,45,
2018,945,4849,,,,,,,,,6080,0,,,,,46679,0,,,4304,,1282,44,
2018,953,0,0,0,283,0,0,0,0,0,0,0,0,0,0,0,0,0,0,0,0,0,0,0,0
2018,1022,1418,,,,,,,,,2018,0,,,,,33267,0,,,1767,,404,,
2018,1049,796,,,,,,,,,2243,0,,,,,19965,0,,,1364,,309,,
2018,1151,6,0,0,0,0,127,0,0,0,243,0,0,0,968,0,1981,0,0,0,411,0,78,90,0
2018,794,55046,0,96,765,0,0,1453,0,0,8616,0,0,0,16502,0,185564,75819,0,0,61502,0,10445,1086,364
2018,415,159,0,0,0,0,0,0,0,0,1253,0,2475,0,0,0,1430,0,5794,0,4994,0,13,0,0
2018,592,5330,0,0,68,0,631,0,0,0,2756,0,0,0,3923,0,45587,0,0,0,4656,0,1741,0,3
2018,497,2898,0,0,41,0,236,0,0,0,1483,0,0,0,7973,0,24970,0,0,0,3045,0,1868,14,28
2018,458,10800,0,2,43,0,2632,0,1366,0,6800,0,481,0,6996,0,45158,0,302,0,7344,0,2671,105,31
2018,726,20718,0,23,0,0,2551,0,0,0,3498,0,0,0,5740,0,106878,21378,0,0,22154,0,3842,403,139
2018,272,2312,0,0,0,0,785,0,0,0,1460,0,0,0,8295,0,27492,0,0,0,4324,0,494,14,0
2018,805,35821,0,102,2449,0,3875,0,4168,0,7817,0,4904,0,16070,0,209294,27463,1512,0,40279,0,11170,1532,620
2018,234,0,0,0,0,0,860,0,0,0,2777,0,0,0,10370,0,26277,0,0,0,4661,0,2472,23,3
2018,64,0,0,0,0,0,0,0,0,0,0,0,0,0,0,0,0,0,0,0,0,0,0,0,0
2018,842,0,0,0,0,0,0,0,0,0,385,0,0,0,2228,0,43257,0,0,0,6818,0,544,0,0
2018,843,0,0,0,765,0,0,0,0,0,405,0,0,0,0,0,25057,0,0,0,4358,0,1077,0,0
2018,803,11795,0,4,0,0,0,0,0,0,3825,0,0,0,7545,0,78573,10649,2349,0,11237,345,4040,155,126
2018,211,1550,0,0,0,0,0,0,0,0,0,0,0,0,0,0,0,0,0,0,0,0,311,0,0
2018,773,19241,0,61,1142,0,3793,0,2656,0,3924,0,0,0,15869,0,81247,0,3799,0,32159,0,3451,566,455
2018,424,0,0,0,0,0,0,0,0,0,0,0,0,0,0,0,212784,0,0,0,0,0,1821,7,0
2018,298,16392,0,0,147,0,2236,0,4290,0,6908,0,0,0,20362,0,24652,0,309,0,7217,0,2371,60,139
2018,594,0,0,0,0,0,0,0,0,0,604,0,0,0,1319,0,6060,0,0,0,436,0,750,0,0
2018,237,515,0,0,0,0,0,0,0,0,0,0,0,0,0,0,11991,0,0,0,0,0,33,0,0
2018,16,0,0,0,0,0,0,0,0,0,0,0,0,0,0,0,0,0,0,0,0,0,0,0,0
2018,768,1830,0,0,0,0,0,0,0,0,0,0,0,0,0,0,11782,0,0,0,1395,0,327,0,0
2018,617,10539,0,15,0,0,0,0,0,0,6568,0,0,0,4339,0,59963,0,0,0,8096,0,1531,200,0
2018,297,23512,0,0,0,0,2157,0,0,0,4860,0,0,0,6213,0,21574,0,0,0,0,0,942,0,0
2018,105,0,0,0,0,0,0,0,0,0,0,0,0,0,0,0,0,0,0,0,0,0,0,0,0
2018,544,2697,0,3,0,0,0,0,0,0,3381,0,0,0,0,0,35375,0,0,0,2916,0,1176,0,0
2018,804,11305,0,9,0,0,1655,0,0,0,7216,0,0,0,5301,0,31992,0,0,0,7071,0,2012,149,0
2018,104,0,0,0,0,0,0,0,0,0,0,0,0,0,0,0,0,0,0,0,0,0,0,0,0
2018,20,0,0,0,0,0,0,0,0,0,0,0,0,0,0,0,0,0,0,0,0,0,0,0,0
2018,550,0,0,0,0,0,0,0,0,0,5602,0,0,0,0,0,55302,0,0,0,0,0,1171,0,0
2018,112,0,0,0,0,0,0,0,0,0,0,0,0,0,0,0,0,0,0,0,0,0,0,0,0
2018,818,0,0,0,0,0,0,0,0,0,0,0,0,0,0,0,0,0,0,0,0,0,0,0,0
2018,882,0,0,0,0,0,0,0,0,0,0,0,0,0,0,0,0,0,0,0,0,0,0,0,0
2018,914,0,0,0,0,0,0,0,0,0,0,0,0,0,0,0,0,0,0,0,0,0,0,0,0
2018,928,0,0,0,0,0,0,0,0,0,0,0,0,0,0,0,0,0,0,0,0,0,0,0,0
2018,964,5981,0,0,0,0,0,0,0,0,2804,0,0,0,5167,0,41193,0,0,0,6691,0,2207,0,0
2018,1026,0,0,0,0,0,0,0,0,0,0,0,0,0,0,0,0,0,0,0,0,0,0,0,0
2018,1068,0,0,0,0,0,0,0,0,0,0,0,0,0,0,0,0,0,0,0,0,0,0,0,0
2018,1108,0,0,0,0,0,0,0,0,0,1529,0,0,0,3081,0,23679,0,0,0,4432,0,293,0,0
2018,404,1327,0,0,0,0,0,0,0,0,0,0,0,0,28,0,2214,0,0,0,5,0,2233,0,0
2018,270,4083,0,0,0,0,0,0,549,0,5647,0,0,0,7606,0,37391,0,0,0,6311,0,2676,23,20
2018,676,473,,,,,,,,,4989,0,0,,3,,88479,0,,,6696,,1182,55,2
2018,709,10969,0,2,7,,,,,,8893,0,,,,,153734,0,,,9396,,3784,139,
2018,754,14088,41049,79,2795,,8202,,4178,,8141,0,6645,,25794,,274898,0,660,,49213,,7057,889,490
2018,997,2925,,,,,,,,,2836,0,,,0,,47362,0,,,2954,,1140,,
2018,1069,1825,,,,,,,,,3314,,,,,,31079,0,,,2261,,731,,
2018,1118,0,0,0,0,0,2292,0,828,0,6497,0,0,0,9024,0,64047,0,0,0,7266,0,2410,0,0
2018,1116,18055,0,41,1291,,11163,,3574,,7974,0,,,17553,,265853,0,1494,,32964,,4824,425,
2018,734,26507,0,8,569,0,0,0,0,0,3486,0,0,0,10568,0,124517,20932,0,0,17959,668,4776,730,183
2018,299,2714,0,0,0,0,3004,0,0,0,2131,0,0,0,4394,0,24528,0,0,0,1327,0,448,0,0
2018,645,1559,0,0,0,0,1475,0,0,0,1023,0,0,0,0,0,13676,0,0,0,0,0,250,0,0
2018,17,0,0,0,0,0,0,0,0,0,0,0,0,0,0,0,0,0,0,0,0,0,0,0,0
2018,1046,0,0,0,0,0,0,0,0,0,0,0,0,0,0,0,0,0,0,0,0,0,0,0,0
2018,420,0,0,0,0,0,0,0,0,0,0,0,0,0,1991,0,5989,0,0,0,0,0,0,0,0
2018,802,0,0,0,0,0,0,0,0,0,0,0,0,0,0,0,1497,0,0,0,0,0,0,0,0
2018,266,3651,0,1,0,0,335,0,0,0,988,0,0,0,13336,0,55015,0,0,0,5006,0,0,0,0
2018,769,5316,0,0,0,0,109,0,4017,0,47191,0,2090,0,2014,0,6470,0,2262,0,8407,0,0,0,0
2018,776,3854,0,1,0,0,0,0,0,0,0,0,0,0,0,0,29962,18956,0,0,6817,0,1659,77,0
2018,640,0,0,0,0,0,0,0,0,0,0,0,0,0,15,0,43787,0,0,0,3958,0,326,52,1
2018,315,0,0,0,0,0,0,0,0,0,0,0,0,0,0,0,0,0,0,0,0,0,0,0,0
2018,40,0,0,0,0,0,0,0,0,0,0,0,0,0,0,0,0,0,0,0,0,0,0,0,0
2018,508,3125,0,0,0,0,0,0,0,0,151,0,0,0,5722,0,17596,9396,0,0,5811,0,0,0,0
2018,46,0,0,0,0,0,0,0,0,0,0,0,0,0,0,0,0,0,0,0,0,0,0,0,0
2018,590,5797,0,5,0,0,0,0,0,0,0,0,0,0,0,0,36925,17549,0,0,6606,0,2226,96,0
2018,777,5298,0,2,0,0,0,0,0,0,0,0,0,0,0,0,36087,14850,0,0,4329,0,497,106,0
2018,897,25864,0,38,960,0,0,6125,0,0,7238,0,211,0,83,0,128459,98934,0,0,34470,6759,5062,1398,0
2018,965,0,0,0,0,0,0,0,0,0,0,0,0,0,0,0,0,0,0,0,0,0,,,
2018,671,7612,,1,,,0,,,,9773,0,,,8867,,99498,0,,,12061,,1809,168,180
2018,461,3,0,0,0,0,0,0,0,0,0,0,0,0,0,0,255,0,0,0,0,0,0,0,0
2018,376,17643,0,0,0,0,440,0,0,0,820,0,0,0,0,0,7643,0,0,0,5895,0,4957,0,0
2018,621,3924,0,0,,,,,,,4942,0,,,,,71101,0,,,3634,,530,70,
2018,793,12742,,35,1858,,5829,,3954,,5625,0,,,10582,,185494,89768,3263,,27161,,5445,519,3
2018,1102,3808,0,0,0,0,244,0,0,0,1419,0,0,0,3178,0,28179,0,0,0,2623,0,1326,4,0
2018,1147,159,0,0,0,0,0,0,0,0,17,0,0,0,0,0,18769,0,0,0,731,0,143,0,0
2018,712,12491,0,7,0,0,0,0,0,0,1904,0,0,0,0,0,58061,0,0,0,9025,0,2640,104,177
2018,32,0,0,0,0,0,0,0,0,0,0,0,0,0,0,0,0,0,0,0,0,0,0,0,0
2018,361,0,0,0,0,0,0,0,0,0,10231,0,0,0,0,0,3032,0,0,0,1588,0,0,0,0
2018,486,0,0,0,0,0,0,0,1286,0,705,0,0,0,0,0,7197,0,0,0,1521,0,1028,0,0
2018,595,2445,0,4,0,0,0,0,0,0,3106,0,0,0,0,0,54232,11374,0,0,8964,0,1654,107,0
2018,433,0,0,0,0,0,0,0,0,0,469,0,0,0,0,0,17911,0,0,0,0,0,0,0,0
2018,1058,0,0,0,0,0,0,0,0,0,124,0,0,0,0,0,8450,0,0,0,,0,191,0,0
2018,261,2709,0,0,0,0,0,0,0,0,0,0,0,0,0,0,6870,0,0,0,0,0,912,0,0
2018,730,9369,,1,,,,,,,11144,0,,,,,141662,0,,,8574,,2000,48,
2018,577,4658,,3,,,,,,,11882,0,,,,,141589,0,,,8204,,1947,84,
2018,788,17404,,19,432,,3781,,4084,,4894,0,0,0,18987,,176235,39237,1542,,35218,,4767,173,215
2018,865,3812,,,,,,,,,5871,,,,,,54767,0,,,5169,,1130,20,
2018,979,744,,,,,,,,,1414,0,,,,,19754,0,,,1895,,214,7,
2018,998,426,,,,,,,,,743,0,,,,,11310,0,,,,,87,,
2018,1072,937,,,,,,,,,2256,0,,,,,31368,0,,,1750,,365,,
2018,221,14,0,0,0,0,216,0,0,0,337,0,0,0,2174,0,6543,0,0,0,1113,0,185,6,0
2018,506,4,0,0,0,0,600,0,26,0,177,0,0,0,4125,0,27263,0,0,0,2727,0,500,3,0
2018,727,14380,0,7,0,0,0,0,0,0,2095,0,0,0,7379,0,92508,0,0,0,18635,0,4069,253,50
2018,355,2099,0,0,0,0,0,0,0,0,696,0,0,0,1664,0,9653,0,0,0,1225,0,270,0,0
2018,487,492,0,0,0,0,3,0,0,0,33,0,0,0,1326,0,9747,0,0,0,1587,0,135,25,0
2018,938,22924,0,46,1835,0,4083,0,7620,0,4137,5418,0,0,13776,0,168702,69119,1659,0,31209,0,8264,578,281
2018,886,0,0,0,0,0,130,0,0,0,224,0,0,0,1592,0,2271,0,0,0,536,0,745,0,0
2018,835,841,0,0,0,0,447,0,0,0,1000,0,0,0,1839,0,0,0,0,0,855,0,380,0,0
2018,999,0,0,0,0,0,0,0,0,0,0,0,0,0,0,0,151,0,0,0,0,0,0,0,0
2018,798,24498,0,75,585,0,0,0,0,0,7882,0,0,0,0,0,108931,0,0,0,26347,0,2967,848,367
2018,504,0,0,0,354,0,0,0,0,0,21,0,0,0,9303,0,35701,0,0,0,5707,0,2293,41,0
2018,247,2712,2713,0,0,0,0,1257,0,0,0,3899,0,0,0,0,3022,5456,0,0,3125,0,565,0,0
2018,216,2562,0,1,0,0,1112,0,0,0,2249,0,0,0,4236,0,19169,0,0,0,3209,0,744,0,0
2018,654,0,0,0,0,0,0,0,0,0,1493,0,0,0,4471,0,10309,0,0,0,2806,0,1368,44,0
2018,65,0,0,0,0,0,0,0,0,0,0,0,0,0,0,0,0,0,0,0,0,0,0,0,0
2018,472,0,0,0,0,0,0,0,0,0,1213,0,0,0,0,0,14395,0,0,0,2131,0,229,0,0
2018,427,0,0,0,0,0,0,0,0,0,0,0,0,0,0,0,3663,0,0,0,0,0,0,0,0
2018,491,697,0,0,0,0,0,0,0,0,1491,0,0,0,0,0,12475,0,0,0,1741,0,312,0,0
2018,551,125,0,0,0,0,0,0,0,0,466,0,0,0,0,0,3377,0,0,0,582,0,176,0,0
2018,106,0,0,0,0,0,0,0,0,0,0,0,0,0,0,0,0,0,0,0,0,0,0,0,0
2018,819,0,0,0,0,0,0,0,0,0,0,0,0,0,0,0,0,0,0,0,0,0,0,0,0
2018,836,0,0,0,0,0,0,0,0,0,0,0,0,0,0,0,0,0,0,0,0,0,0,0,0
2018,915,0,0,0,0,0,0,0,0,0,0,0,0,0,0,0,0,0,0,0,0,0,0,0,0
2018,942,0,0,0,0,0,0,0,0,0,0,0,0,0,0,0,0,0,0,0,0,0,0,0,0
2018,1140,0,0,0,0,0,0,0,0,0,0,0,0,0,0,0,0,0,0,0,0,0,0,0,0
2018,748,17656,5181,21,152,0,0,2292,0,2040,7266,17523,0,1655,15363,3118,121904,50026,0,454,27364,3929,4336,544,241
2018,198,0,0,0,0,0,0,0,0,0,0,0,0,0,0,0,0,0,0,0,0,0,0,0,0
2018,871,4035,0,1,0,0,737,0,0,0,402,0,0,0,6744,0,33155,0,0,0,5355,0,1272,55,17
2018,948,0,0,0,0,0,75,0,0,0,0,0,0,0,3323,0,21845,0,0,0,1708,0,240,0,0
2018,1051,0,0,0,0,0,0,0,0,0,0,0,0,0,0,0,0,0,0,0,0,0,0,0,0
2018,1083,0,0,0,0,0,0,0,0,0,0,0,0,0,0,0,0,0,0,0,0,0,0,0,0
2018,1096,0,0,0,0,0,0,0,0,0,0,0,0,0,0,0,0,0,0,0,0,0,0,0,0
2018,679,23095,0,14,1572,0,3289,0,1744,0,3422,0,0,0,16154,0,212428,0,161,0,29565,0,5027,338,468
2018,176,0,0,0,0,0,0,0,0,0,575,0,0,0,8178,0,15138,0,0,0,2882,0,558,0,0
2018,537,0,0,0,0,0,0,0,0,0,738,0,0,0,6527,0,8490,0,0,0,2350,0,874,0,0
2018,608,10706,0,4,0,0,0,0,0,0,1328,0,0,0,4111,0,60172,0,0,0,6729,0,1558,99,0
2018,596,2157,0,0,0,0,0,0,0,0,621,0,0,0,0,0,39454,0,0,0,4316,0,667,12,0
2018,749,52709,0,12,2439,0,3192,0,7907,0,9728,179,2057,0,27349,0,192370,41649,0,0,59756,0,13673,1886,783
2018,758,37338,2154,140,971,0,7590,0,10066,0,10251,0,3202,0,31270,0,187822,68129,2283,0,53188,0,12320,1099,416
2018,1104,34413,0,68,1285,0,6651,0,3639,0,4359,5774,5135,0,21572,0,54430,62008,773,0,16253,0,10173,1185,293
2018,567,8388,0,0,0,0,10310,0,0,0,4950,0,0,0,0,0,10286,0,0,0,2601,0,1652,0,0
2018,677,16413,0,3,557,0,2723,0,0,0,3118,0,0,0,12998,0,104898,17974,1946,0,26845,0,5384,680,455
2018,670,2094,0,0,0,0,0,0,0,0,0,0,0,0,6913,0,26739,0,0,0,1597,0,118,61,0
2018,588,5024,0,0,0,0,0,0,1096,0,1120,0,0,0,0,0,17911,0,0,0,4569,0,542,0,0
2018,753,32265,0,44,1305,0,7394,0,5860,0,5687,3356,3556,0,25702,0,215693,47202,674,0,52788,0,9708,913,429
2018,887,0,0,0,0,0,0,0,0,0,0,0,0,0,0,0,739,0,0,0,0,0,0,0,0
2018,245,0,0,0,0,0,9220,0,0,0,23096,0,0,0,22308,0,60982,0,0,0,11449,0,859,30,13
2018,603,6099,0,0,0,0,0,0,0,0,1773,0,0,0,12112,0,77883,0,0,0,6835,0,2026,8,0
2018,426,0,0,0,0,0,0,0,0,0,13990,0,0,0,4250,0,4840,0,0,0,1510,0,660,0,0
2018,232,16425,0,0,0,0,1915,0,0,0,7206,0,0,0,6504,0,6765,0,0,0,1816,0,718,0,0
2018,288,4047,0,0,0,0,429,0,0,0,11233,0,0,0,16307,0,66645,0,0,0,8696,0,9150,12,11
2018,246,3911,0,0,0,0,955,0,0,0,2541,0,0,0,5181,0,11169,0,0,0,2059,0,2667,0,0
2018,284,0,0,0,0,0,3482,0,0,0,16654,0,0,0,12196,0,68179,0,0,0,5748,0,3168,33,0
2018,18,0,0,0,0,0,0,0,0,0,0,0,0,0,0,0,0,0,0,0,0,0,0,0,0
2018,356,0,0,0,0,0,0,0,0,0,0,0,0,0,0,0,0,0,0,0,0,0,0,0,0
2018,401,0,0,0,0,0,0,0,0,0,0,0,0,0,0,0,209,0,0,0,0,0,0,0,0
2018,733,43532,0,19,6203,0,3477,5460,2984,0,5940,9575,0,0,43157,11838,166569,86609,0,0,36302,10444,10619,1796,196
2018,243,0,0,0,0,0,0,0,0,0,1153,0,0,0,7838,0,34284,0,0,0,2090,0,4622,0,0
2018,380,0,0,0,0,0,0,0,0,0,0,0,0,0,0,0,1162,0,0,0,0,0,0,0,0
2018,716,7261,0,0,0,0,0,0,0,0,0,0,0,0,7565,0,64149,0,0,0,5618,0,7488,0,4
2018,534,5204,0,0,139,0,3564,0,6284,0,1574,0,0,0,16751,0,57854,0,0,0,8326,0,2205,18,0
2018,185,0,0,0,0,0,393,0,0,0,1247,0,0,0,2460,0,5367,0,0,0,806,0,1138,0,0
2018,258,10371,0,0,60,0,1322,0,0,0,2846,0,603,0,8074,0,25839,0,0,0,6694,0,3324,42,15
2018,505,2199,0,0,0,0,702,0,52,0,1022,0,0,0,4105,0,8250,0,0,0,1281,0,2282,0,0
2018,268,6916,0,0,4,0,1499,0,0,0,1613,0,0,0,9636,0,78377,0,0,0,7255,0,6623,0,1
2018,602,5490,0,0,270,0,2220,0,0,0,7632,0,850,0,11271,0,40050,0,940,0,4706,0,837,47,1
2018,254,0,0,0,6,0,4980,0,3470,0,4646,0,804,0,21817,0,57608,0,0,0,7420,0,2695,5,15
2018,705,17927,0,0,466,0,0,0,0,0,4376,0,0,0,16267,0,51240,0,0,0,11380,0,3232,51,99
2018,133,3384,0,0,0,0,844,0,0,0,14030,0,0,0,0,0,1733,0,0,0,0,0,0,0,0
2018,33,0,0,0,0,0,0,0,0,0,0,0,0,0,0,0,0,0,0,0,0,0,0,0,0
2018,143,0,0,0,0,0,0,0,0,0,0,0,0,0,0,0,0,0,0,0,0,0,0,0,0
2018,36,0,0,0,0,0,0,0,0,0,0,0,0,0,0,0,0,0,0,0,0,0,0,0,0
2018,756,9939,0,5,207,0,1936,0,1479,0,2321,0,0,0,6930,0,90409,0,998,0,13693,0,2433,212,92
2018,662,46345,0,11,272,0,2861,0,1868,0,3437,7559,0,0,6958,6845,112336,48486,0,0,21440,3713,7556,630,146
2018,192,0,0,0,0,0,0,0,0,0,0,0,0,0,0,0,4284,0,0,0,0,0,0,0,0
2018,382,0,0,0,0,0,0,0,0,0,0,0,0,0,0,0,1153,0,0,0,0,0,0,0,0
2018,322,0,0,0,0,0,0,0,0,0,0,0,0,0,0,0,1236,0,0,0,0,0,0,0,0
2018,478,0,0,0,0,0,0,0,0,0,0,0,0,0,6528,0,15354,0,0,0,2007,0,0,0,0
2018,352,0,0,0,0,0,0,0,0,0,0,0,0,0,0,0,3898,0,0,0,0,0,0,0,0
2018,628,22031,0,22,148,0,0,0,0,0,7205,0,0,0,9032,0,82361,33955,0,0,17055,0,4565,464,171
2018,495,0,0,0,0,0,0,0,0,0,0,0,0,0,10140,0,44918,0,0,0,3558,0,0,0,0
2018,845,14054,0,20,0,0,0,0,0,0,10445,0,0,0,11779,0,93433,31690,0,0,11843,0,3756,311,210
2018,498,6630,0,2,0,0,0,0,0,0,2947,0,0,0,3426,0,47236,0,0,0,5039,0,1773,11,0
2018,314,0,0,0,0,0,0,0,0,0,0,0,0,0,0,0,0,0,0,0,0,0,0,0,0
2018,720,5296,0,0,0,0,0,0,0,0,4171,0,0,0,17656,0,49612,0,0,0,5290,0,2489,123,39
2018,721,21684,0,22,775,0,0,0,0,0,4961,4753,3269,0,15882,0,88625,25909,7183,0,16878,0,4234,356,111
2018,485,6,0,6,0,0,0,0,0,0,0,0,0,0,0,0,0,0,0,0,0,0,0,0,0
2018,273,10111,0,1,252,0,0,0,0,0,1895,0,0,0,10542,0,43367,0,0,0,10025,0,3019,95,82
2018,846,31539,0,106,206,0,1284,0,3540,0,10951,0,0,0,12346,0,117361,0,0,0,20595,0,4888,414,97
2018,847,0,0,0,0,0,0,0,0,0,0,0,0,0,34028,0,80561,0,0,0,5851,0,1513,0,0
2018,848,18676,0,27,233,0,2447,0,0,0,8835,0,0,0,15875,0,59648,0,0,0,7071,0,2844,32,61
2018,916,11144,0,0,0,0,0,0,1548,0,5334,0,948,0,6045,0,7471,0,0,0,11599,0,1862,95,42
2018,930,0,0,0,0,0,2468,0,0,0,4217,0,0,0,17067,0,46535,0,0,0,6495,0,3362,39,46
2018,954,20414,0,25,63,0,0,955,2008,0,9901,4766,1542,0,10053,0,122684,24620,265,0,18756,0,4391,390,117
2018,943,9510,0,0,0,0,0,0,0,0,5827,0,0,0,15516,0,65263,0,0,0,5084,0,2311,15,0
2018,949,57510,0,134,34,0,6417,0,8768,0,14582,0,3464,0,31110,0,171706,62710,1227,0,60208,0,11783,1716,475
2018,980,20750,0,0,297,0,2377,0,0,0,8173,0,726,0,16845,0,26851,0,3867,0,8603,0,0,0,0
2018,981,771,0,0,0,0,0,0,0,0,682,0,0,0,2732,0,5429,0,0,0,875,0,175,153,0
2018,1024,30321,0,0,255,0,816,0,3674,0,6969,0,2480,0,22989,0,57312,0,211,0,14749,0,4555,579,118
2018,1017,0,0,0,0,0,0,0,0,0,0,0,0,0,0,0,0,0,0,0,0,0,0,0,0
2018,1000,26016,0,0,0,0,2805,0,3196,0,6979,0,2133,0,23132,0,87053,0,292,0,23381,0,5583,254,142
2018,1018,13192,0,3,58,0,2970,0,0,0,5050,0,0,0,18814,0,103530,0,0,0,14822,0,3715,161,84
2018,1001,15302,0,0,2,0,1278,0,0,0,0,0,0,0,7009,0,13954,0,0,0,2605,0,2418,0,0
2018,1007,17471,0,3,0,0,3834,0,0,0,11803,0,0,0,14801,0,157123,0,0,0,18968,0,6401,318,107
2018,1008,18807,0,19,0,0,0,0,0,0,4980,0,0,0,8073,0,106448,0,0,0,11984,0,3762,398,93
2018,1010,19060,0,7,0,0,0,0,0,0,5655,0,0,0,6429,0,74471,0,0,0,7300,0,2988,234,92
2018,1011,7395,0,7,4,0,0,0,0,0,2162,0,0,0,6071,0,60968,0,0,0,6119,0,1457,68,45
2018,1012,15860,0,3,0,0,0,0,0,0,8461,0,0,0,7418,0,75772,0,0,0,6313,0,3116,132,73
2018,1013,50646,0,78,2622,0,2724,0,,0,16613,0,3453,0,25138,0,214786,0,5737,0,38452,0,9237,1389,338
2018,1041,0,0,0,0,0,0,0,0,0,0,0,0,0,0,0,0,0,0,0,0,0,0,0,0
2018,1073,12763,0,12,0,0,1669,0,0,0,7856,0,0,0,14726,0,98107,0,0,0,16326,0,3591,475,0
2018,1087,21627,0,13,46,0,3744,0,3167,0,7020,0,4060,0,27530,0,171612,0,823,0,22146,0,5565,806,85
2018,1109,11942,0,5,98,0,957,0,1104,0,4247,0,0,0,16342,0,108832,0,0,0,13707,0,3556,194,72
2018,1110,11907,0,2,207,0,0,0,1387,0,5337,0,843,0,16360,0,33580,0,179,0,6978,0,2798,84,34
2018,1112,5983,0,0,0,0,1601,0,613,0,2343,0,0,0,4060,0,24352,0,0,0,463,0,1893,0,0
2018,1120,0,0,0,0,0,0,0,0,0,0,0,0,0,0,0,0,0,0,0,0,0,0,0,0
2018,1148,4140,0,1,223,0,688,0,0,0,1798,0,651,0,4728,0,10761,0,396,0,5567,0,1295,41,14
2018,1126,32050,0,8,0,0,2923,0,0,0,4255,3485,0,0,9469,0,111537,33587,0,0,17484,0,6376,247,152
2018,1152,0,0,0,0,0,0,0,0,0,0,0,0,0,0,0,0,0,0,0,0,0,0,0,0
2018,789,0,0,0,0,0,0,0,0,0,0,0,0,0,0,0,0,0,0,0,0,0,0,0,0
2018,326,0,0,0,0,0,0,0,0,0,0,0,0,0,0,0,0,0,0,0,0,0,0,0,0
2018,442,6747,0,0,0,0,2268,0,1978,0,3580,0,0,0,8121,0,11758,0,0,0,3144,0,1375,9,49
2018,294,0,0,0,0,0,1456,0,0,0,2261,0,0,0,5302,0,35519,0,0,0,6884,0,1595,29,47
2018,378,1027,0,0,0,0,0,0,0,0,0,0,0,0,0,0,3178,0,0,0,403,0,445,5,0
2018,402,0,0,0,0,0,0,0,0,0,2241,0,0,0,1739,0,8735,0,0,0,663,0,6417,0,0
2018,29,0,0,0,0,0,0,0,0,0,0,0,0,0,0,0,0,0,0,0,0,0,0,0,0
2018,450,458,0,0,0,0,0,0,0,0,0,0,0,0,0,0,5123,0,0,0,0,0,10,0,0
2018,656,9637,,4,,,,,,,9894,0,,,,,121320,0,,,8055,,1935,63,
2018,333,9845,0,0,0,0,951,0,0,0,1650,0,0,0,7122,0,46750,0,0,0,7370,0,1792,135,32
2018,684,5711,,1,,,,,,,10544,0,,,358,,151917,0,,,12732,,2212,198,
2018,422,66,0,0,78,0,0,0,0,0,512,0,0,0,2395,0,11575,0,0,0,1451,0,105,11,4
2018,763,23694,,26,5213,,160,,6235,,7141,0,3014,,28609,,357897,34962,3078,,53252,,5933,535,790
2018,741,26659,,20,1867,,6733,,5314,,9932,3215,0,,10042,,293029,111702,3357,,47249,,2237,642,
2018,553,23268,0,17,539,0,0,0,0,0,9258,0,0,0,16885,0,188565,17931,0,0,25298,0,2429,373,0
2018,357,16,0,0,0,0,0,0,0,0,4,0,0,0,0,0,212,0,0,0,0,0,0,0,0
2018,899,0,0,0,0,0,0,0,0,0,0,0,0,0,0,0,0,0,0,0,0,0,0,0,0
2018,900,25,0,0,0,0,0,0,0,0,265,0,370,0,0,0,453,0,0,0,730,0,87,0,0
2018,950,801,0,0,0,0,515,0,0,0,1506,0,0,0,2018,0,5751,0,0,0,978,0,328,0,0
2018,966,3130,0,0,106,0,0,0,0,0,880,0,0,0,1996,0,13060,0,0,0,923,0,1285,2,15
2018,967,0,0,0,0,0,0,0,0,0,0,0,0,0,0,0,0,0,0,0,0,0,0,0,0
2018,982,6580,0,0,0,0,485,0,0,0,3475,0,0,0,11811,0,51071,0,1635,0,13644,0,629,99,39
2018,1014,,,,,,,,,,1575,,,,,,44764,,,,4583,,2229,90,
2018,1080,10673,0,1,0,0,2345,0,0,0,5434,0,0,0,14058,0,37690,0,0,0,10833,0,2673,183,47
2018,1074,231,0,0,0,0,0,0,0,0,637,0,0,0,2796,0,8876,0,0,0,1029,0,311,0,0
2018,1084,1346,0,0,0,0,31,0,0,0,918,0,0,0,351,0,13112,0,0,0,42,0,660,0,0
2018,1113,22,0,1,0,0,0,0,0,0,0,0,0,0,0,0,38,0,0,0,0,0,0,0,0
2018,1137,0,0,0,0,0,0,0,0,0,32,0,0,0,90,0,1514,0,0,0,496,0,24,1,0
2018,1142,4116,,,,,,,,,4763,0,,,17,,73408,0,,,5865,,1253,70,
2018,722,22591,0,42,548,0,8387,0,7160,0,3863,0,4696,0,9408,0,160800,17437,688,0,26911,0,5032,634,381
2018,660,23756,0,42,385,0,0,0,0,0,2527,0,0,0,4323,0,118501,0,0,0,19220,0,3983,429,77
2018,75,0,0,0,0,0,0,0,0,0,0,0,0,0,0,0,0,0,0,0,0,0,0,0,0
2018,249,4525,0,0,68,0,420,0,0,0,1006,0,0,0,4406,0,40725,0,0,0,3028,0,1317,0,0
2018,227,0,0,0,0,0,4981,0,0,0,3474,0,0,0,9053,0,39363,0,0,0,7092,0,1717,13,15
2018,150,1643,0,0,0,0,0,0,0,0,793,0,0,0,0,0,1705,0,0,0,0,0,1142,0,0
2018,47,0,0,0,0,0,0,0,0,0,0,0,0,0,0,0,0,0,0,0,0,0,0,0,0
2018,172,439,0,0,0,0,0,0,0,0,0,0,0,0,6388,0,14033,0,0,0,2270,0,113,0,0
2018,581,3150,0,5,0,0,0,0,0,0,827,0,0,0,0,0,55829,0,0,0,6512,0,803,100,0
2018,120,259,0,0,0,0,13,0,0,0,0,0,0,0,0,0,1033,0,0,0,0,0,0,0,0
2018,445,0,0,0,0,0,0,0,0,0,0,0,0,0,0,0,0,0,0,0,0,0,84,0,0
2018,471,0,0,0,0,0,0,0,0,0,0,0,0,0,0,0,18363,0,0,0,727,0,241,0,0
2018,53,0,0,0,0,0,0,0,0,0,0,0,0,0,0,0,0,0,0,0,0,0,0,0,0
2018,199,302,0,0,0,0,5,0,0,0,350,0,0,0,0,0,10698,0,0,0,0,0,249,0,0
2018,575,5953,0,0,0,0,0,0,0,0,1209,0,0,0,172,0,72805,0,0,0,5343,0,1421,235,0
2018,528,6393,0,3,0,0,0,0,0,0,886,0,0,0,0,0,26292,7773,0,0,3879,0,1483,0,0
2018,631,11605,1,3,0,0,0,0,0,0,3128,0,0,0,0,0,92316,26245,0,0,7341,0,1913,154,
2018,699,20329,0,0,0,0,0,0,0,0,4071,0,0,0,3252,0,82666,11423,0,0,17247,0,4542,358,131
2018,823,0,0,0,0,0,0,0,0,0,0,0,0,0,0,0,9417,0,0,0,0,0,0,0,0
2018,849,5150,0,0,0,0,0,0,0,0,3165,0,0,0,0,0,43829,0,0,0,4044,0,1007,72,0
2018,869,756,0,0,0,0,48,0,0,0,199,0,0,0,0,0,76279,0,0,0,2033,0,1138,0,0
2018,955,0,0,0,0,0,0,0,0,0,0,0,0,0,0,0,0,0,0,0,0,0,0,0,0
2018,983,0,0,0,0,0,0,0,0,0,0,0,0,0,0,0,0,0,0,0,0,0,0,0,0
2018,1002,0,0,0,0,0,0,0,0,0,0,0,0,0,0,0,0,0,0,0,0,0,0,0,0
2018,1015,27782,0,73,364,0,0,0,1832,0,2998,0,2949,0,11249,0,201966,0,342,0,21105,0,4507,983,334
2018,1153,0,0,0,0,0,742,0,0,0,961,0,0,0,7012,0,1973,0,0,0,1305,0,1583,0,0
2018,51,0,0,0,0,0,0,0,0,0,0,0,0,0,0,0,0,0,0,0,0,0,0,0,0
2018,441,1195,0,0,0,0,0,0,0,0,0,0,0,0,0,0,3513,0,0,0,0,0,0,0,0
2018,327,0,0,0,0,0,0,0,0,0,0,0,0,0,0,0,0,0,0,0,0,0,0,0,0
2018,690,10973,0,15,822,0,1597,0,0,0,6577,0,3981,0,9647,0,38899,0,2779,0,15142,0,2390,180,60
2018,262,4936,0,2,0,0,1965,0,0,0,1186,223,0,0,4778,865,13790,641,0,0,4049,0,817,32,31
2018,403,0,0,0,0,0,0,0,0,0,0,0,0,0,0,0,1216,0,0,0,0,0,0,0,0
2018,312,0,0,0,0,0,0,0,0,0,0,0,0,0,0,0,0,0,0,0,0,0,0,0,0
2018,589,0,0,0,0,0,0,0,0,0,307,0,0,0,0,0,43047,0,0,0,2747,0,1603,29,0
2018,665,4962,0,7,0,0,0,0,0,0,640,0,0,0,5392,0,66442,0,0,0,8824,0,1504,57,0
2018,334,0,0,0,0,0,0,0,0,0,0,0,0,0,0,0,0,0,0,0,0,0,0,0,0
2018,1075,97707,0,208,1755,0,3025,0,5352,0,11687,0,0,0,15723,0,353367,0,2086,0,40348,0,5951,656,695
2018,751,31235,0,34,330,0,6635,0,4001,0,6436,0,0,0,8928,0,147030,13747,1683,0,24969,0,6317,772,538
2018,186,0,0,0,0,0,252,0,0,0,888,0,0,0,9505,0,11621,0,0,0,1908,0,179,0,0
2018,646,3150,0,5,0,0,0,0,0,0,575,0,0,0,0,0,26283,0,0,0,3382,0,585,0,0
2018,536,0,0,0,0,0,0,0,0,0,508,0,0,0,0,0,28984,0,0,0,3275,0,634,0,0
2018,242,321,0,0,0,0,0,0,0,0,0,0,0,0,0,0,0,0,0,0,0,0,520,0,0
2018,490,0,0,0,0,0,0,0,0,0,19665,0,0,0,0,0,10185,0,0,0,0,0,11,0,0
2018,500,5203,0,0,0,0,2308,0,416,0,3541,0,464,0,14513,0,28913,0,56,0,6199,0,1972,40,20
2018,206,5023,0,0,0,0,548,0,0,0,1670,0,0,0,12541,0,9501,0,0,0,2436,0,663,2,0
2018,58,0,0,0,0,0,0,0,0,0,0,0,0,0,0,0,0,0,0,0,0,0,0,0,0
2018,572,10717,0,10,0,0,0,0,0,0,5929,0,0,0,6333,0,110083,0,0,0,13175,0,3701,329,128
2018,180,980,0,0,0,0,1400,0,0,0,8739,0,0,0,0,0,1549,0,0,0,0,0,0,0,0
2018,549,2204,0,4,0,0,0,0,0,0,1875,0,0,0,0,0,28332,0,0,0,2305,0,605,26,0
2018,582,2425,0,2,0,0,0,0,0,0,4176,0,0,0,0,0,34682,0,0,0,3339,0,907,59,22
2018,743,15203,0,65,0,0,0,0,0,0,4705,0,0,0,9285,0,121623,39947,0,0,17765,0,5003,154,162
2018,795,4787,0,0,0,0,0,0,0,0,16206,0,0,0,0,0,8534,0,0,0,0,0,0,0,0
2018,269,538,0,0,0,0,0,0,0,0,0,0,0,0,2740,0,34210,0,0,0,0,0,1165,0,0
2018,634,4516,0,3,0,0,0,0,0,0,2204,0,0,0,5630,0,42579,0,0,0,6346,0,1526,77,139
2018,1,0,0,0,0,0,770,0,0,0,3016,0,0,0,5357,0,24017,0,0,0,1970,0,947,818,142
2018,717,5305,0,9,0,0,0,0,0,0,1824,0,0,0,4832,0,57998,0,0,0,8041,0,1866,72,0
2018,373,0,0,0,0,0,0,0,0,0,4764,0,0,0,0,0,1347,0,0,0,0,0,0,0,0
2018,535,7592,0,2,0,0,0,0,0,0,5240,0,0,0,4539,0,47701,0,0,0,6745,0,1806,119,50
2018,824,29387,0,135,789,0,6031,0,5059,0,19171,0,2713,0,23849,0,245554,51124,639,0,47657,0,7902,6150,334
2018,888,1885,0,1,0,0,0,0,0,0,3752,0,0,0,0,0,33921,0,0,0,3233,0,746,37,0
2018,902,0,0,0,0,0,0,0,0,0,0,0,0,0,0,0,64,0,0,0,0,0,0,0,0
2018,968,0,0,0,0,0,0,0,0,0,0,0,0,0,0,0,0,0,0,0,0,0,0,0,0
2018,1130,0,0,0,0,0,0,0,0,0,0,0,0,0,0,0,0,0,0,0,0,0,0,0,0
2018,1141,0,0,0,0,0,0,0,0,0,0,0,0,0,0,0,0,0,0,0,0,0,0,0,0
2018,1145,0,0,0,0,0,0,0,0,0,0,0,0,0,0,0,40,0,0,0,0,0,0,0,0
2018,1122,0,0,0,0,0,0,0,0,0,0,0,0,0,0,0,0,0,0,0,0,0,0,0,0
2018,1133,0,0,0,0,0,0,0,0,0,0,0,0,0,0,0,0,0,0,0,0,0,0,0,0
2018,346,0,0,0,0,0,0,0,0,0,0,0,0,0,0,0,0,0,0,0,0,0,0,0,0
2018,27,0,0,0,0,0,0,0,0,0,0,0,0,0,0,0,0,0,0,0,0,0,0,0,0
2018,165,938,0,0,0,0,0,0,0,0,366,0,0,0,0,0,7510,0,0,0,1070,0,455,0,0
2018,956,11950,0,7,0,0,936,0,0,0,5954,0,0,0,11385,0,121864,0,0,0,22774,0,4345,294,636
2018,413,0,0,0,0,0,0,0,0,0,0,0,0,0,0,0,0,0,0,0,0,0,0,0,0
2018,149,0,0,0,0,0,0,0,0,0,562,0,0,0,0,0,2131,0,0,0,0,0,0,0,0
2018,612,1955,0,0,0,0,1438,0,0,0,5262,0,0,0,8086,0,61221,0,0,0,4021,0,1034,794,14
2018,559,0,0,0,0,0,0,0,0,0,442,0,0,0,1829,0,5643,0,0,0,712,0,0,0,0
2018,7,0,0,0,0,0,0,0,0,0,55,0,0,0,143,0,453,0,0,0,21,0,0,0,0
2018,283,5530,0,0,478,0,1882,0,5445,0,5919,0,3469,0,13531,0,44777,0,1208,0,8790,0,2091,51,45
2018,37,0,0,0,0,0,0,0,0,0,0,0,0,0,0,0,0,0,0,0,0,0,0,0,0
2018,153,35564,0,0,487,0,1680,0,0,0,3450,0,0,0,13353,0,70112,0,0,0,6816,0,922,50,0
2018,547,12573,0,4,0,0,0,0,0,0,1350,0,0,0,925,0,94369,0,0,0,5877,0,2527,120,73
2018,397,0,0,0,0,0,0,0,0,0,0,0,0,0,0,0,519,0,0,0,0,0,0,0,0
2018,556,4138,0,4,0,0,0,0,0,0,749,0,0,0,1091,0,48539,0,0,0,4760,0,1191,0,0
2018,42,0,0,0,0,0,0,0,0,0,0,0,0,0,0,0,0,0,0,0,0,0,0,0,0
2018,31,0,0,0,0,0,0,0,0,0,0,0,0,0,308,0,402,0,0,0,45,0,0,0,0
2018,740,29763,0,83,1136,0,0,0,3210,0,6080,7266,0,0,6500,0,179609,58708,2027,0,27436,0,5896,150,270
2018,217,2841,0,0,0,0,414,0,0,0,1979,0,0,0,5359,0,29448,0,0,0,2946,0,969,46,12
2018,863,0,0,0,0,0,113,0,0,0,527,0,0,0,2252,0,10101,0,0,0,1633,0,367,0,0
2018,889,26057,0,36,1962,0,3095,0,5050,0,4869,0,3099,0,6815,0,152074,106776,981,0,32789,0,5429,610,305
2018,984,3482,0,0,0,0,376,0,0,0,952,0,0,0,4929,0,35907,0,0,0,4765,0,708,37,0
2018,1106,0,0,0,0,0,0,0,0,0,443,0,0,0,3113,0,3129,0,0,0,867,0,278,39,0
2018,1146,0,0,0,0,0,0,0,0,0,0,0,0,0,0,0,1984,0,0,0,29,0,256,0,0
2018,34,0,0,0,0,0,0,0,0,0,0,0,0,0,0,0,0,0,0,0,0,0,0,0,0
2018,791,2258,0,0,0,0,2026,0,0,0,1348,0,0,0,7212,0,61700,0,0,0,6585,0,2529,12,0
2018,181,0,0,0,0,0,0,0,0,0,0,0,0,0,0,0,118,0,0,0,0,0,0,0,0
2018,430,0,0,0,0,0,0,0,0,0,0,0,0,0,0,0,2538,0,0,0,0,0,0,0,0
2018,715,22855,0,0,108,0,0,0,3251,0,5121,0,0,0,13946,0,124106,0,389,0,19894,0,3613,378,110
2018,521,0,0,0,0,0,0,0,0,0,15,0,0,0,1265,0,11801,0,0,0,283,0,127,0,0
2018,524,0,0,0,118,0,0,0,362,0,2976,0,0,0,4669,0,11873,0,187,0,2996,0,1009,78,33
2018,432,0,0,0,0,0,0,0,0,0,0,0,0,0,0,0,3616,0,0,0,0,0,61,0,0
2018,19,0,0,0,0,0,0,0,0,0,0,0,0,0,0,0,0,0,0,0,0,0,0,0,0
2018,25,0,0,0,0,0,0,0,0,0,0,0,0,0,0,0,0,0,0,0,0,0,0,0,0
2018,26,0,0,0,0,0,0,0,0,0,0,0,0,0,0,0,0,0,0,0,0,0,0,0,0
2018,890,24570,0,26,1301,0,0,0,0,0,5630,0,0,0,8272,0,104281,31423,0,0,22372,0,6327,466,221
2018,904,0,0,0,0,0,0,0,0,0,1396,0,0,0,1883,0,44086,0,0,0,6496,0,886,0,0
2018,957,35257,0,88,464,0,3666,0,0,0,9254,0,4213,0,23391,0,277917,0,10667,0,48499,0,4718,1288,289
2018,939,32889,0,40,798,0,4136,0,6947,0,8065,54,5129,0,20541,0,172266,6491,1354,0,38042,0,8292,1192,538
2018,236,0,0,0,0,0,0,0,0,0,0,0,0,0,0,0,0,0,0,0,0,0,2242,6,33
2018,735,23734,0,18,2650,0,7571,0,5756,0,10868,0,3102,0,10208,0,207541,43445,1740,0,28008,0,6523,983,374
2018,146,0,0,0,0,0,0,0,0,0,0,0,0,0,0,0,187,0,0,0,0,0,0,0,0
2018,363,3283,0,0,0,0,0,0,0,0,0,0,0,0,7240,0,18271,0,0,0,3063,0,2424,59,0
2018,187,971,0,0,0,0,0,0,0,0,1345,0,0,0,8034,0,21971,0,0,0,1427,0,687,7,31
2018,265,0,0,0,0,0,0,0,0,0,1422,0,0,0,592,0,8559,0,0,0,563,0,261,0,0
2018,295,982,0,0,0,0,269,0,0,0,2808,0,0,0,9710,0,37404,0,0,0,3824,0,1640,13,0
2018,496,7936,0,0,858,0,521,0,0,0,1575,0,0,0,12939,0,59526,0,0,0,9951,0,1642,0,0
2018,77,0,0,0,0,0,0,0,0,0,0,0,0,0,0,0,0,0,0,0,0,0,0,0,0
2018,391,496,0,0,0,0,0,0,0,0,0,0,0,0,0,0,2810,0,0,0,946,0,102,0,0
2018,240,1506,0,0,0,0,72,0,0,0,1315,0,0,0,5537,0,28900,0,0,0,4338,0,1902,0,0
2018,448,0,0,0,0,0,0,0,0,0,213,0,0,0,0,0,6311,0,0,0,1006,0,593,0,372
2018,151,0,0,0,0,0,0,0,0,0,0,0,0,0,0,0,219,0,0,0,0,0,0,0,0
2018,425,0,0,0,0,0,0,0,0,0,96,0,0,0,0,0,3262,0,0,0,579,0,131,0,0
2018,300,15,0,0,0,0,0,0,0,0,1313,0,0,0,910,0,16317,0,0,0,1675,0,514,9,0
2018,339,4158,0,0,1333,0,710,0,1376,0,1075,0,0,0,10879,0,25503,0,92,0,4013,0,935,29,0
2018,874,4480,0,3,0,0,0,0,0,0,518,0,0,0,2822,0,29542,12692,0,0,5737,0,885,79,0
2018,905,39832,0,46,2629,0,5599,0,3888,0,3754,3477,0,0,14185,0,171199,136946,1518,0,31261,0,5704,725,626
2018,1123,289,0,0,0,0,322,0,0,0,639,0,0,0,1318,0,1645,0,0,0,0,0,215,70,0
2018,736,44605,0,162,2933,0,0,0,5148,0,7634,0,3171,0,21385,0,207230,0,14,0,42400,0,6643,1391,620
2018,459,0,0,0,0,0,0,0,0,0,0,0,0,0,1778,0,7192,0,0,0,0,0,0,0,0
2018,320,201,0,0,0,0,0,0,0,0,0,0,0,0,0,0,9555,0,0,0,0,0,0,0,0
2018,45,0,0,0,0,0,0,0,0,0,0,0,0,0,0,0,0,0,0,0,0,0,0,0,0
2018,618,3041,0,0,0,0,0,0,0,0,3267,0,0,0,0,0,50779,4231,0,0,4660,0,1424,74,0
2018,463,9765,0,4,0,0,0,0,0,0,3372,0,0,0,5625,0,74983,20917,0,0,10876,0,3099,182,89
2018,891,3567,0,2,67,0,0,0,0,0,23,0,0,0,166,0,20511,0,0,0,1166,0,74,5,0
2018,958,9841,0,2,0,0,901,0,0,0,3250,0,0,0,5999,0,78363,0,0,0,18602,0,3500,257,101
2018,244,2415,0,0,0,0,648,0,0,0,7,0,0,0,30,0,2785,0,0,0,191,0,378,0,0
2018,28,0,0,0,0,0,0,0,0,0,0,0,0,0,0,0,0,0,0,0,0,0,0,0,0
2018,444,3260,0,0,0,0,0,0,0,0,367,0,0,0,0,0,6741,0,0,0,318,0,1132,0,0
2018,479,3,0,0,0,0,0,0,0,0,0,0,0,0,0,0,1014,0,0,0,0,0,0,0,0
2018,285,0,0,0,0,0,5729,0,0,0,4558,0,0,0,6927,0,26754,0,0,0,6716,0,7319,43,30
2018,253,11925,0,3,73,0,3920,0,0,0,11284,0,0,0,19103,0,70444,0,0,0,11139,0,4524,153,108
2018,481,4581,0,1,23,0,1131,0,0,0,1765,0,0,0,6094,0,36485,0,0,0,4022,0,1039,0,16
2018,540,0,0,0,368,0,0,0,1518,0,4228,0,500,0,9913,0,30442,0,0,0,7017,0,3204,34,0
2018,332,0,0,0,0,0,0,0,0,0,0,0,0,0,0,0,0,0,0,0,0,0,0,0,0
2018,41,0,0,0,0,0,0,0,0,0,0,0,0,0,0,0,0,0,0,0,0,0,0,0,0
2018,510,0,0,0,0,0,520,0,0,0,1090,0,0,0,3368,0,28818,0,0,0,1851,0,589,2,6
2018,305,0,0,,0,0,0,0,0,0,607,0,0,0,0,0,25435,0,0,0,0,0,,,
2018,708,5462,,5,,,,,,,11217,0,,,0,,137287,0,,,12474,,1879,359,
2018,755,36437,0,140,4328,,11255,,7834,,11070,18632,6514,,30952,,353950,113867,5008,,86988,,8533,1400,583
2018,750,20689,2035,42,2330,,0,0,3766,,10641,3810,925,,9134,,262889,90219,2129,,49649,,1412,,
2018,696,12902,0,39,232,,3380,,0,0,11852,0,0,0,7121,,185009,160800,0,0,25715,,5063,539,256
2018,421,0,0,0,0,0,0,0,0,0,0,0,0,0,6345,0,27386,0,0,0,1289,0,0,0,0
2018,827,0,0,0,0,0,0,0,0,0,0,0,0,0,0,0,0,0,0,0,0,0,0,0,0
2018,933,26350,0,0,0,0,0,0,0,0,5838,0,0,0,5919,0,144710,0,0,0,14599,0,3804,468,137
2018,1030,11974,0,1,0,0,1739,0,0,0,4257,0,0,0,7196,0,28051,0,0,0,3987,0,1082,17,0
2018,1003,2497,0,,0,0,0,0,0,0,1851,0,0,0,0,0,26384,0,0,0,1641,0,873,40,
2018,1050,691,,,,,,,,,1829,0,,,0,,16471,,,,703,,219,2,
2018,1043,5960,0,1,0,0,1378,0,0,0,8604,0,0,0,7766,0,36059,0,0,0,6168,0,1031,8,0
2018,1128,2028,,,,,,,,,4712,0,,,,,32565,,,,2040,,816,9,
2018,1125,0,0,0,0,0,0,0,0,0,0,0,0,0,0,0,0,0,0,0,0,0,0,0,0
2018,1135,1762,,,,,,,,,602,0,,,0,,32905,0,,,1088,,841,,
2018,934,10198,0,2,0,0,2008,0,0,0,6033,0,0,0,4618,0,54234,0,0,0,8878,0,1712,137,0
2018,629,17740,0,70,403,0,3113,0,3826,0,8613,0,0,0,10272,0,108437,0,1479,0,20734,0,4017,244,251
2018,21,0,0,0,0,0,0,0,0,0,0,0,0,0,0,0,0,0,0,0,0,0,0,0,0
2018,615,430,0,20,0,0,2177,0,0,0,4688,0,0,0,7748,0,58527,0,0,0,8726,0,1343,117,0
2018,626,2178,0,0,0,0,567,0,0,0,782,0,0,0,0,0,11074,0,0,0,1312,0,636,0,0
2018,417,0,0,0,0,0,0,0,0,0,0,0,0,0,0,0,3834,0,0,0,0,0,467,0,0
2018,597,0,0,0,0,0,480,0,0,0,2447,0,0,0,0,0,16951,0,0,0,1948,0,259,0,0
2018,539,18421,0,0,186,0,1987,0,2532,0,9785,0,1328,0,9240,0,47101,0,344,0,17620,0,2704,450,0
2018,343,0,0,0,0,0,0,0,0,0,1894,0,0,0,0,0,39138,0,0,0,0,0,351,0,0
2018,135,0,0,0,0,0,0,0,0,0,0,0,0,0,0,0,0,0,0,0,0,0,0,0,0
2018,158,0,0,0,0,0,0,0,0,0,0,0,0,0,0,0,1475,0,0,0,0,0,0,0,0
2018,775,14926,0,28,0,0,1292,0,0,0,6305,0,0,0,5170,0,58728,0,0,0,12299,0,3279,153,98
2018,177,0,0,0,0,0,0,0,0,0,0,0,0,0,0,0,1532,0,0,0,0,0,0,0,0
2018,578,0,0,0,0,0,0,0,0,0,1020,0,0,0,0,0,22730,0,0,0,0,0,570,0,0
2018,416,780,0,0,0,0,506,0,0,0,1172,0,0,0,3390,0,13299,0,0,0,1389,0,220,0,0
2018,561,4489,0,0,0,0,0,0,0,0,3386,0,0,0,0,0,37201,0,0,0,5102,0,902,54,0
2018,62,0,0,0,0,0,0,0,0,0,0,0,0,0,0,0,0,0,0,0,0,0,0,0,0
2018,828,0,0,0,0,0,0,0,0,0,0,0,0,0,0,0,0,0,0,0,0,0,0,0,0
2018,860,0,0,0,0,0,0,0,0,0,3386,0,0,0,0,0,29399,0,0,0,1700,0,178,0,0
2018,935,0,0,0,0,0,0,0,0,0,0,0,0,0,0,0,0,0,0,0,0,0,0,0,0
2018,936,0,0,0,0,0,0,0,0,0,0,0,0,0,0,0,0,0,0,0,0,0,0,0,0
2018,986,0,0,0,0,0,0,0,0,0,0,0,0,0,0,0,0,0,0,0,0,0,0,0,0
2018,987,141,0,5,0,0,0,0,0,0,4717,0,0,0,0,0,56903,0,0,0,8497,0,1486,124,0
2018,1021,0,0,0,0,0,0,0,0,0,0,0,0,0,0,0,0,0,0,0,0,0,0,0,0
2018,1085,0,0,0,0,0,0,0,0,0,0,0,0,0,0,0,0,0,0,0,0,0,0,0,0
2018,658,6454,0,6,0,0,0,0,0,0,1926,0,0,0,2084,0,49345,0,0,0,4871,0,1509,68,0
2018,353,0,0,0,0,0,0,0,0,0,27654,0,0,0,0,0,14003,0,0,0,0,0,0,0,0
2018,323,0,0,0,0,0,0,0,0,0,0,0,0,0,0,0,0,0,0,0,0,0,0,0,0
2018,620,3727,0,4,0,0,0,0,0,0,997,0,0,0,0,0,38788,0,0,0,3479,0,1619,69,0
2018,384,0,0,0,0,0,0,0,0,0,0,0,0,0,5644,0,17033,0,0,0,0,0,0,43,0
2018,554,11820,0,2,0,0,2145,0,0,0,2689,0,0,0,8203,0,104792,0,0,0,15253,0,3601,275,153
2018,209,1581,0,0,0,0,414,0,0,0,1012,0,0,0,2712,0,17252,0,0,0,2671,0,1191,0,0
2018,707,38205,0,36,183,0,0,0,0,0,33604,0,0,0,13524,0,148774,70367,0,0,34399,938,7771,667,375
2018,395,15,0,0,0,0,0,0,0,0,0,0,0,0,0,0,9649,0,0,0,0,0,0,0,0
2018,969,4397,0,0,0,0,611,0,0,0,1549,0,0,0,4880,0,24866,0,1101,0,3681,0,1332,0,0
2018,1052,0,0,0,0,0,0,0,0,0,0,0,0,0,0,0,0,0,0,0,0,0,0,0,0
2018,739,1887,0,80,5926,0,6331,0,3472,0,12922,0,5071,0,20063,0,208143,18065,790,0,45318,0,4738,1360,277
2018,613,24177,0,32,1037,0,0,4618,3491,0,7608,0,1093,0,9632,0,117918,19223,682,0,22866,0,3524,564,87
2018,593,25541,0,6,0,0,0,4104,0,0,7661,0,0,0,12480,0,68677,37076,0,0,12729,0,4031,782,162
2018,704,39967,0,74,2427,0,11162,0,4562,0,4567,0,0,0,26174,0,165088,31927,0,0,38841,0,5425,1445,387
2018,686,17378,0,46,1486,0,4284,0,748,0,625,0,1104,0,12970,0,155381,0,44,0,16524,0,4643,286,254
2018,257,8138,0,0,0,0,3599,0,0,0,6345,0,0,0,11942,0,41064,0,0,0,5749,0,1406,0,35
2018,494,0,0,0,0,0,0,0,0,0,23,0,0,0,0,0,1582,0,0,0,7,0,0,0,0
2018,681,28338,0,4,13,0,2746,0,1477,0,6964,0,522,0,4600,0,3074,0,0,0,27721,0,1585,81,0
2018,286,13132,0,0,212,0,2078,0,0,0,18988,0,0,0,7231,0,31969,0,0,0,4184,0,2784,4,16
2018,255,9336,0,0,0,0,2991,0,0,0,4577,0,0,0,22306,0,98001,0,0,0,15015,0,1922,85,0
2018,79,0,0,0,0,0,0,0,0,0,0,0,0,0,0,0,0,0,0,0,0,0,0,0,0
2018,81,0,0,0,0,0,0,0,0,0,0,0,0,0,0,0,0,0,0,0,0,0,0,0,0
2018,688,16262,0,3,0,0,5370,0,0,0,6697,0,0,0,0,0,108157,0,0,0,13297,0,2625,93,164
2018,531,18500,0,13,0,0,0,8412,0,0,3318,0,0,0,9847,0,61519,31211,0,0,7523,0,2692,2124,96
2018,514,0,0,0,0,0,0,0,0,0,587,0,0,0,0,0,30084,0,0,0,3455,0,0,0,0
2018,499,82,0,0,0,0,0,0,0,0,0,0,0,0,14550,0,35182,0,0,0,7097,0,2,0,0
2018,532,13861,0,8,0,0,2227,230,0,0,5070,68,0,0,9964,0,58707,18625,0,0,13091,0,2666,283,68
2018,190,0,0,0,0,0,0,0,0,0,0,0,0,0,0,0,5831,0,0,0,0,0,0,0,0
2018,598,3818,0,5,0,0,0,0,0,0,748,0,0,0,0,0,35848,0,0,0,4740,0,950,42,0
2018,260,20623,0,1,551,0,4578,0,1153,0,28009,0,3822,0,18284,0,129489,0,31,0,11716,0,988,210,79
2018,838,265,0,0,0,0,0,0,0,0,821,0,0,0,1682,0,9248,0,0,0,850,0,4,0,0
2018,839,553,0,0,0,0,431,0,0,0,1773,0,0,0,1385,0,12043,0,0,0,1479,0,259,0,0
2018,851,0,0,0,0,0,0,0,0,0,0,0,0,0,0,0,0,0,0,0,0,0,0,0,0
2018,852,22131,0,24,0,0,0,3589,2550,0,3824,0,519,0,15869,0,28658,128209,824,0,25860,0,3569,403,158
2018,988,0,0,0,0,0,0,0,0,0,0,0,0,0,0,0,1208,0,0,0,0,0,0,0,0
2018,1056,16278,1533,4,42,0,6917,0,0,0,8188,0,0,0,12024,0,110027,21844,0,0,18617,0,3179,151,161
2018,1044,0,0,0,0,0,0,0,0,0,0,0,0,0,0,0,0,0,0,0,0,0,0,0,0
2018,1114,0,0,0,0,0,0,0,0,0,72,0,0,0,0,0,44826,4732,0,0,7787,0,0,0,0
2018,1129,4794,0,0,0,0,1265,0,0,0,3206,0,0,0,12002,0,48393,0,0,0,4450,0,1092,24,13
2018,644,26352,0,22,3344,0,3526,0,0,0,4983,0,0,0,14050,0,105335,41915,0,0,23388,0,4632,403,727
2018,752,17891,0,19,1811,0,0,0,9390,0,5222,0,0,0,21754,0,152877,28720,0,0,25118,0,5032,1513,0
2018,238,0,0,0,0,0,0,0,0,0,0,0,0,0,0,0,0,0,0,0,0,0,1920,97,0
2018,325,0,0,0,0,0,0,0,0,0,0,0,0,0,0,0,0,0,0,0,0,0,0,0,0
2018,622,3576,0,1,0,0,0,0,0,0,827,0,0,0,0,0,38845,0,0,0,5835,0,1555,0,0
2018,879,424,0,0,0,0,0,0,0,0,0,0,0,0,0,0,2512,0,0,0,310,0,0,0,0
2018,906,2562,0,0,0,0,0,0,0,0,79,0,0,0,309,0,14063,0,0,0,1538,0,1301,99,81
2018,370,0,0,0,0,0,0,0,0,0,0,0,0,0,0,0,9806,0,0,0,0,0,0,20,0
2018,418,0,0,0,0,0,0,0,0,0,0,0,0,0,4553,0,18391,0,0,0,0,0,0,0,0
2018,574,0,0,0,0,0,0,0,0,0,0,0,0,0,4578,0,10854,0,0,0,0,0,0,0,0
2018,399,0,0,0,0,0,0,0,0,0,0,0,0,0,0,0,4773,0,0,0,0,0,0,0,0
2018,195,0,0,0,0,0,0,0,0,0,0,0,0,0,0,0,6613,0,0,0,0,0,0,0,0
2018,783,27985,0,30,2,0,0,3106,2965,0,10576,0,0,0,9572,0,146461,111533,580,0,24111,6630,4063,796,147
2018,263,0,0,0,0,0,0,0,0,0,0,0,0,0,0,0,24117,0,0,0,0,0,0,0,0
2018,194,0,0,0,0,0,0,0,0,0,1525,0,0,0,0,0,18300,0,0,0,0,0,0,0,0
2018,214,0,0,0,0,0,0,0,0,0,397,0,0,0,0,0,4195,0,0,0,0,0,0,0,0
2018,785,37827,0,89,1628,0,708,0,4492,0,5684,0,6236,0,12711,0,139216,90760,2124,0,46779,0,4626,1071,566
2018,780,0,0,0,0,0,0,0,0,0,1465,0,0,0,0,0,40386,47430,0,0,8463,0,3010,88,0
2018,782,18490,0,26,112,0,0,0,0,0,4302,0,0,0,0,0,122634,81086,0,0,24292,0,7460,544,0
2018,369,0,0,0,0,0,0,0,0,0,0,0,0,0,0,0,3935,0,0,0,0,0,0,0,0
2018,713,0,0,0,0,0,0,0,0,0,397,0,0,0,7339,0,20988,0,0,0,5948,0,0,0,0
2018,941,0,0,0,0,0,0,0,0,0,0,0,0,0,0,0,0,0,0,0,0,0,0,0,0
2018,1091,0,0,0,0,0,0,0,0,0,0,0,0,0,0,0,0,0,0,0,0,0,0,0,0
2018,1045,2759,0,0,0,0,429,0,218,0,2292,0,57,0,6598,0,27305,0,0,0,2833,0,0,0,0
2018,1086,0,0,0,0,0,1098,0,1850,0,2975,0,1959,0,13033,0,62646,0,0,0,16757,0,0,0,0
2018,1149,0,0,0,0,0,0,0,0,0,700,0,0,0,0,0,36902,0,0,0,7546,0,1784,188,0
2018,937,13389,0,6,0,0,3220,0,0,0,4414,0,0,0,7178,0,87712,0,0,0,18879,0,9650,181,224
2018,1004,0,0,0,0,0,0,0,0,0,0,0,0,0,0,0,0,0,0,0,0,0,523,0,0
2018,737,21999,0,53,301,0,0,0,5137,0,5574,1339,0,0,3760,556,114290,38548,976,0,21419,0,6826,681,417
2018,765,44126,0,89,203,0,6594,0,7904,0,7612,5135,0,0,18730,0,246177,68553,943,0,38872,0,8786,993,523
2018,329,8269,0,0,0,0,0,0,0,0,0,0,0,0,0,0,61907,35751,0,0,8192,0,3081,302,0
2018,87,0,0,0,0,0,0,0,0,0,0,0,0,0,0,0,0,0,0,0,0,0,0,0,0
2018,527,5275,0,0,0,0,0,0,0,0,4917,0,0,0,6621,0,14202,0,0,0,3254,0,0,0,0
2018,562,262,0,0,8,0,0,0,0,0,0,0,0,0,7747,0,62108,0,0,0,2738,0,0,0,15
2018,251,0,0,0,0,0,1603,0,0,0,1195,0,0,0,5943,0,31904,0,0,0,3520,0,666,3,8
2018,129,0,0,0,0,0,0,0,0,0,0,0,0,0,0,0,0,0,0,0,0,0,0,0,0
2018,154,0,0,0,0,0,0,0,0,0,0,0,0,0,0,0,1209,0,0,0,0,0,0,0,0
2018,516,0,0,0,0,0,698,0,0,0,2568,0,3320,0,13215,0,85774,0,0,0,5612,0,924,12,0
2018,184,0,0,0,0,0,0,0,0,0,0,0,0,0,225,0,4854,0,0,0,105,0,253,0,0
2018,652,1171,0,0,0,0,377,0,0,0,404,0,0,0,0,0,11144,0,0,0,3864,0,639,24,46
2018,637,6003,0,0,0,0,0,0,0,0,1162,0,0,0,0,0,37583,0,0,0,4047,0,1225,73,0
2018,88,0,0,0,0,0,0,0,0,0,0,0,0,0,0,0,0,0,0,0,0,0,0,0,0
2018,907,0,0,0,0,0,0,0,0,0,0,0,0,0,0,0,0,0,0,0,0,0,0,0,0
2018,970,0,0,0,0,0,0,0,0,0,0,0,0,0,0,0,0,0,0,0,0,0,0,0,0
2018,1019,0,0,0,0,0,0,0,0,0,147,0,0,0,1171,0,10842,0,0,0,444,0,207,0,0
2018,1016,0,0,0,39,0,0,0,0,0,541,0,0,0,6620,0,23857,0,0,0,1737,0,399,0,5
2018,1047,4008,0,0,0,0,1021,0,0,0,871,0,0,0,2975,0,45582,0,0,0,5739,0,572,152,0
2018,635,4210,0,0,0,0,0,0,0,0,546,0,0,0,0,0,53107,0,0,0,8048,0,435,83,0
