año,NCODI,totHemodina_Paciente,totPaciente_radioInterv,totLitofrag_Paciente,totLitofrag_Sesion,totAceleLineal_Paciente,totAceleLineal_Sesion,totBomCobal_Paciente,totBomCobal_Sesion,totOtraRadio_Paciente,totOtraRadio_Sesion,totFisiot_Paciente,totFisiot_Sesion,totLogop_Paciente,totLogop_Sesion,totTerapOcupa_Paciente,totTerapOcupa_Sesion,totHemodial_Paciente,totHemodial_Sesion,totHemodialDom_Paciente,totHemodialDom_Sesion,totDialPerito_Paciente,totDialPerito_Sesion
2018,113,0,0,0,0,0,0,0,0,0,0,0,0,0,0,0,0,0,0,0,0,0,0
2018,619,0,0,0,0,0,0,0,0,0,0,0,0,0,0,0,0,0,0,0,0,0,0
2018,163,0,0,0,0,0,0,0,0,0,0,0,0,0,0,0,0,0,0,0,0,0,0
2018,131,0,0,0,0,0,0,0,0,0,0,0,0,0,0,0,0,0,0,0,0,0,0
2018,375,0,0,0,0,0,0,0,0,0,0,0,0,0,0,0,0,0,0,0,0,0,0
2018,1090,0,2957,351,457,931,16562,0,0,0,0,0,0,0,0,0,0,0,0,246,19318,0,0
2018,764,1721,2392,403,489,860,18163,0,0,69,234,12397,99224,3066,5433,2059,14458,88,13212,0,0,60,21152
2018,14,0,0,0,0,0,0,0,0,0,0,0,0,0,0,0,0,0,0,0,0,0,0
2018,657,0,450,0,0,0,0,0,0,0,0,3365,34062,0,0,0,0,0,0,0,0,0,0
2018,362,102,0,0,0,0,0,0,0,0,0,1534,16961,0,0,0,0,0,0,0,0,0,0
2018,989,0,208,0,0,0,0,0,0,0,0,1254,18134,170,2650,111,1957,0,0,0,0,0,0
2018,990,0,0,0,0,0,0,0,0,0,0,2671,20883,447,1292,285,2731,0,0,0,0,0,0
2018,680,2509,5430,202,301,0,0,0,0,0,0,5761,227676,0,0,0,0,725,13280,0,0,26,9490
2018,411,10979,308,0,0,0,0,0,0,0,0,1124,23594,0,0,0,0,1009,12536,0,0,0,0
2018,241,176,0,0,0,0,0,0,0,0,0,0,0,0,0,0,0,220,26121,0,0,0,0
2018,558,0,1645,0,0,0,0,0,0,0,0,3673,66168,0,0,0,0,90,11806,0,0,12,4380
2018,167,0,0,0,0,0,0,0,0,0,0,0,0,0,0,0,0,0,0,0,0,0,0
2018,248,227,264,0,0,321,479,0,0,125,285,2537,27174,0,0,0,0,451,15119,0,0,0,0
2018,224,0,0,0,0,0,0,0,0,0,0,971,14576,0,0,0,0,0,0,0,0,0,0
2018,591,714,5953,168,168,790,13144,0,0,0,0,16103,380503,0,0,116,1618,193,7570,0,0,26,6249
2018,586,0,750,0,0,0,0,0,0,0,0,14445,466144,0,0,0,0,1246,13891,2,196,11,13024
2018,453,0,0,0,0,0,0,0,0,0,0,3451,103521,80,2344,94,4200,0,0,0,0,0,0
2018,145,0,0,0,0,0,0,0,0,0,0,10,887,0,0,0,0,0,0,0,0,0,0
2018,511,0,733,0,0,0,0,0,0,0,0,5822,104803,0,0,0,0,454,4681,0,0,97,97
2018,530,0,0,0,0,0,0,0,0,0,0,7150,272802,0,0,0,0,0,0,0,0,0,0
2018,6,0,0,39,39,0,0,0,0,0,0,2100,31749,0,0,0,0,0,0,0,0,0,0
2018,161,0,0,0,0,0,0,0,0,0,0,0,0,0,0,85,1015,0,0,0,0,0,0
2018,623,1802,0,0,0,1025,19141,0,0,91,211,12466,216005,0,0,0,0,0,0,0,0,0,0
2018,349,0,0,0,0,0,0,0,0,0,0,0,0,0,0,0,0,0,0,0,0,0,0
2018,875,138,0,0,0,506,11947,0,0,0,0,2410,38435,41,1445,60,2842,0,0,0,0,0,0
2018,946,203,330,0,0,0,0,0,0,0,0,2541,36693,0,0,0,0,200,2337,0,0,0,0
2018,1023,783,428,0,0,0,0,0,0,0,0,5415,73184,813,3995,0,0,305,15411,0,0,0,0
2018,1054,530,1671,0,0,0,0,0,0,0,0,5460,58407,485,2148,0,0,341,13477,0,0,75,486
2018,1057,0,0,0,0,0,0,0,0,0,0,307,11042,186,3759,216,8492,0,0,0,0,0,0
2018,1031,0,0,0,0,0,0,0,0,0,0,435,8043,438,3425,440,5400,0,0,0,0,0,0
2018,1032,654,541,50,55,0,0,0,0,0,0,6716,102739,390,2764,0,0,150,15059,0,0,0,0
2018,1064,178,312,0,0,814,14995,0,0,0,0,2270,30083,0,0,0,0,0,0,0,0,0,0
2018,226,99,19,250,250,0,0,0,0,0,0,2160,25963,0,0,0,0,7,1410,0,0,0,0
2018,687,0,0,0,0,0,0,0,0,0,0,1102,23344,0,0,31,2789,,0,0,0,0,0
2018,745,1295,1368,0,0,767,18917,0,0,0,0,3429,59978,0,0,88,2202,679,14948,0,0,0,0
2018,109,106,29,0,0,0,0,0,0,0,0,706,15322,125,935,0,0,0,0,0,0,0,0
2018,808,0,999,0,0,0,0,0,0,0,0,1943,42325,0,0,0,0,61,8927,0,0,0,0
2018,971,0,80,0,0,0,0,0,0,0,0,614,12227,0,0,0,0,,0,0,0,0,0
2018,128,0,0,0,0,0,0,0,0,0,0,1062,19120,0,0,0,0,0,0,0,0,0,0
2018,919,0,1322,0,0,0,0,0,0,0,0,59673,185615,0,0,3149,9426,55,8086,1,168,19,6287
2018,1150,0,0,0,0,0,0,0,0,0,0,40,650,15,215,80,2700,0,0,0,0,0,0
2018,725,2156,1328,0,0,1814,22298,0,0,171,1063,3245,71387,238,5234,320,8676,67,12033,3,936,7,2555
2018,3,0,0,0,0,0,0,0,0,0,0,34,8500,0,0,0,0,0,0,0,0,0,0
2018,306,0,0,0,0,0,0,0,0,0,0,0,0,0,0,120,1440,0,0,0,0,0,0
2018,15,0,0,0,0,0,0,0,0,0,0,422,6335,0,0,0,0,0,0,0,0,0,0
2018,264,0,0,0,0,0,0,0,0,0,0,0,0,0,0,0,0,0,0,0,0,0,0
2018,867,0,0,0,0,0,0,0,0,0,0,6169,12168,13,13,0,0,0,0,0,0,0,0
2018,910,0,0,0,0,0,0,0,0,0,0,860,31097,0,0,0,0,34,10558,0,0,0,0
2018,1053,0,989,0,0,0,0,0,0,0,0,2851,27080,0,0,0,0,0,0,0,0,0,0
2018,1055,983,850,352,661,390,8530,0,0,0,0,1155,20474,1112,3757,0,0,0,0,0,0,0,0
2018,1081,0,0,0,0,0,0,0,0,0,0,278,49488,224,18836,264,47436,0,0,0,0,0,0
2018,1115,0,0,0,0,0,0,0,0,0,0,794,13885,49,544,0,0,0,0,0,0,0,0
2018,529,0,0,0,0,0,0,0,0,0,0,1125,28150,395,9145,632,13121,0,0,0,0,0,0
2018,345,0,0,0,0,0,0,0,0,0,0,79,802,0,0,75,3301,0,0,0,0,0,0
2018,515,0,0,0,0,0,0,0,0,0,0,2215,55034,3,134,0,0,0,0,0,0,0,0
2018,174,0,0,0,0,0,0,0,0,0,0,2058,20491,0,0,0,0,0,0,0,0,0,0
2018,523,0,0,0,0,0,0,0,0,0,0,5891,105747,346,10775,708,18303,0,0,0,0,0,0
2018,697,416,485,126,126,0,0,0,0,0,0,163,2769,0,0,0,0,0,0,0,0,0,0
2018,239,150,303,0,0,0,0,0,0,0,0,3240,116325,0,0,0,0,0,0,0,0,0,0
2018,287,429,359,113,280,388,536,0,0,0,0,2899,38780,47,439,0,0,213,15019,0,0,0,0
2018,377,0,0,0,0,0,0,0,0,0,0,610,39906,0,0,106,6938,0,0,0,0,0,0
2018,692,0,0,0,0,0,0,0,0,0,0,2094,37034,290,2840,0,0,96,1256,0,0,28,829
2018,435,825,5,0,0,0,0,0,0,0,0,4696,96854,115,942,0,0,0,0,0,0,0,0
2018,423,0,0,0,0,0,0,0,0,0,0,1522,13268,79,591,0,0,0,0,0,0,0,0
2018,351,0,0,0,0,0,0,0,0,0,0,2010,28750,0,0,0,0,0,0,0,0,0,0
2018,810,0,0,0,0,0,0,0,0,0,0,2425,16015,282,1488,0,0,0,0,0,0,0,0
2018,830,0,0,0,0,0,0,0,0,0,0,8306,98114,0,0,0,0,50,7102,8,3381,0,0
2018,892,0,1082,0,0,0,0,0,0,0,0,4640,151001,268,1405,375,12201,70,9653,0,0,17,5510
2018,921,941,140,109,123,0,0,0,0,0,0,2556,51167,384,3420,0,0,0,0,0,0,0,0
2018,991,0,0,0,0,0,0,0,0,0,0,281,4462,0,0,0,0,0,0,0,0,0,0
2018,992,0,0,0,0,0,0,0,0,0,0,3341,99208,0,0,166,2248,62,5602,0,0,8,2457
2018,993,0,46,0,0,0,0,0,0,0,0,65412,190393,272,1075,1431,3140,490,5089,0,0,4,960
2018,1070,3553,4165,461,461,1351,25346,0,0,53,139,13855,165391,199,1972,365,6627,53,6324,0,0,0,0
2018,1095,0,0,0,0,0,0,0,0,0,0,479,5714,0,0,0,0,51,1930,0,0,0,0
2018,1094,0,0,0,0,0,0,0,0,0,0,502,9029,0,0,0,0,0,0,0,0,0,0
2018,1124,0,0,0,0,0,0,0,0,0,0,0,0,0,0,0,0,0,0,0,0,0,0
2018,473,0,0,0,0,0,0,0,0,0,0,0,0,0,0,0,0,0,0,0,0,0,0
2018,663,2024,0,0,0,0,0,0,0,0,0,2438,23223,0,0,0,0,249,8207,0,0,0,0
2018,552,0,0,0,0,865,11791,0,0,93,1267,2772,52272,49,543,210,4599,0,0,0,0,0,0
2018,772,3732,5401,0,0,1228,21231,0,0,0,0,2467,40335,0,0,0,0,572,23252,3,798,64,15123
2018,568,0,0,0,0,0,0,0,0,0,0,27540,56484,24,238,4802,10223,0,0,0,0,0,0
2018,398,0,0,0,0,0,0,0,0,0,0,18119,28670,0,0,1564,1632,0,0,0,0,0,0
2018,394,0,512,0,0,0,0,0,0,0,0,229,9769,0,0,0,0,0,0,0,0,0,0
2018,614,0,319,0,0,0,0,0,0,0,0,418,13557,0,0,254,4515,0,0,0,0,0,0
2018,235,0,0,0,0,0,0,0,0,0,0,340,7334,0,0,0,0,0,0,0,0,0,0
2018,616,0,0,0,0,0,0,0,0,0,0,2721,25436,0,0,0,0,0,0,0,0,0,0
2018,267,1681,1,0,0,0,0,0,0,0,0,1368,12312,0,0,0,0,0,0,0,0,0,0
2018,565,0,0,0,0,0,0,0,0,0,0,2885,41657,0,0,0,0,0,0,0,0,0,0
2018,220,0,0,133,137,0,0,0,0,0,0,40,1112,0,0,0,0,0,0,0,0,0,0
2018,278,0,0,0,0,0,0,0,0,0,0,0,0,0,0,0,0,0,0,0,0,0,0
2018,107,0,0,0,0,0,0,0,0,0,0,0,0,0,0,0,0,0,0,0,0,0,0
2018,711,1900,616,0,0,1839,39066,0,0,115,477,4900,57818,682,3017,345,4372,0,0,0,0,0,0
2018,204,0,0,0,0,0,0,0,0,0,0,733,12541,0,0,376,9888,0,0,0,0,0,0
2018,579,0,0,0,0,0,0,0,0,0,0,1383,15003,831,3466,0,0,0,0,0,0,0,0
2018,348,0,0,0,0,0,0,0,0,0,0,544,16586,0,0,0,0,0,0,0,0,0,0
2018,766,0,2704,1304,1528,0,0,0,0,0,0,0,0,0,0,0,0,522,20283,2,493,55,11870
2018,761,0,0,0,0,0,0,0,0,0,0,1359,36859,0,0,481,4214,0,0,0,0,0,0
2018,728,0,0,279,359,0,0,0,0,0,0,4454,53927,190,2660,0,0,0,0,0,0,0,0
2018,280,0,0,0,0,0,0,0,0,0,0,4397,63463,0,0,0,0,0,0,0,0,0,0
2018,222,0,0,261,261,0,0,0,0,0,0,0,0,0,0,0,0,0,0,0,0,0,0
2018,276,397,397,0,0,714,13659,0,0,0,0,2050,37059,0,0,0,0,0,0,0,0,0,0
2018,11,0,47,186,186,0,0,0,0,0,0,0,0,0,0,0,0,0,0,0,0,0,0
2018,302,0,0,0,0,0,0,0,0,0,0,1003,12234,71,133,0,0,0,0,0,0,0,0
2018,682,0,0,0,0,0,0,0,0,0,0,174,4708,0,0,0,0,0,0,0,0,0,0
2018,279,0,0,0,0,0,0,0,0,0,0,1537,7480,0,0,0,0,0,0,0,0,0,0
2018,282,450,184,0,0,679,10232,0,0,0,0,2765,15287,0,0,0,0,0,0,0,0,0,0
2018,281,698,870,0,0,0,0,0,0,0,0,0,0,0,0,0,0,0,0,0,0,0,0
2018,183,0,0,0,0,0,0,0,0,0,0,0,0,0,0,0,0,0,0,0,0,0,0
2018,610,0,0,0,0,0,0,0,0,0,0,0,0,0,0,0,0,0,0,0,0,0,0
2018,116,0,0,0,0,0,0,0,0,0,0,1491,47045,171,725,332,6868,0,0,0,0,0,0
2018,115,0,0,0,0,0,0,0,0,0,0,29,1456,0,0,0,0,0,0,0,0,0,0
2018,114,0,0,0,0,0,0,0,0,0,0,92,1530,0,0,88,1855,0,0,0,0,0,0
2018,119,0,0,0,0,0,0,0,0,0,0,56,250,0,0,0,0,0,0,0,0,0,0
2018,770,1915,5438,303,400,0,0,0,0,0,0,2141,22294,285,2567,237,4073,499,8941,0,0,73,17153
2018,583,0,0,0,0,0,0,0,0,0,0,49,628,0,0,0,0,0,0,0,0,0,0
2018,136,0,0,0,0,0,0,0,0,0,0,1780,32079,101,1570,490,5765,0,0,0,0,0,0
2018,469,0,105,0,0,0,0,0,0,0,0,1916,22990,96,863,101,1395,0,0,0,0,0,0
2018,642,0,0,0,0,0,0,0,0,0,0,3464,53241,132,1184,174,5847,0,0,0,0,0,0
2018,674,478,167,0,0,0,0,0,0,0,0,821,12737,92,1111,260,2236,15,577,0,0,2,355
2018,193,0,0,0,0,0,0,0,0,0,0,0,0,0,0,0,0,0,0,0,0,0,0
2018,526,0,0,0,0,0,0,0,0,0,0,1175,15108,118,828,116,768,0,0,0,0,0,0
2018,698,3438,10043,575,730,0,0,0,0,0,0,1468,33578,69,1277,476,6160,66,5395,0,0,160,1668
2018,630,0,724,0,0,0,0,0,0,0,0,4399,44988,695,6831,0,0,0,0,0,0,0,0
2018,124,0,0,0,0,0,0,0,0,0,0,0,0,366,4661,0,0,0,0,0,0,0,0
2018,364,0,0,0,0,0,0,0,0,0,0,2259,9431,0,0,0,0,0,0,0,0,0,0
2018,439,0,147,0,0,0,0,0,0,0,0,3432,36861,0,0,339,3646,0,0,0,0,0,0
2018,570,0,2257,0,0,581,9824,0,0,0,0,4435,47634,0,0,439,4711,19,2171,0,0,222,25254
2018,123,0,0,0,0,0,0,0,0,0,0,1499,44970,0,0,0,0,0,0,0,0,0,0
2018,310,0,0,0,0,0,0,0,0,0,0,0,0,0,0,0,0,0,0,0,0,0,0
2018,571,0,305,0,0,0,0,0,0,0,0,1740,7462,0,0,0,0,0,0,0,0,0,0
2018,296,0,0,0,0,0,0,0,0,0,0,1761,43395,84,612,555,7778,0,0,0,0,0,0
2018,566,0,0,0,0,0,0,0,0,0,0,1183,13452,0,0,109,9282,216,9349,0,0,47,7562
2018,784,0,6256,0,0,0,0,0,0,0,0,7254,115890,162,2361,187,11077,261,23143,0,0,18,6469
2018,102,0,0,0,0,0,0,0,0,0,0,640,20108,0,0,0,0,0,0,0,0,0,0
2018,379,0,0,0,0,0,0,0,0,0,0,0,0,0,0,394,3643,0,0,0,0,0,0
2018,639,0,318,0,0,0,0,0,0,0,0,2741,66095,99,219,0,0,0,0,0,0,0,0
2018,457,0,0,0,0,0,0,0,0,0,0,1616,18501,62,450,239,992,0,0,0,0,0,0
2018,609,1043,522,0,0,697,14582,0,0,0,0,6073,61559,0,0,0,0,2,21,0,0,0,0
2018,101,0,0,0,0,0,0,0,0,0,0,426,28937,0,0,233,5649,0,0,0,0,0,0
2018,454,0,811,0,0,0,0,0,0,0,0,1146,8109,44,68,147,3925,0,0,0,0,0,0
2018,318,0,0,0,0,0,0,0,0,0,0,68,1775,0,0,72,10627,0,0,0,0,0,0
2018,600,0,0,0,0,0,0,0,0,0,0,1328,1849,0,0,0,0,0,0,0,0,0,0
2018,545,0,0,0,0,1153,22357,0,0,0,0,4825,70361,721,2881,352,2182,163,11611,0,0,32,9469
2018,100,0,0,0,0,0,0,0,0,0,0,1,1,0,0,1,1,0,0,0,0,0,0
2018,702,1325,1490,0,0,0,0,0,0,92,92,2857,23866,461,2305,259,3897,0,0,0,0,0,0
2018,778,0,0,0,0,0,0,0,0,0,0,3535,93592,0,0,0,0,159,14474,0,0,9,1892
2018,341,0,0,0,0,0,0,0,0,0,0,779,13089,0,0,31,77,0,0,0,0,0,0
2018,99,0,0,0,0,0,0,0,0,0,0,831,11589,0,0,491,6861,0,0,0,0,0,0
2018,767,0,699,0,0,0,0,0,0,0,0,1063,3043,0,0,0,0,0,0,0,0,0,0
2018,359,0,0,0,0,0,0,0,0,0,0,805,13130,258,1330,220,2846,231,22982,0,0,0,0
2018,98,0,0,0,0,0,0,0,0,0,0,520,25215,0,0,148,6342,0,0,0,0,0,0
2018,132,0,0,0,0,0,0,0,0,0,0,309,8885,53,219,258,9104,0,0,0,0,0,0
2018,97,0,0,0,0,0,0,0,0,0,0,639,11213,17,162,617,1618,0,0,0,0,0,0
2018,103,0,0,0,0,0,0,0,0,0,0,0,0,0,0,0,0,0,0,0,0,0,0
2018,110,0,0,0,0,0,0,0,0,0,0,0,0,0,0,85,3650,0,0,0,0,0,0
2018,94,0,0,0,0,0,0,0,0,0,0,53,2051,0,0,62,1531,0,0,0,0,0,0
2018,91,0,0,0,0,0,0,0,0,0,0,366,11240,30,60,110,2200,0,0,0,0,0,0
2018,664,0,0,0,0,0,0,0,0,0,0,4310,52187,64,210,593,4881,0,0,0,0,0,0
2018,918,2625,3512,0,0,1672,29063,0,0,5,5,13109,210625,678,6891,2823,36513,1063,7687,0,0,64,11971
2018,92,0,0,0,0,0,0,0,0,0,0,120,4954,0,0,120,2745,0,0,0,0,0,0
2018,95,0,0,0,0,0,0,0,0,0,0,750,10500,115,390,203,1130,0,0,0,0,0,0
2018,301,0,0,0,0,0,0,0,0,0,0,1808,33120,0,0,0,0,0,0,0,0,0,0
2018,492,0,427,0,0,0,0,0,0,0,0,2469,39994,0,0,0,0,0,0,0,0,0,0
2018,811,0,0,0,0,0,0,0,0,0,0,0,0,0,0,0,0,0,0,0,0,0,0
2018,812,0,0,0,0,3012,54407,0,0,0,0,860,5430,0,0,0,0,0,0,0,0,0,0
2018,832,0,0,0,0,0,0,0,0,0,0,41,4199,0,0,41,4977,0,0,0,0,0,0
2018,841,0,0,0,0,0,0,0,0,0,0,103,2464,0,0,0,0,0,0,0,0,0,0
2018,856,0,0,0,0,0,0,0,0,0,0,403,8407,101,2106,268,4339,0,0,0,0,0,0
2018,859,0,0,0,0,0,0,0,0,0,0,0,0,0,0,0,0,0,0,0,0,0,0
2018,861,0,0,0,0,0,0,0,0,0,0,0,0,0,0,0,0,0,0,0,0,0,0
2018,880,0,0,0,0,0,0,0,0,0,0,593,13543,84,2327,285,4931,0,0,0,0,0,0
2018,883,0,0,0,0,0,0,0,0,0,0,0,0,0,0,210,3172,0,0,0,0,0,0
2018,884,0,0,0,0,0,0,0,0,0,0,427,9728,22,96,498,2679,0,0,0,0,0,0
2018,877,0,0,0,0,0,0,0,0,0,0,0,0,0,0,0,0,0,0,0,0,0,0
2018,911,0,0,0,0,0,0,0,0,0,0,4493,52141,1299,2805,2893,14056,0,0,0,0,0,0
2018,913,0,0,0,0,0,0,0,0,0,0,0,0,0,0,0,0,0,0,0,0,0,0
2018,922,217,4,187,187,0,0,0,0,0,0,0,0,0,0,0,0,0,0,0,0,0,0
2018,923,0,0,0,0,0,0,0,0,0,0,0,0,0,0,218,1123,0,0,0,0,0,0
2018,924,0,0,0,0,1779,35237,0,0,0,0,0,0,0,0,0,0,0,0,0,0,0,0
2018,947,0,0,0,0,0,0,0,0,0,0,184,4332,0,0,184,3971,0,0,0,0,0,0
2018,951,0,0,0,0,0,0,0,0,0,0,957,1952,0,0,876,1875,0,0,0,0,0,0
2018,1103,0,0,0,0,0,0,0,0,0,0,701,16123,41,533,401,1604,0,0,0,0,0,0
2018,972,0,0,0,0,0,0,0,0,0,0,240,1987,0,0,240,1893,0,0,0,0,0,0
2018,973,22,60,0,0,0,0,0,0,0,0,0,0,0,0,0,0,0,0,0,0,0,0
2018,974,0,0,0,0,0,0,0,0,0,0,697,16294,110,403,394,7246,0,0,0,0,0,0
2018,975,0,0,0,0,0,0,0,0,0,0,385,16170,0,0,292,10954,0,0,0,0,0,0
2018,960,0,0,0,0,0,0,0,0,0,0,778,23738,21,814,633,12806,0,0,0,0,0,0
2018,1028,0,0,0,0,0,0,0,0,0,0,0,0,0,0,0,0,0,0,0,0,0,0
2018,976,0,0,0,0,0,0,0,0,0,0,804,1365,0,0,0,0,0,0,0,0,0,0
2018,977,0,0,0,0,0,0,0,0,0,0,777,12597,114,233,315,3410,0,0,0,0,0,0
2018,1020,0,0,0,0,0,0,0,0,0,0,84,242,0,0,0,0,0,0,0,0,0,0
2018,994,0,474,0,0,0,0,0,0,0,0,2159,36319,0,0,0,0,131,13997,0,0,10,1784
2018,995,0,0,0,0,0,0,0,0,0,0,540,6367,0,0,0,0,0,0,0,0,0,0
2018,1060,0,0,0,0,0,0,0,0,0,0,0,0,0,0,0,0,0,0,0,0,0,0
2018,1005,0,0,0,0,0,0,0,0,0,0,170,4476,0,0,46,388,0,0,0,0,0,0
2018,1061,0,0,0,0,0,0,0,0,0,0,7,560,0,0,5,480,0,0,0,0,0,0
2018,1062,0,0,0,0,0,0,0,0,0,0,128,9576,0,0,0,0,0,0,0,0,0,0
2018,1006,0,0,0,0,0,0,0,0,0,0,0,0,0,0,0,0,0,0,0,0,0,0
2018,1088,0,0,0,0,0,0,0,0,0,0,0,0,0,0,0,0,0,0,0,0,0,0
2018,1089,0,0,0,0,0,0,0,0,0,0,825,12455,0,0,0,0,0,0,0,0,0,0
2018,1076,0,0,0,0,0,0,0,0,0,0,0,0,0,0,0,0,0,0,0,0,0,0
2018,1078,0,0,0,0,0,0,0,0,0,0,654,8787,0,0,710,14220,0,0,0,0,0,0
2018,1033,0,1549,0,0,0,0,0,0,0,0,4962,52298,0,0,0,0,279,14783,0,0,12,2348
2018,1037,0,0,0,0,0,0,0,0,0,0,0,0,0,0,118,10538,0,0,0,0,0,0
2018,1039,0,0,0,0,0,0,0,0,0,0,0,0,0,0,0,0,0,0,0,0,0,0
2018,1067,0,0,0,0,0,0,0,0,0,0,717,20375,0,0,50,1200,0,0,0,0,0,0
2018,1065,0,0,0,0,0,0,0,0,0,0,1703,65430,250,1832,744,37435,0,0,0,0,0,0
2018,1066,0,28,0,0,0,0,0,0,0,0,5861,72443,0,0,0,0,0,0,0,0,0,0
2018,1100,0,0,0,0,0,0,0,0,0,0,778,32421,157,6581,778,32421,0,0,0,0,0,0
2018,1105,0,0,0,0,0,0,0,0,0,0,1403,24830,287,340,254,5313,0,0,0,0,0,0
2018,1107,0,0,0,0,0,0,0,0,0,0,0,0,0,0,0,0,0,0,0,0,0,0
2018,1111,0,0,0,0,0,0,0,0,0,0,0,0,0,0,0,0,0,0,0,0,0,0
2018,1121,0,0,0,0,0,0,0,0,0,0,73,7954,0,0,73,7575,0,0,0,0,0,0
2018,1119,0,0,0,0,0,0,0,0,0,0,226,14379,13,214,87,4173,0,0,0,0,0,0
2018,207,0,0,0,0,0,0,0,0,0,0,5151,61822,0,0,0,0,0,0,0,0,0,0
2018,431,0,0,0,0,0,0,0,0,0,0,3243,29730,25,378,482,3661,0,0,0,0,0,0
2018,387,0,0,0,0,0,0,0,0,0,0,1519,77174,0,0,0,0,0,0,0,0,0,0
2018,179,0,0,0,0,0,0,0,0,0,0,59,8118,0,0,0,0,0,0,0,0,0,0
2018,606,0,0,0,0,0,0,0,0,0,0,3005,42442,0,0,0,0,36,2775,0,0,0,0
2018,925,2824,3204,0,0,942,19288,0,0,0,0,18136,515960,0,0,822,56490,229,18918,5,849,27,6917
2018,541,0,0,0,0,0,0,0,0,0,0,2535,79157,0,0,0,0,0,0,0,0,0,0
2018,797,0,0,0,0,0,0,0,0,0,0,624,10683,0,0,0,0,0,0,0,0,0,0
2018,627,0,0,0,0,343,10311,0,0,0,0,5740,96783,1388,2670,0,0,59,1425,0,0,7,84
2018,173,0,0,0,0,0,0,0,0,0,0,66,4747,0,0,517,23455,0,0,0,0,0,0
2018,636,2800,0,0,0,0,0,0,0,0,0,0,0,0,0,0,0,936,7789,40,871,501,14914
2018,205,0,0,0,0,0,0,0,0,0,0,0,0,0,0,0,0,0,0,0,0,0,0
2018,814,0,0,0,0,0,0,0,0,0,0,0,0,0,0,0,0,0,0,0,0,0,0
2018,881,0,0,0,0,0,0,0,0,0,0,0,0,0,0,0,0,0,0,0,0,0,0
2018,771,1132,1000,336,523,1001,15383,0,0,0,0,1904,53068,244,2458,45,3342,282,8011,0,0,0,0
2018,533,110,7,0,0,0,0,0,0,0,0,1595,28084,0,0,0,0,0,0,0,0,0,0
2018,447,0,0,0,0,0,0,0,0,0,0,558,2787,0,0,0,0,0,0,0,0,0,0
2018,815,0,13,0,0,0,0,0,0,0,0,435,18705,0,0,0,0,0,0,0,0,0,0
2018,801,2377,1193,0,0,493,6344,0,0,0,0,3465,63288,0,0,0,0,1291,14108,0,0,0,0
2018,800,0,0,0,0,0,0,0,0,0,0,1815,13979,112,4268,0,0,0,0,0,0,0,0
2018,389,0,0,0,0,0,0,0,0,0,0,3924,57040,0,0,0,0,0,0,0,0,0,0
2018,695,1889,151,0,0,0,0,0,0,0,0,759,17737,0,0,0,0,245,14311,0,0,0,0
2018,816,0,0,0,0,0,0,0,0,0,0,1950,29234,41,654,139,4972,0,0,0,0,0,0
2018,833,0,0,0,0,0,0,0,0,0,0,2925,55349,0,0,0,0,0,0,0,0,0,0
2018,870,320,0,0,0,0,0,0,0,0,0,2324,34742,138,1723,19,48,0,0,0,0,0,0
2018,927,0,0,0,0,0,0,0,0,0,0,5593,71452,0,0,0,0,0,0,0,0,0,0
2018,961,862,0,0,0,551,11171,0,0,0,0,3797,72393,0,0,0,0,174,2917,0,0,0,0
2018,962,0,0,0,0,0,0,0,0,0,0,4223,49108,0,0,0,0,0,0,0,0,0,0
2018,1079,68,6,0,0,0,0,0,0,0,0,4365,48220,0,0,0,0,0,0,0,0,0,0
2018,1101,399,63,0,0,0,0,0,0,0,0,1042,17612,15,62,0,0,0,0,0,0,0,0
2018,666,1239,1559,0,0,0,0,0,0,0,0,10801,519151,0,0,0,0,861,9662,31,5265,82,21377
2018,392,0,0,0,0,0,0,0,0,0,0,3686,23331,316,2081,480,3912,0,0,0,0,0,0
2018,790,0,275,273,444,1062,21622,0,0,0,0,3001,202932,351,3731,0,0,0,0,0,0,0,0
2018,650,0,809,0,0,0,0,0,0,0,0,2882,76037,0,0,0,0,0,0,0,0,0,0
2018,876,0,828,0,0,0,0,0,0,0,0,7705,81215,0,0,0,0,0,0,0,0,0,0
2018,944,0,0,0,0,0,0,0,0,0,0,0,0,0,0,0,0,0,0,0,0,0,0
2018,952,0,0,0,0,0,0,0,0,0,0,0,0,0,0,0,0,0,0,0,0,0,0
2018,54,0,0,0,0,0,0,0,0,0,0,0,0,0,0,0,0,0,0,0,0,0,0
2018,367,0,14,0,0,0,0,0,0,0,0,0,0,0,0,0,0,0,0,0,0,0,0
2018,538,0,469,0,0,0,0,0,0,0,0,1681,35276,0,0,316,2729,0,0,0,0,0,0
2018,557,0,0,4,4,0,0,0,0,0,0,5180,39408,0,0,634,5945,0,0,0,0,0,0
2018,653,0,335,0,0,0,0,0,0,0,0,4500,31748,0,0,0,0,0,0,0,0,0,0
2018,647,0,0,0,0,0,0,0,0,0,0,810,28896,0,0,147,2580,0,0,0,0,0,0
2018,978,1464,1354,0,0,848,15772,0,0,1092,1643,7109,62995,0,0,324,1936,1163,13231,0,0,397,11489
2018,996,0,0,0,0,0,0,0,0,0,0,2794,21618,0,0,237,2018,0,0,0,0,0,0
2018,729,4736,6310,476,773,1759,28201,0,0,0,0,5179,62123,597,3155,0,0,88,13381,0,0,0,0
2018,182,280,32,0,0,0,0,0,0,0,0,0,0,0,0,0,0,0,0,0,0,0,0
2018,633,79,189,0,0,130,145,0,0,0,0,265,5574,1242,9941,0,0,0,0,0,0,0,0
2018,685,0,8,0,0,0,0,0,0,0,0,1871,19451,0,0,0,0,,0,0,0,0,0
2018,683,0,0,0,0,0,0,0,0,0,0,1621,14279,0,0,0,0,17,2198,0,0,0,0
2018,945,0,0,0,0,0,0,0,0,0,0,970,15648,0,0,0,0,,0,0,0,0,0
2018,953,0,0,0,0,0,0,0,0,0,0,0,0,0,0,0,0,0,0,0,0,0,0
2018,1022,0,0,0,0,0,0,0,0,0,0,325,8875,0,0,0,0,,0,0,0,0,0
2018,1049,0,0,0,0,0,0,0,0,0,0,698,9315,0,0,0,0,,0,0,0,0,0
2018,1151,30,4,0,0,0,0,0,0,0,0,2494,2494,0,0,0,0,0,0,0,0,0,0
2018,794,4480,5235,375,541,0,0,0,0,0,0,657,5410,407,3575,616,3684,1466,12301,1158,181806,212,47700
2018,415,0,0,0,0,2269,34110,0,0,193,456,0,0,0,0,0,0,0,0,0,0,0,0
2018,592,0,0,0,0,0,0,0,0,0,0,1810,36480,0,0,0,0,137,15037,0,0,0,0
2018,497,123,14158,0,0,0,0,0,0,0,0,2150,40832,0,0,0,0,169,26486,0,0,0,0
2018,458,422,56,0,0,0,0,0,0,0,0,575,8634,0,0,0,0,0,0,0,,0,0
2018,726,0,119,0,0,0,0,0,0,0,0,3525,190460,0,0,290,14071,98,3440,0,0,0,0
2018,272,0,0,0,0,0,0,0,0,0,0,2030,38548,99,1616,0,0,130,15368,0,0,0,0
2018,805,3855,3519,494,737,1404,25029,0,0,75,287,2301,114008,4,163,96,7053,110,14085,3,780,41,11374
2018,234,0,0,0,0,0,0,0,0,0,0,1383,23176,145,1276,0,0,1223,15294,0,0,0,0
2018,64,0,0,0,0,0,0,0,0,0,0,0,0,0,0,0,0,0,0,0,0,0,0
2018,842,0,3,0,0,0,0,0,0,0,0,1043,55607,0,0,0,0,43,5518,0,0,0,0
2018,843,0,0,0,0,0,0,0,0,0,0,479,15994,0,0,0,0,179,2032,0,0,0,0
2018,803,0,1282,0,0,0,0,0,0,0,0,4759,38796,0,0,260,1704,92,6152,0,0,24,3764
2018,211,0,0,0,0,0,0,0,0,0,0,1202,22449,0,0,0,0,0,0,0,0,0,0
2018,773,1903,3240,0,0,0,0,0,0,0,0,5649,87397,138,1842,0,0,163,4443,0,0,112,1050
2018,424,0,0,0,0,0,0,0,0,0,0,0,0,0,0,0,0,0,0,0,0,0,0
2018,298,288,147,0,0,0,0,0,0,0,0,1792,36956,0,0,0,0,138,25207,0,0,0,0
2018,594,0,0,0,0,0,0,0,0,0,0,0,0,0,0,0,0,0,0,0,0,0,0
2018,237,0,0,0,0,0,0,0,0,0,0,968,23008,77,662,0,0,0,0,0,0,0,0
2018,16,0,0,0,0,0,0,0,0,0,0,114,5978,2,22,13,55,0,0,0,0,0,0
2018,768,0,0,0,0,0,0,0,0,0,0,378,12420,1,6,0,0,0,0,0,0,0,0
2018,617,0,0,0,0,0,0,0,0,0,0,3298,46466,139,1000,0,0,173,9990,0,0,20,4505
2018,297,0,0,0,0,0,0,0,0,0,0,781,61541,0,0,0,0,0,0,0,0,0,0
2018,105,0,0,0,0,0,0,0,0,0,0,154,4967,0,0,79,2267,0,0,0,0,0,0
2018,544,0,184,0,0,0,0,0,0,0,0,2524,35575,150,1792,157,1652,0,0,0,0,0,0
2018,804,0,0,0,0,0,0,0,0,0,0,4806,74467,515,3023,188,5764,143,10312,0,0,0,0
2018,104,0,0,0,0,0,0,0,0,0,0,0,0,0,0,207,756,0,0,0,0,0,0
2018,20,0,0,0,0,0,0,0,0,0,0,14,1776,0,0,13,889,0,0,0,0,0,0
2018,550,0,0,0,0,0,0,0,0,0,0,2832,38568,18,43,0,0,0,0,0,0,0,0
2018,112,0,0,0,0,0,0,0,0,0,0,0,0,0,0,0,0,0,0,0,0,0,0
2018,818,0,0,0,0,0,0,0,0,0,0,505,5102,0,0,0,0,0,0,0,0,0,0
2018,882,0,0,0,0,0,0,0,0,0,0,148,2800,27,148,70,1300,0,0,0,0,0,0
2018,914,0,0,0,0,0,0,0,0,0,0,533,21017,53,333,0,0,0,0,0,0,0,0
2018,928,0,0,0,0,1365,27495,0,0,0,0,0,0,0,0,0,0,0,0,0,0,0,0
2018,964,0,0,0,0,0,0,0,0,137,591,856,24826,0,0,0,0,0,0,0,0,0,0
2018,1026,0,0,0,0,0,0,0,0,0,0,363,41435,61,1491,20,3483,0,0,0,0,0,0
2018,1068,0,0,0,0,0,0,0,0,0,0,415,3604,80,335,406,3161,0,0,0,0,0,0
2018,1108,0,0,0,0,0,0,0,0,0,0,0,0,0,0,0,0,28,1938,0,0,0,0
2018,404,0,0,0,0,0,0,0,0,0,0,2445,52437,6,222,9,100,0,0,0,0,0,0
2018,270,177,700,0,0,293,5860,0,0,0,0,3096,55962,0,0,0,0,0,0,0,0,0,0
2018,676,0,0,0,0,0,0,0,0,0,0,1659,21830,0,0,263,1897,,0,0,0,0,0
2018,709,0,0,0,0,0,0,0,0,0,0,938,19020,0,0,386,4938,,0,0,0,0,0
2018,754,2577,2698,0,0,780,11752,0,0,0,0,6610,124714,430,2599,501,35791,2147,19949,0,0,0,0
2018,997,0,25,0,0,0,0,0,0,0,0,580,11224,0,0,0,0,,0,0,0,0,0
2018,1069,0,24,0,0,0,0,0,0,0,0,0,0,0,0,0,0,,0,0,0,0,0
2018,1118,161,94,27,32,0,0,0,0,0,0,2722,60134,0,0,0,0,0,0,0,0,0,0
2018,1116,1467,2465,936,936,906,22650,0,0,0,0,2951,39592,401,2671,74,3173,1388,15816,0,0,0,0
2018,734,1155,1233,0,0,0,0,0,0,0,0,3039,70559,379,4885,435,8323,119,10094,2,923,34,6246
2018,299,0,0,0,0,0,0,0,0,0,0,1740,29057,0,0,0,0,0,0,0,0,0,0
2018,645,0,0,0,0,0,0,0,0,0,0,1945,17635,0,0,0,0,0,0,0,0,0,0
2018,17,0,0,0,0,0,0,0,0,0,0,0,0,0,0,95,1710,0,0,0,0,0,0
2018,1046,0,0,0,0,0,0,0,0,0,0,61,3123,52,2030,96,8851,0,0,0,0,0,0
2018,420,0,0,0,0,0,0,0,0,0,0,862,14672,0,0,0,0,0,0,0,0,0,0
2018,802,0,0,0,0,0,0,0,0,0,0,7646,161269,624,13201,0,0,0,0,0,0,0,0
2018,266,1565,0,0,0,0,0,0,0,0,0,0,0,0,0,0,0,0,0,0,0,0,0
2018,769,0,0,0,0,1151,29698,0,0,614,1840,145,481,0,0,0,0,0,0,0,0,0,0
2018,776,0,164,0,0,0,0,0,0,0,0,0,0,0,0,0,0,0,0,0,0,0,0
2018,640,0,139,0,0,0,0,0,0,0,0,0,0,0,0,0,0,0,0,0,0,0,0
2018,315,0,0,0,0,0,0,0,0,0,0,408,19273,175,6541,168,7638,0,0,0,0,0,0
2018,40,0,0,0,0,0,0,0,0,0,0,0,0,0,0,271,234,0,0,0,0,0,0
2018,508,0,0,0,0,0,0,0,0,0,0,3057,59110,0,0,0,0,0,0,0,0,0,0
2018,46,0,0,0,0,0,0,0,0,0,0,0,0,0,0,261,984,0,0,0,0,0,0
2018,590,0,123,0,0,0,0,0,0,0,0,0,0,0,0,0,0,0,0,0,0,0,0
2018,777,0,331,0,0,0,0,0,0,0,0,0,0,0,0,0,0,0,0,0,0,0,0
2018,897,1264,3691,0,0,782,19507,0,0,69,123,0,0,0,0,0,0,0,0,0,0,0,0
2018,965,0,0,0,0,0,0,0,0,0,0,0,0,0,0,211,5637,0,0,0,0,0,0
2018,671,0,0,0,0,0,0,0,0,0,0,512,12188,0,0,47,1448,,0,0,0,0,0
2018,461,0,0,0,0,0,0,0,0,0,0,16,190,0,0,0,0,0,0,0,0,0,0
2018,376,0,0,0,0,0,0,0,0,0,0,892,16056,74,269,0,0,0,0,0,0,0,0
2018,621,0,152,0,0,0,0,0,0,0,0,1518,17345,0,0,0,0,,0,0,0,0,0
2018,793,1909,2482,0,0,1197,12443,0,0,0,0,3883,55819,374,3614,528,10305,183,12233,0,0,0,0
2018,1102,93,59,0,0,0,0,0,0,0,0,5854,49434,51,249,0,0,0,0,0,0,0,0
2018,1147,0,0,0,0,0,0,0,0,0,0,468,6448,0,0,0,0,0,0,0,0,0,0
2018,712,0,895,0,0,0,0,0,0,0,0,2023,71184,0,0,181,6860,45,6231,0,0,4,1385
2018,32,0,0,0,0,0,0,0,0,0,0,0,0,0,0,261,1269,0,0,0,0,0,0
2018,361,0,0,0,0,0,0,0,0,0,0,0,21,0,0,0,2407,0,0,0,0,0,0
2018,486,0,0,0,0,0,0,0,0,0,0,2208,23358,0,0,0,0,0,0,0,0,0,0
2018,595,0,589,0,0,0,0,0,0,0,0,4474,134091,316,1532,0,0,108,7052,0,0,0,0
2018,433,0,0,0,0,0,0,0,0,0,0,813,9454,0,0,90,814,152,1766,0,0,0,0
2018,1058,0,0,0,0,0,0,0,0,0,0,311,6961,0,0,0,0,0,0,0,0,0,0
2018,261,0,0,0,0,0,0,0,0,0,0,0,0,0,0,0,0,0,0,0,0,0,0
2018,730,0,0,0,0,0,0,0,0,0,0,3906,53099,0,0,0,0,,0,0,0,0,0
2018,577,0,0,0,0,0,0,0,0,0,0,1918,43198,0,0,0,0,,0,0,0,0,0
2018,788,2665,0,0,0,865,15637,0,0,0,0,4146,61698,0,0,0,0,,9038,0,0,0,0
2018,865,0,0,0,0,0,0,0,0,0,0,631,10488,0,0,0,0,,0,0,0,0,0
2018,979,0,0,0,0,0,0,0,0,0,0,262,6357,0,0,0,0,,0,0,0,0,0
2018,998,0,0,0,0,0,0,0,0,0,0,195,3609,0,0,0,0,,0,0,0,0,0
2018,1072,0,0,0,0,0,0,0,0,0,0,325,8250,0,0,0,0,,0,0,0,0,0
2018,221,0,0,62,78,0,0,0,0,0,0,1206,21879,0,0,0,0,0,0,0,0,0,0
2018,506,0,0,0,0,0,0,0,0,0,0,2155,38276,0,0,0,0,0,0,0,0,0,0
2018,727,0,623,0,0,0,0,0,0,0,0,9366,204246,582,1222,372,3414,37,5797,0,0,5,1825
2018,355,0,0,0,0,0,0,0,0,0,0,2266,43013,25,115,22,182,0,0,0,0,0,0
2018,487,0,0,0,0,0,0,0,0,0,0,2707,26761,31,279,0,0,0,0,0,0,0,0
2018,938,4018,2635,965,965,983,20334,0,0,0,0,14883,300061,2339,5349,410,9585,65,10602,0,0,33,10898
2018,886,0,0,0,0,0,0,0,0,0,0,562,14713,161,937,0,0,0,0,0,0,0,0
2018,835,0,39,0,0,0,0,0,0,0,0,653,7562,5,27,0,0,0,0,0,0,0,0
2018,999,0,0,0,0,0,0,0,0,0,0,55,855,0,0,15,200,0,0,0,0,0,0
2018,798,2727,1509,0,0,837,837,0,0,779,16627,948,5396,0,0,0,0,75,6540,0,0,43,13381
2018,504,0,0,0,0,0,0,0,0,0,0,9208,196534,1007,10151,0,0,0,0,0,0,0,0
2018,247,0,302,352,352,0,0,0,0,0,0,1021,18180,0,0,0,0,0,0,0,0,0,0
2018,216,0,0,0,0,0,0,0,0,0,0,0,0,0,0,0,0,0,0,0,0,0,0
2018,654,0,0,0,0,0,0,0,0,0,0,0,0,0,0,0,0,0,0,0,0,0,0
2018,65,0,0,0,0,0,0,0,0,0,0,0,0,0,0,0,0,0,0,0,0,0,0
2018,472,0,0,0,0,0,0,0,0,0,0,1303,26144,67,710,0,0,0,0,0,0,0,0
2018,427,0,0,0,0,0,0,0,0,0,0,0,0,0,0,81,2498,0,0,0,0,0,0
2018,491,0,0,0,0,0,0,0,0,0,0,1807,33944,68,815,112,1443,8,1118,0,0,0,0
2018,551,0,27,0,0,0,0,0,0,0,0,679,11531,27,299,0,0,0,0,0,0,0,0
2018,106,0,0,0,0,0,0,0,0,0,0,320,12654,69,243,235,4803,0,0,0,0,0,0
2018,819,0,0,0,0,0,0,0,0,0,0,139,5520,0,0,143,5883,0,0,0,0,0,0
2018,836,0,0,0,0,0,0,0,0,0,0,21,1851,0,0,1,1,0,0,0,0,0,0
2018,915,0,0,0,0,0,0,0,0,0,0,640,26880,95,222,253,5060,0,0,0,0,0,0
2018,942,0,0,0,0,0,0,0,0,0,0,4,69,0,0,0,0,0,0,0,0,0,0
2018,1140,0,0,0,0,0,0,0,0,0,0,96,288,0,0,0,0,0,0,0,0,0,0
2018,748,1258,1835,144,144,715,11393,0,0,92,258,73236,165784,1963,6336,0,0,47,6993,1,117,26,8542
2018,198,0,0,0,0,0,0,0,0,0,0,0,0,0,0,0,0,0,0,0,0,0,0
2018,871,0,0,0,0,0,0,0,0,0,0,1332,18281,148,2539,159,1678,38,5253,0,0,4,1400
2018,948,166,0,0,0,0,0,0,0,0,0,0,0,0,0,0,0,0,0,0,0,0,0
2018,1051,0,0,0,0,0,0,0,0,0,0,0,0,0,0,0,0,0,0,0,0,0,0
2018,1083,0,0,0,0,0,0,0,0,0,0,0,0,0,0,0,0,0,0,0,0,0,0
2018,1096,0,0,0,0,0,0,0,0,0,0,0,0,0,0,0,0,0,0,0,0,0,0
2018,679,1199,994,0,0,847,15682,0,0,0,0,11474,166529,0,0,561,5857,828,7553,0,0,134,907
2018,176,0,0,0,0,0,0,0,0,0,0,1364,24549,0,0,0,0,0,0,0,0,0,0
2018,537,0,0,0,0,0,0,0,0,0,0,401,12296,0,0,0,0,0,0,0,0,0,0
2018,608,0,197,0,0,0,0,0,0,0,0,508,18589,0,0,0,0,41,5623,0,0,0,0
2018,596,0,0,0,0,0,0,0,0,0,0,1136,56020,0,0,0,0,0,0,0,0,0,0
2018,749,1240,5962,354,354,1282,20528,0,0,159,364,5718,117817,0,0,314,5096,60,8640,0,0,25,8952
2018,758,2750,1586,146,185,1694,30178,0,0,191,854,10846,168518,723,8038,969,15348,720,8409,0,0,0,0
2018,1104,4445,6697,0,0,1242,8202,0,0,0,0,6336,155723,159,2724,360,6350,59,1035,0,0,34,11636
2018,567,0,833,0,0,0,0,0,0,0,0,2087,36352,0,0,251,292,0,0,0,0,0,0
2018,677,1335,3921,0,0,1146,17940,0,0,0,0,9227,46015,160,1064,0,0,76,13284,6,1693,23,7868
2018,670,0,569,0,0,0,0,0,0,0,0,742,10183,1458,15191,216,3545,0,0,0,0,0,0
2018,588,0,103,0,0,0,0,0,0,0,0,3111,94684,102,1376,235,4240,0,0,0,0,0,0
2018,753,7295,3016,206,370,1844,29143,0,0,0,0,8054,143818,446,5266,775,13798,84,13604,3,484,14,4953
2018,887,0,0,0,0,0,0,0,0,0,0,1789,46779,0,0,2460,87226,0,0,0,0,0,0
2018,245,160,0,0,0,0,0,0,0,0,0,1950,39220,0,0,0,0,0,0,0,0,0,0
2018,603,311,0,0,0,0,0,0,0,0,0,5988,204460,402,6662,0,0,0,0,0,0,0,0
2018,426,0,0,0,0,0,0,0,0,0,0,2216,24168,55,312,86,2159,0,0,0,0,0,0
2018,232,0,,0,0,0,0,0,0,0,0,0,0,0,0,0,0,0,0,0,0,0,0
2018,288,0,0,0,0,314,6167,0,0,0,0,2840,85210,354,19462,422,22162,0,0,0,0,0,0
2018,246,0,11,69,185,0,0,0,0,0,0,377,1988,0,0,0,0,215,16236,0,0,0,0
2018,284,264,60,0,0,583,10494,0,0,0,0,3902,78504,0,0,0,0,407,5436,0,0,0,0
2018,18,0,0,0,0,0,0,0,0,0,0,0,0,0,0,183,7372,0,0,0,0,0,0
2018,356,0,0,0,0,0,0,0,0,0,0,0,0,0,0,76,3496,0,0,0,0,0,0
2018,401,0,0,0,0,0,0,0,0,0,0,453,19076,393,15955,92,4691,0,0,0,0,0,0
2018,733,2189,9229,452,670,1452,29011,0,0,101,463,15863,133721,1324,9269,346,1918,2401,28209,42,709,356,7970
2018,243,0,0,0,0,0,0,0,0,0,0,572,1450,0,0,0,0,0,0,0,0,0,0
2018,380,0,0,0,0,0,0,0,0,0,0,489,17912,509,14267,148,2845,0,0,0,0,0,0
2018,716,0,58,0,0,0,0,0,0,0,0,0,0,0,0,0,0,125,9983,0,0,0,0
2018,534,382,34,0,0,0,0,0,0,0,0,909,13634,0,0,0,0,0,0,0,0,0,0
2018,185,215,0,115,161,0,0,0,0,0,0,0,0,0,0,0,0,0,0,0,0,0,0
2018,258,868,60,250,250,231,3202,0,0,0,0,1404,25471,0,0,0,0,0,0,0,0,0,0
2018,505,0,47,0,0,0,0,0,0,0,0,2427,11547,0,0,0,0,168,18279,0,0,0,0
2018,268,105,268,0,0,0,0,0,0,0,0,0,0,0,0,0,0,0,0,0,0,0,0
2018,602,210,299,0,0,308,6012,0,0,70,210,941,13186,44,465,26,642,9,25,0,0,0,0
2018,254,395,157,0,0,292,5170,0,0,0,0,0,0,0,0,0,0,0,0,0,0,0,0
2018,705,439,1615,0,0,0,0,0,0,0,0,836,6123,307,2082,0,0,0,0,0,0,0,0
2018,133,0,0,0,0,0,0,0,0,0,0,0,0,0,0,0,0,0,0,0,0,0,0
2018,33,0,0,0,0,0,0,0,0,0,0,0,0,0,0,155,2214,0,0,0,0,0,0
2018,143,0,0,0,0,0,0,0,0,0,0,0,0,0,0,804,2412,0,0,0,0,0,0
2018,36,0,0,0,0,0,0,0,0,0,0,0,0,0,0,0,0,0,0,0,0,0,0
2018,756,921,917,59,129,604,15053,0,0,33,106,2763,51155,169,2758,75,1099,88,9417,0,0,0,0
2018,662,790,2028,0,0,0,0,0,0,0,0,8299,53305,323,1494,1219,5829,797,10409,9,161,275,8369
2018,192,0,0,0,0,0,0,0,0,0,0,0,19418,0,1683,0,5023,0,0,0,0,0,0
2018,382,0,0,0,0,0,0,0,0,0,0,0,0,0,0,0,0,0,0,0,0,0,0
2018,322,0,0,0,0,0,0,0,0,0,0,119,187110,0,0,129,149684,0,0,0,0,0,0
2018,478,0,0,0,0,0,0,0,0,0,0,3664,36655,0,0,1105,11055,0,0,0,0,0,0
2018,352,0,0,0,0,0,0,0,0,0,0,1004,20405,168,2987,347,6624,0,0,0,0,0,0
2018,628,1171,489,0,0,0,0,0,0,0,0,2834,62210,0,0,0,0,125,18931,9,2690,14,4979
2018,495,0,0,0,0,0,0,0,0,0,0,653,25646,12,795,294,11336,0,0,0,0,0,0
2018,845,0,1352,0,0,0,0,0,0,0,0,2856,53310,0,0,148,5160,0,0,0,0,0,0
2018,498,0,265,0,0,0,0,0,0,0,0,1516,11192,0,0,0,0,0,0,0,0,0,0
2018,314,0,0,0,0,0,0,0,0,0,0,1716,16293,208,1602,433,4319,0,0,0,0,0,0
2018,720,0,,0,0,0,0,0,0,0,0,6012,90180,0,0,0,0,0,0,0,0,0,0
2018,721,429,1510,0,0,0,0,0,0,0,0,7140,114495,706,11271,196,3102,89,7507,0,0,32,5595
2018,485,0,0,0,0,0,0,0,0,0,0,0,0,0,0,0,0,0,0,0,0,0,0
2018,273,561,843,0,0,0,0,0,0,0,0,0,0,0,0,0,0,0,0,0,0,0,0
2018,846,1038,5181,141,178,0,0,0,0,0,0,6317,75805,0,0,443,5325,64,9971,0,0,21,7515
2018,847,0,0,0,0,0,0,0,0,0,0,3738,84969,0,0,0,0,0,0,0,0,0,0
2018,848,1356,205,143,203,0,0,0,0,0,0,3485,35995,0,0,0,0,7,31,0,0,0,0
2018,916,0,0,0,0,466,9186,0,0,0,0,0,0,0,0,0,0,0,0,0,0,0,0
2018,930,137,80,0,0,0,0,0,0,0,0,5846,36141,0,0,0,0,0,0,0,0,0,0
2018,954,380,3589,0,0,1354,29407,0,0,0,0,4902,78411,417,4192,693,5664,0,0,0,0,0,0
2018,943,0,0,0,0,0,0,0,0,0,0,2972,55580,0,0,0,0,0,0,0,0,0,0
2018,949,1862,5318,0,0,1234,19875,0,0,101,376,16788,116065,1665,10027,2130,26549,861,10462,0,0,488,13843
2018,980,452,1039,104,144,0,0,0,0,0,0,0,0,0,0,0,0,0,0,0,0,0,0
2018,981,0,0,0,0,0,0,0,0,0,0,912,19004,178,9020,182,7922,0,0,0,0,0,0
2018,1024,589,507,0,0,881,12457,0,0,0,0,4233,70016,41,496,0,0,0,0,0,0,0,0
2018,1017,0,0,0,0,0,0,0,0,0,0,305,2440,0,0,0,0,0,0,0,0,0,0
2018,1000,147,746,0,0,693,14554,0,0,206,3510,2509,80288,0,0,0,0,34,207,0,0,0,0
2018,1018,240,288,0,0,0,0,0,0,0,0,3705,44744,323,3527,382,6522,88,8206,0,0,7,816
2018,1001,0,0,0,0,0,0,0,0,0,0,0,0,0,0,0,0,0,0,0,0,0,0
2018,1007,0,889,0,0,0,0,0,0,0,0,6205,115775,0,0,230,2194,72,10254,1,285,33,11103
2018,1008,0,531,0,0,0,0,0,0,0,0,1842,31007,0,0,104,1425,68,10674,2,316,28,9600
2018,1010,0,590,0,0,0,0,0,0,0,0,3059,31390,0,0,149,1598,63,8513,0,0,7,2403
2018,1011,0,56,0,0,0,0,0,0,0,0,1368,30968,0,0,176,3141,521,6597,0,0,0,0
2018,1012,0,0,0,0,0,0,0,0,0,0,1513,29546,0,0,416,4818,804,9826,0,0,150,4793
2018,1013,2773,7370,151,182,1497,27529,0,0,0,0,11818,68490,0,0,0,0,100,13444,0,0,27,9503
2018,1041,0,0,0,0,0,0,0,0,0,0,20,1000,0,0,140,3600,0,0,0,0,0,0
2018,1073,897,453,0,0,0,0,0,0,0,0,3343,37787,366,5795,0,0,130,11783,0,0,13,15
2018,1087,745,3250,0,0,637,10971,0,0,0,0,10240,115652,471,4472,300,7126,146,12277,0,0,12,2266
2018,1109,395,1828,0,0,0,0,0,0,0,0,4045,49878,337,4018,407,5799,166,8540,1,267,29,680
2018,1110,79,126,0,0,748,10796,0,0,0,0,5013,47984,41,192,0,0,0,0,0,0,0,0
2018,1112,0,0,0,0,0,0,0,0,0,0,4751,50777,0,0,0,0,0,0,0,0,0,0
2018,1120,0,0,0,0,0,0,0,0,0,0,64,1314,10,207,34,486,0,0,0,0,0,0
2018,1148,116,211,0,0,99,1591,0,0,13,21,306,1171,0,0,0,0,0,0,0,0,0,0
2018,1126,0,956,0,0,0,0,0,0,0,0,5841,79755,175,2410,524,6648,98,14080,0,0,0,0
2018,1152,0,0,0,0,0,0,0,0,0,0,40,5665,0,0,105,8681,0,0,0,0,0,0
2018,789,0,0,0,0,0,0,0,0,0,0,82,7086,0,0,0,0,0,0,0,0,0,0
2018,326,0,0,0,0,0,0,0,0,0,0,0,0,0,0,0,0,0,0,0,0,0,0
2018,442,419,200,0,0,0,0,0,0,0,0,1295,18378,7,731,0,0,0,0,0,0,0,0
2018,294,215,228,253,401,0,0,0,0,0,0,977,11366,0,0,0,0,0,0,0,0,0,0
2018,378,0,0,0,0,0,0,0,0,0,0,422,20042,0,0,0,0,0,0,0,0,0,0
2018,402,20,0,0,0,0,0,0,0,0,0,980,14300,230,260,0,0,0,0,0,0,0,0
2018,29,0,0,0,0,0,0,0,0,0,0,0,0,0,0,210,1830,0,0,0,0,0,0
2018,450,0,0,0,0,0,0,0,0,0,0,401,4325,0,0,0,0,0,0,0,0,0,0
2018,656,0,0,0,0,0,0,0,0,0,0,691,11998,0,0,0,0,,0,0,0,0,0
2018,333,460,430,0,0,0,0,0,0,0,0,1100,12550,0,0,0,0,171,10770,0,0,0,0
2018,684,0,0,0,0,0,0,0,0,0,0,1015,77611,0,0,0,0,,0,0,0,0,0
2018,422,41,45,13,17,0,0,0,0,0,0,671,7572,0,0,0,0,100,1019,0,0,0,0
2018,763,2510,1535,629,1049,1042,16566,0,0,0,0,5756,287360,0,0,440,31018,1328,12877,0,0,0,0
2018,741,2861,532,0,0,1740,22492,0,0,0,0,2639,70591,85,2992,91,3168,,0,0,0,0,0
2018,553,974,2257,0,0,0,0,0,0,0,0,1398,32876,0,0,0,0,46,6791,0,0,0,0
2018,357,0,0,0,0,0,0,0,0,0,0,0,0,0,0,0,0,0,0,0,0,0,0
2018,899,0,0,0,0,0,0,0,0,0,0,0,0,0,0,0,0,0,0,0,0,0,0
2018,900,0,0,0,0,0,0,0,0,0,0,153,1502,0,0,0,0,0,0,0,0,0,0
2018,950,0,0,0,0,0,0,0,0,0,0,2257,34695,118,1184,0,0,0,0,0,0,0,0
2018,966,106,0,0,0,0,0,0,0,0,0,0,0,0,0,0,0,0,0,0,0,0,0
2018,967,0,0,0,0,0,0,0,0,0,0,101,1058,0,0,0,0,0,0,0,0,0,0
2018,982,450,206,0,0,150,2879,0,0,9,19,2161,30117,15,49,0,0,0,0,0,0,0,0
2018,1014,0,380,0,0,0,0,0,0,0,0,0,0,0,0,0,0,,0,0,0,0,0
2018,1080,1800,444,314,354,0,0,0,0,0,0,0,0,0,0,0,0,0,0,0,0,0,0
2018,1074,0,0,0,0,0,0,0,0,0,0,0,0,0,0,0,0,0,0,0,0,0,0
2018,1084,0,0,0,0,0,0,0,0,0,0,3479,16151,362,1588,0,0,0,0,0,0,0,0
2018,1113,0,0,0,0,0,0,0,0,0,0,83,312,0,0,0,0,0,0,0,0,0,0
2018,1137,0,0,0,0,0,0,0,0,0,0,0,0,0,0,0,0,0,0,0,0,0,0
2018,1142,0,0,0,0,0,0,0,0,0,0,718,26686,0,0,0,0,30,3874,0,0,0,0
2018,722,5673,5709,0,0,1347,24362,0,0,13,34,15673,74360,759,3167,508,3277,93,10497,0,0,62,22436
2018,660,0,1451,0,0,0,0,0,0,0,0,1474,25588,0,0,0,0,73,7939,0,0,0,0
2018,75,0,0,0,0,0,0,0,0,0,0,0,0,0,0,528,6820,0,0,0,0,0,0
2018,249,58,52,0,0,0,0,0,0,0,0,221,3922,0,0,0,0,0,0,0,0,0,0
2018,227,217,219,0,0,0,0,0,0,0,0,0,0,0,0,0,0,0,0,0,0,0,0
2018,150,0,0,0,0,0,0,0,0,0,0,39,83,2,39,0,0,0,0,0,0,0,0
2018,47,0,0,0,0,0,0,0,0,0,0,0,0,0,0,0,0,0,0,0,0,0,0
2018,172,0,0,0,0,0,0,0,0,0,0,4069,34427,0,0,0,0,0,0,0,0,0,0
2018,581,0,368,0,0,0,0,0,0,0,0,1415,30575,0,0,0,0,0,0,0,0,0,0
2018,120,0,0,0,0,0,0,0,0,0,0,2551,36564,220,7095,0,0,0,0,0,0,0,0
2018,445,0,0,0,0,0,0,0,0,0,0,78,1808,0,0,0,0,0,0,0,0,0,0
2018,471,0,0,0,0,0,0,0,0,0,0,4838,75581,0,0,0,0,0,0,0,0,0,0
2018,53,0,0,0,0,0,0,0,0,0,0,39,1456,0,0,0,0,0,0,0,0,0,0
2018,199,0,0,57,57,0,0,0,0,0,0,2695,65986,283,11365,0,0,0,0,0,0,0,0
2018,575,0,0,0,0,0,0,0,0,0,0,1163,15009,0,0,0,0,0,0,0,0,0,0
2018,528,0,321,0,0,0,0,0,0,0,0,4742,37895,0,0,0,0,0,0,0,0,0,0
2018,631,0,0,0,0,0,0,0,0,0,0,4666,28247,0,0,0,0,40,5809,,,2,744
2018,699,0,2110,0,0,0,0,0,0,0,0,11938,41218,0,0,0,0,0,0,0,0,0,0
2018,823,0,0,0,0,0,0,0,0,0,0,1828,38455,0,0,0,0,0,0,0,0,0,0
2018,849,0,0,0,0,0,0,0,0,0,0,4262,19608,0,0,0,0,0,0,0,0,0,0
2018,869,0,0,0,0,0,0,0,0,0,0,963,15916,0,0,0,0,0,0,0,0,0,0
2018,955,0,0,0,0,0,0,0,0,0,0,0,0,0,0,56,20160,0,0,0,0,0,0
2018,983,0,0,0,0,0,0,0,0,0,0,151,3249,0,0,150,39600,0,0,0,0,0,0
2018,1002,0,0,0,0,0,0,0,0,0,0,68,1632,0,0,0,0,0,0,0,0,0,0
2018,1015,2380,4892,0,0,1179,18312,0,0,1874,1874,9842,90227,0,0,0,0,47,4236,0,0,29,9072
2018,1153,0,228,0,0,0,0,0,0,0,0,0,0,0,0,0,0,0,0,0,0,0,0
2018,51,0,0,0,0,0,0,0,0,0,0,0,0,0,0,0,0,0,0,0,0,0,0
2018,441,0,0,0,0,0,0,0,0,0,0,2355,42393,115,2075,267,4809,0,0,0,0,0,0
2018,327,0,0,0,0,0,0,0,0,0,0,0,0,0,0,0,0,0,0,0,0,0,0
2018,690,471,1907,72,92,509,6337,0,0,102,277,1351,18602,53,395,170,584,89,6893,0,0,0,0
2018,262,72,28,0,0,0,0,0,0,0,0,2799,68398,4,35,8,42,0,0,0,0,0,0
2018,403,0,0,0,0,0,0,0,0,0,0,185,1118,0,0,0,0,0,0,0,0,0,0
2018,312,0,0,0,0,0,0,0,0,0,0,0,0,0,0,0,0,0,0,0,0,0,0
2018,589,0,0,0,0,0,0,0,0,0,0,4133,71839,0,0,0,0,0,0,0,0,0,0
2018,665,0,760,0,0,0,0,0,0,0,0,4219,75945,0,0,0,0,69,5977,0,0,0,0
2018,334,0,0,0,0,0,0,0,0,0,0,15,563,0,0,26,5520,0,0,0,0,0,0
2018,1075,1600,3647,461,637,1557,27175,0,0,248,772,8348,261426,273,3167,625,2389,208,27660,16,2028,25,3358
2018,751,1091,1202,0,0,556,17682,0,0,0,0,3796,237576,0,0,135,5738,79,9840,0,0,0,0
2018,186,49,0,0,0,0,0,0,0,0,0,36,967,0,0,0,0,0,0,0,0,0,0
2018,646,0,62,0,0,0,0,0,0,0,0,980,33318,0,0,0,0,0,0,0,0,0,0
2018,536,0,0,0,0,0,0,0,0,0,0,1050,65808,0,0,0,0,20,3866,0,0,0,0
2018,242,0,0,0,0,0,0,0,0,0,0,560,8425,0,0,0,0,0,0,0,0,0,0
2018,490,0,0,0,0,0,0,0,0,0,0,703,8608,402,3657,28,1509,0,0,0,0,0,0
2018,500,210,22,0,0,217,2993,0,0,0,0,1679,32063,106,478,0,0,0,0,0,0,0,0
2018,206,0,0,0,0,0,0,0,0,0,0,2534,51245,0,0,0,0,0,0,0,0,0,0
2018,58,0,0,0,0,0,0,0,0,0,0,0,0,0,0,0,0,0,0,0,0,0,0
2018,572,0,256,0,0,0,0,0,0,0,0,2912,107433,0,0,0,0,63,9290,0,0,0,0
2018,180,0,0,0,0,0,0,0,0,0,0,760,4491,0,0,0,0,0,0,0,0,0,0
2018,549,0,0,0,0,0,0,0,0,0,0,613,118765,0,0,0,0,36,3485,0,0,0,0
2018,582,0,0,0,0,0,0,0,0,0,0,904,20018,0,0,6,93,46,4000,0,0,0,0
2018,743,1325,910,0,0,0,0,0,0,0,0,10766,198658,361,1500,650,6607,48,7507,0,0,0,0
2018,795,0,0,0,0,0,0,0,0,0,0,1513,10917,0,0,0,0,89,9770,0,0,0,0
2018,269,0,0,0,0,0,0,0,0,0,0,985,9850,124,1240,0,0,0,0,0,0,0,0
2018,634,0,14,133,224,805,16425,0,0,0,0,535,6688,0,0,0,0,105,7697,0,0,0,0
2018,1,0,0,0,0,0,0,0,0,0,0,3124,23989,51,412,0,0,0,0,0,0,0,0
2018,717,0,223,0,0,0,0,0,0,0,0,742,29864,0,0,0,0,31,4866,0,0,9,3285
2018,373,0,0,0,0,0,0,0,0,0,0,489,8797,0,0,0,0,0,0,0,0,0,0
2018,535,0,630,0,0,0,0,0,0,0,0,4012,64722,0,0,0,0,40,4889,0,0,0,0
2018,824,3779,5455,643,643,1632,32505,0,0,455,1027,8720,276883,737,13111,530,19744,88,14018,4,1145,112,40836
2018,888,0,100,0,0,0,0,0,0,0,0,117,908,0,0,312,2016,33,4773,0,0,0,0
2018,902,0,0,0,0,0,0,0,0,0,0,230,3603,0,0,0,0,0,0,0,0,0,0
2018,968,0,0,0,0,0,0,0,0,0,0,0,0,0,0,0,0,0,0,0,0,0,0
2018,1130,0,0,0,0,0,0,0,0,0,0,38,1248,0,0,0,0,0,0,0,0,0,0
2018,1141,0,0,0,0,0,0,0,0,0,0,0,0,0,0,0,0,0,0,0,0,0,0
2018,1145,0,0,0,0,0,0,0,0,0,0,183,2030,0,0,160,1984,0,0,0,0,0,0
2018,1122,0,0,0,0,0,0,0,0,0,0,0,0,0,0,0,0,0,0,0,0,0,0
2018,1133,0,0,0,0,0,0,0,0,0,0,0,0,0,0,0,0,0,0,0,0,0,0
2018,346,0,0,0,0,0,0,0,0,0,0,195,9165,1,9,347,66568,0,0,0,0,0,0
2018,27,0,0,0,0,0,0,0,0,0,0,0,0,0,0,0,0,0,0,0,0,0,0
2018,165,0,0,0,0,0,0,0,0,0,0,1259,23401,14,370,13,39,0,0,0,0,0,0
2018,956,0,1437,0,0,0,0,0,0,618,6864,8208,116899,0,0,0,0,84,11912,1,156,11,8587
2018,413,0,0,0,0,0,0,0,0,0,0,0,0,0,0,0,0,0,0,0,0,0,0
2018,149,0,0,0,0,0,0,0,0,0,0,770,23695,0,0,0,0,0,0,0,0,0,0
2018,612,580,103,0,0,0,0,0,0,0,0,2223,47905,0,0,0,0,0,0,0,0,0,0
2018,559,0,0,0,0,0,0,0,0,0,0,913,15063,0,0,0,0,0,0,0,0,0,0
2018,7,0,0,0,0,0,0,0,0,0,0,142,733,0,0,0,0,0,0,0,0,0,0
2018,283,129,401,33,35,460,7394,0,0,0,0,2416,64524,0,0,21,1059,0,0,0,0,0,0
2018,37,0,0,0,0,0,0,0,0,0,0,0,0,0,0,0,0,0,0,0,0,0,0
2018,153,190,9,0,0,0,0,0,0,0,0,2563,46271,9,14,0,0,0,0,0,0,0,0
2018,547,0,0,0,0,0,0,0,0,0,0,2100,57314,0,0,94,3103,144,771,0,0,0,0
2018,397,0,0,0,0,0,0,0,0,0,0,450,5989,284,1035,393,5751,0,0,0,0,0,0
2018,556,0,0,0,0,0,0,0,0,0,0,993,113383,0,0,32,2541,62,4984,0,0,0,0
2018,42,0,0,0,0,0,0,0,0,0,0,0,0,0,0,0,0,0,0,0,0,0,0
2018,31,0,0,0,0,0,0,0,0,0,0,559,11226,13,351,20,472,0,0,0,0,0,0
2018,740,2495,3306,166,224,0,0,0,0,0,0,15445,107835,1733,6191,2121,9798,1052,12862,2703,33545,550,15547
2018,217,0,0,0,0,0,0,0,0,0,0,2423,20678,10,178,0,0,27,101,0,0,0,0
2018,863,0,0,0,0,0,0,0,0,0,0,833,16479,0,0,0,0,0,0,0,0,0,0
2018,889,3603,4629,191,288,1944,31308,0,0,405,512,9592,80325,604,5917,765,8927,103,8314,3,587,88,31473
2018,984,0,0,0,0,0,0,0,0,0,0,1865,46706,0,0,0,0,42,347,0,0,0,0
2018,1106,0,0,0,0,0,0,0,0,0,0,1618,33684,0,0,0,0,0,0,0,0,0,0
2018,1146,0,0,0,0,0,0,0,0,0,0,0,0,0,0,0,0,0,0,0,0,0,0
2018,34,0,0,0,0,0,0,0,0,0,0,167,9310,0,0,146,4646,0,0,0,0,0,0
2018,791,0,0,0,0,0,0,0,0,0,0,4117,75453,0,0,0,0,0,0,0,0,0,0
2018,181,0,0,0,0,0,0,0,0,0,0,129,10284,538,17747,71,3845,0,0,0,0,0,0
2018,430,0,0,0,0,0,0,0,0,0,0,231,1617,0,0,0,0,0,0,0,0,0,0
2018,715,29,967,242,288,348,6607,0,0,0,0,4193,76602,392,4644,195,6120,112,10766,0,0,19,3238
2018,521,0,0,0,0,0,0,0,0,0,0,1706,30919,0,0,0,0,0,0,0,0,0,0
2018,524,183,77,42,46,0,0,0,0,0,0,10604,162321,2,2,0,0,9,684,0,0,0,0
2018,432,0,0,0,0,0,0,0,0,0,0,2389,31721,0,0,0,0,0,0,0,0,0,0
2018,19,0,0,0,0,0,0,0,0,0,0,0,0,0,0,0,0,0,0,0,0,0,0
2018,25,0,0,0,0,0,0,0,0,0,0,0,0,0,0,0,0,0,0,0,0,0,0
2018,26,0,0,0,0,0,0,0,0,0,0,33,299,0,0,34,299,0,0,0,0,0,0
2018,890,454,1301,0,0,0,0,0,0,0,0,0,0,0,0,0,0,102,13426,0,0,30,1568
2018,904,0,0,0,0,0,0,0,0,0,0,142,288884,0,0,0,0,0,0,0,0,0,0
2018,957,2992,5605,0,0,2056,41536,0,0,250,1049,8161,187576,768,10584,807,16542,628,15763,0,0,51,6382
2018,939,3556,3291,0,0,1237,20982,0,0,68,430,10585,234416,803,4499,5409,5409,147,18339,1,231,20,6448
2018,236,0,0,0,0,0,0,0,0,0,0,2110,38841,0,0,0,0,0,0,0,0,0,0
2018,735,1934,5265,67,79,1276,21384,0,0,269,1374,5392,91446,471,6708,636,9834,55,5423,0,0,36,7956
2018,146,0,0,0,0,0,0,0,0,0,0,982,8823,0,0,0,0,0,0,0,0,0,0
2018,363,67,245,0,0,0,0,0,0,0,0,2270,62547,20,214,0,0,0,0,0,0,0,0
2018,187,117,43,0,0,0,0,0,0,0,0,4117,36224,71,249,68,319,122,15910,0,0,0,0
2018,265,0,0,0,0,0,0,0,0,0,0,0,0,0,0,0,0,0,0,0,0,0,0
2018,295,0,47,0,0,0,0,0,0,0,0,297,3358,0,0,0,0,0,0,0,0,0,0
2018,496,858,207,0,0,0,0,0,0,0,0,4789,41409,0,0,0,0,422,16414,0,0,0,0
2018,77,0,0,0,0,0,0,0,0,0,0,495,4743,0,0,0,0,0,0,0,0,0,0
2018,391,0,0,110,119,0,0,0,0,0,0,0,0,0,0,0,0,0,0,0,0,0,0
2018,240,0,0,0,0,0,0,0,0,0,0,2679,53706,0,0,0,0,277,23298,0,0,0,0
2018,448,0,0,0,0,0,0,0,0,0,0,1299,22925,107,1118,0,0,11,1326,0,0,0,0
2018,151,0,0,0,0,0,0,0,0,0,0,105,9062,0,0,0,0,0,0,0,0,0,0
2018,425,0,0,0,0,0,0,0,0,0,0,495,11205,0,0,0,0,122,1487,0,0,0,0
2018,300,0,31,0,0,0,0,0,0,0,0,2781,29411,73,157,0,0,0,0,0,0,0,0
2018,339,1333,613,0,0,0,0,0,0,0,0,603,1927,0,0,0,0,28,156,0,0,0,0
2018,874,0,0,0,0,0,0,0,0,0,0,1582,24687,0,0,0,0,57,9164,0,0,0,0
2018,905,2016,629,120,167,787,16970,0,0,0,0,3138,111323,349,2618,111,1693,463,8701,0,0,60,8689
2018,1123,0,27,0,0,0,0,0,0,0,0,0,0,0,0,0,0,0,0,0,0,0,0
2018,736,2107,10365,157,175,1422,25840,0,0,386,613,5726,103071,757,8325,379,6830,102,8915,0,0,9,1918
2018,459,0,0,0,0,0,0,0,0,0,0,1922,60189,0,0,0,0,0,0,0,0,0,0
2018,320,0,0,0,0,0,0,0,0,0,0,3312,25909,24,475,1129,15489,0,0,0,0,0,0
2018,45,0,0,0,0,0,0,0,0,0,0,0,0,0,0,0,0,0,0,0,0,0,0
2018,618,0,0,0,0,0,0,0,0,0,0,935,140656,55,514,146,5349,0,0,0,0,0,0
2018,463,0,193,0,0,0,0,0,0,0,0,1109,33549,278,1825,98,2135,0,0,0,0,0,0
2018,891,0,0,0,0,0,0,0,0,0,0,0,0,0,0,0,0,0,0,0,0,0,0
2018,958,0,1065,0,0,0,0,0,0,0,0,6865,144134,0,0,821,3600,457,5815,12,261,104,2876
2018,244,0,0,0,0,0,0,0,0,0,0,471,8239,45,541,0,0,0,0,0,0,0,0
2018,28,0,0,0,0,0,0,0,0,0,0,40,512,0,0,56,6466,0,0,0,0,0,0
2018,444,0,0,0,0,0,0,0,0,0,0,1288,10215,0,0,0,0,0,0,0,0,0,0
2018,479,0,0,0,0,0,0,0,0,0,0,162,5209,255,8164,334,10355,0,0,0,0,0,0
2018,285,212,0,0,0,0,0,0,0,0,0,1528,20488,33,151,0,0,146,13676,0,0,0,0
2018,253,371,108,0,0,0,0,0,0,0,0,0,0,0,0,0,0,0,0,0,0,0,0
2018,481,60,68,37,39,0,0,0,0,0,0,2477,33439,0,0,0,0,8,38,0,0,0,0
2018,540,396,0,0,0,530,14310,0,0,0,0,0,0,0,0,0,0,0,0,0,0,0,0
2018,332,0,0,0,0,0,0,0,0,0,0,0,0,0,0,0,0,0,0,0,0,0,0
2018,41,0,0,0,0,0,0,0,0,0,0,0,0,0,0,0,0,0,0,0,0,0,0
2018,510,0,0,0,0,0,0,0,0,0,0,0,0,0,0,0,0,0,0,0,0,0,0
2018,305,0,0,0,0,0,0,0,0,0,0,0,0,0,0,0,0,,0,0,0,0,0
2018,708,0,0,0,0,0,0,0,0,0,0,871,10959,0,0,0,0,,0,0,0,0,0
2018,755,3034,1921,609,943,2288,34403,0,0,0,0,11206,202179,422,3285,466,15996,86,12881,0,0,0,0
2018,750,3233,1424,0,0,1144,19783,0,0,0,0,2151,89887,182,6214,158,5754,,20033,0,0,0,0
2018,696,1176,216,252,326,0,0,0,0,0,0,1876,48635,0,0,78,6821,0,0,0,0,0,0
2018,421,0,0,0,0,0,0,0,0,0,0,1289,16784,24,1109,300,3173,0,0,0,0,0,0
2018,827,0,0,0,0,0,0,0,0,0,0,0,0,0,0,75,650,0,0,0,0,0,0
2018,933,0,649,0,0,0,0,0,0,0,0,4203,93676,0,0,0,0,0,0,0,0,0,0
2018,1030,23,0,10,38,0,0,0,0,0,0,59,10176,61,2880,64,4608,0,0,0,0,0,0
2018,1003,0,0,0,0,0,0,0,0,0,0,1395,10520,0,0,0,0,,0,0,0,0,0
2018,1050,0,0,0,0,0,0,0,0,0,0,338,2776,0,0,0,0,,0,0,0,0,0
2018,1043,187,0,0,0,0,0,0,0,0,0,948,18208,103,939,0,0,0,0,0,0,0,0
2018,1128,0,0,0,0,0,0,0,0,0,0,1725,12303,0,0,0,0,,0,0,0,0,0
2018,1125,0,0,0,0,0,0,0,0,0,0,384,384,0,0,107,2140,0,0,0,0,0,0
2018,1135,0,0,0,0,0,0,0,0,0,0,1056,7428,0,0,0,0,,0,0,0,0,0
2018,934,0,281,0,0,0,0,0,0,0,0,11162,147975,0,0,693,5638,53,7737,0,0,1,381
2018,629,2048,1020,0,0,0,0,0,0,0,0,2885,43428,190,2538,238,4050,331,4448,0,0,21,1946
2018,21,0,0,0,0,0,0,0,0,0,0,0,0,0,0,0,0,0,0,0,0,0,0
2018,615,0,3,0,0,0,0,0,0,0,0,3299,56023,79,907,126,2155,0,0,0,0,0,0
2018,626,0,0,0,0,0,0,0,0,0,0,2391,15714,0,0,0,0,0,0,0,0,0,0
2018,417,0,0,0,0,0,0,0,0,0,0,830,24866,0,0,0,0,0,0,0,0,0,0
2018,597,0,0,0,0,0,0,0,0,0,0,1168,37908,28,315,0,0,0,0,0,0,0,0
2018,539,0,0,0,0,1766,30896,0,0,0,0,3586,86009,124,1575,0,0,0,0,0,0,0,0
2018,343,0,0,0,0,0,0,0,0,0,0,1706,32830,0,0,0,0,0,0,0,0,0,0
2018,135,0,0,0,0,0,0,0,0,0,0,201,4914,0,0,0,0,0,0,0,0,0,0
2018,158,0,0,0,0,0,0,0,0,0,0,582,19159,0,0,2123,77046,0,0,0,0,0,0
2018,775,0,1103,0,0,0,0,0,0,0,0,1156,25377,66,1492,149,2520,0,0,0,0,0,0
2018,177,0,0,0,0,0,0,0,0,0,0,306,8806,0,0,0,0,220,23216,0,0,0,0
2018,578,0,0,0,0,0,0,0,0,0,0,766,11709,0,0,0,0,0,0,0,0,0,0
2018,416,0,0,0,0,0,0,0,0,0,0,3062,16919,336,683,336,25536,0,0,0,0,0,0
2018,561,0,0,0,0,0,0,0,0,0,0,2200,45823,84,1198,28,528,65,5605,0,0,0,0
2018,62,0,0,0,0,0,0,0,0,0,0,0,0,0,0,0,0,0,0,0,0,0,0
2018,828,0,0,0,0,0,0,0,0,0,0,204,19150,0,0,173,9360,0,0,0,0,0,0
2018,860,0,0,0,0,0,0,0,0,0,0,2810,53214,198,3512,1,1,0,0,0,0,0,0
2018,935,0,0,0,0,0,0,0,0,0,0,257,5091,0,0,159,1432,0,0,0,0,0,0
2018,936,0,0,0,0,0,0,0,0,0,0,193,405,0,0,245,465,0,0,0,0,0,0
2018,986,0,0,0,0,0,0,0,0,0,0,0,0,0,0,0,0,0,0,0,0,0,0
2018,987,0,1,0,0,0,0,0,0,0,0,3714,57773,82,1190,165,2813,0,0,0,0,0,0
2018,1021,0,0,0,0,0,0,0,0,0,0,132,10332,0,0,72,4908,0,0,0,0,0,0
2018,1085,0,0,0,0,0,0,0,0,0,0,313,7253,0,0,0,0,0,0,0,0,0,0
2018,658,0,468,0,0,0,0,0,0,0,0,1500,20182,0,0,0,0,508,6333,14,168,49,1435
2018,353,0,0,0,0,0,0,0,0,0,0,1053,5172,374,1948,588,3170,0,0,0,0,0,0
2018,323,0,0,0,0,0,0,0,0,0,0,0,0,0,0,62,4682,0,0,0,0,0,0
2018,620,0,91,0,0,0,0,0,0,0,0,2693,56635,0,0,0,0,0,0,0,0,0,0
2018,384,0,0,0,0,0,0,0,0,0,0,2701,44123,195,1291,1819,21344,0,0,0,0,0,0
2018,554,0,155,0,0,0,0,0,0,0,0,4268,68817,0,0,331,4729,0,0,0,0,0,0
2018,209,0,0,0,0,0,0,0,0,0,0,0,0,0,0,0,0,0,0,0,0,0,0
2018,707,4210,2143,520,990,0,0,0,0,0,0,15307,322880,1892,11622,1078,17227,1319,13121,0,0,0,0
2018,395,0,11,0,0,0,0,0,0,0,0,1351,25906,0,0,0,0,0,0,0,0,0,0
2018,969,0,0,0,0,0,0,0,0,0,0,2505,75250,0,0,0,0,0,0,0,0,0,0
2018,1052,0,0,0,0,0,0,0,0,0,0,0,0,0,0,89,260,0,0,0,0,0,0
2018,739,1749,5926,314,940,2010,18073,0,0,362,487,24062,490626,523,3297,3097,14107,114,8068,3,1080,60,19440
2018,613,808,2890,573,723,0,0,0,0,0,0,4210,86037,0,0,0,0,1127,9420,20,4046,71,16596
2018,593,0,2426,0,0,0,0,0,0,0,0,39342,360279,0,0,0,0,0,0,0,0,0,0
2018,704,12536,3081,0,0,1053,20889,0,0,0,0,1689,248762,281,2374,38,551,87,6813,6,1560,57,14820
2018,686,1474,2644,0,0,1382,20236,0,0,0,0,3016,130698,277,3715,158,4175,1036,7657,152,495,423,936
2018,257,100,150,309,420,0,0,0,0,0,0,0,0,0,0,0,0,97,8758,0,0,0,0
2018,494,0,0,0,0,0,0,0,0,0,0,0,0,0,0,0,0,0,0,0,0,0,0
2018,681,0,2429,0,0,1695,23848,0,0,305,305,312,1911,0,0,0,0,2,11,0,0,0,0
2018,286,49,0,174,174,2735,13675,0,0,198,750,68,3685,0,0,0,0,92,13780,0,0,0,0
2018,255,236,88,0,0,0,0,0,0,0,0,1997,32854,66,597,0,0,0,0,0,0,0,0
2018,79,0,0,0,0,0,0,0,0,0,0,0,0,0,0,0,0,0,0,0,0,0,0
2018,81,0,0,0,0,0,0,0,0,0,0,0,0,0,0,0,0,0,0,0,0,0,0
2018,688,0,1169,0,0,0,0,0,0,0,0,9083,286996,0,0,0,0,45,7030,0,0,13,5000
2018,531,0,1681,0,0,0,0,0,0,0,0,8057,96465,0,0,0,0,58,8178,27,9855,32,5760
2018,514,0,0,0,0,0,0,0,0,0,0,1607,82279,0,0,0,0,0,0,0,0,0,0
2018,499,0,675,0,0,0,0,0,0,0,0,638,12592,42,1131,23,748,0,0,0,0,0,0
2018,532,0,501,0,0,0,0,0,0,0,0,6601,103290,0,0,0,0,0,0,0,0,0,0
2018,190,0,0,0,0,0,0,0,0,0,0,2827,21243,381,3076,724,5801,0,0,0,0,0,0
2018,598,0,136,0,0,0,0,0,0,0,0,4433,138047,0,0,0,0,0,0,0,0,0,0
2018,260,542,15568,0,0,0,0,0,0,0,0,0,0,0,0,0,0,12,54,0,0,0,0
2018,838,0,0,0,0,0,0,0,0,0,0,720,7924,0,0,0,0,0,0,0,0,0,0
2018,839,0,0,0,0,0,0,0,0,0,0,134,4276,84,2675,117,3743,0,0,0,0,0,0
2018,851,0,0,0,0,0,0,0,0,0,0,0,0,0,0,0,0,0,0,0,0,0,0
2018,852,1568,2167,462,622,1568,23202,0,0,375,969,20187,118551,926,3760,0,0,196,20187,0,0,28,40880
2018,988,0,0,0,0,0,0,0,0,0,0,624,37680,190,4483,503,12258,0,0,0,0,0,0
2018,1056,521,1257,57,84,0,0,0,0,0,0,1449,18484,466,4809,0,0,227,23030,0,0,0,0
2018,1044,0,0,0,0,0,0,0,0,0,0,0,0,0,0,0,0,0,0,0,0,0,0
2018,1114,0,19,0,0,0,0,0,0,0,0,8004,73298,0,0,0,0,0,0,0,0,0,0
2018,1129,133,184,0,0,0,0,0,0,0,0,1695,22183,10,70,0,0,0,0,0,0,0,0
2018,644,0,3344,0,0,0,0,0,0,0,0,21007,322739,249,1601,0,0,58,7368,0,0,0,0
2018,752,8570,3820,0,0,1535,31336,0,0,263,543,11440,461186,0,0,889,18061,40,6027,0,0,12,4054
2018,238,0,0,0,0,0,0,0,0,0,0,0,0,0,0,0,0,0,0,0,0,0,0
2018,325,0,0,0,0,0,0,0,0,0,0,358,6651,176,5704,154,5093,0,0,0,0,0,0
2018,622,0,332,0,0,0,0,0,0,0,0,7022,53303,0,0,0,0,0,0,0,0,0,0
2018,879,0,0,0,0,0,0,0,0,0,0,3818,28116,33,330,0,0,0,0,0,0,0,0
2018,906,519,310,0,0,383,6606,0,0,0,0,0,0,0,0,0,0,0,0,0,0,0,0
2018,370,0,112,0,0,0,0,0,0,0,0,0,0,0,0,0,0,0,0,0,0,0,0
2018,418,0,0,40,127,0,0,0,0,0,0,272,19912,0,0,0,0,0,0,0,0,0,0
2018,574,0,0,0,0,0,0,0,0,0,0,1371,37685,0,0,0,0,0,0,0,0,0,0
2018,399,0,0,0,0,0,0,0,0,0,0,0,0,0,0,0,0,0,0,0,0,0,0
2018,195,0,0,0,0,0,0,0,0,0,0,0,0,0,0,0,0,0,0,0,0,0,0
2018,783,1603,3209,0,0,1823,30675,0,0,4,23,0,0,0,0,0,0,0,0,0,0,0,0
2018,263,0,0,0,0,0,0,0,0,0,0,1273,24243,0,0,0,0,0,0,0,0,0,0
2018,194,0,0,0,0,0,0,0,0,0,0,0,0,0,0,0,0,0,0,0,0,0,0
2018,214,0,0,0,0,0,0,0,0,0,0,0,0,0,0,0,0,0,0,0,0,0,0
2018,785,0,5125,0,0,1356,40474,0,0,123,331,0,0,0,0,0,0,0,0,0,0,0,0
2018,780,0,597,0,0,0,0,0,0,0,0,0,0,0,0,0,0,0,0,0,0,0,0
2018,782,840,1879,44,45,0,0,0,0,0,0,0,0,0,0,0,0,181,12730,0,0,0,0
2018,369,0,0,0,0,0,0,0,0,0,0,0,0,0,0,0,0,0,0,0,0,0,0
2018,713,0,0,0,0,0,0,0,0,0,0,0,0,0,0,0,0,0,0,0,0,0,0
2018,941,0,0,0,0,0,0,0,0,0,0,0,0,0,0,0,0,0,0,0,0,0,0
2018,1091,0,0,0,0,0,0,0,0,0,0,0,0,0,0,0,0,0,0,0,0,0,0
2018,1045,24,7,0,0,48,763,0,0,0,0,852,852,0,0,0,0,0,0,0,0,0,0
2018,1086,0,0,0,0,968,8042,0,0,0,0,0,0,0,0,0,0,0,0,0,0,0,0
2018,1149,0,635,0,0,0,0,0,0,0,0,0,0,0,0,0,0,0,0,0,0,0,0
2018,937,0,1507,0,0,325,6120,0,0,0,0,1553,81209,258,3203,112,2230,103,16693,0,0,8,2721
2018,1004,0,0,0,0,0,0,0,0,0,0,1200,14866,144,3171,0,0,0,0,0,0,0,0
2018,737,1275,995,658,658,854,23424,0,0,59,120,5059,225808,276,3728,224,8731,72,11287,0,0,32,7200
2018,765,2398,1943,0,0,902,19865,0,0,381,3449,17793,126849,1304,6799,3558,23044,76,11987,0,0,29,10241
2018,329,0,219,0,0,0,0,0,0,0,0,801,14431,0,0,0,0,0,0,0,0,0,0
2018,87,0,0,0,0,0,0,0,0,0,0,87,2546,0,0,138,5753,0,0,0,0,0,0
2018,527,0,422,0,0,0,0,0,0,0,0,2847,56409,0,0,2453,4800,0,0,0,0,0,0
2018,562,8,0,0,0,0,0,0,0,0,0,2713,70564,0,0,380,7920,0,0,0,0,0,0
2018,251,931,141,0,0,0,0,0,0,0,0,1471,23521,0,0,0,0,0,0,0,0,0,0
2018,129,0,0,0,0,0,0,0,0,0,0,98,7531,0,0,0,0,0,0,0,0,0,0
2018,154,0,0,0,0,0,0,0,0,0,0,1514,16705,0,0,203,2086,182,18181,0,0,0,0
2018,516,183,0,0,0,545,11036,0,0,0,0,8754,69385,0,0,0,0,0,0,0,0,0,0
2018,184,0,0,0,0,0,0,0,0,0,0,855,9506,0,0,0,0,0,0,0,0,0,0
2018,652,0,0,0,0,0,0,0,0,0,0,2895,45455,0,0,0,0,14,1795,0,0,0,0
2018,637,0,82,0,0,0,0,0,0,0,0,732,49900,0,0,0,0,332,4005,0,0,0,0
2018,88,0,0,0,0,0,0,0,0,0,0,0,0,0,0,0,0,0,0,0,0,0,0
2018,907,0,0,0,0,0,0,0,0,0,0,0,0,0,0,0,0,0,0,0,0,0,0
2018,970,0,0,0,0,0,0,0,0,0,0,0,0,0,0,0,0,0,0,0,0,0,0
2018,1019,0,0,0,0,0,0,0,0,0,0,358,8668,0,0,0,0,0,0,0,0,0,0
2018,1016,45,11,0,0,0,0,0,0,0,0,396,7799,0,0,0,0,0,0,0,0,0,0
2018,1047,0,0,0,0,0,0,0,0,0,0,471,8484,0,0,0,0,0,0,0,0,0,0
2018,635,0,196,0,0,0,0,0,0,0,0,2564,46548,0,0,0,0,61,8814,0,0,0,0
