Año,NCODI,pacienteTot_med,sesionTot_med,pacienteTot_psiquia,sesionTot_psiquia,pacienteTot_geria,sesionTot_geria
2019,113,0,0,541,11148,0,0
2019,619,368,653,0,0,0,0
2019,163,0,0,0,0,0,0
2019,131,0,0,0,0,0,0
2019,375,0,0,0,0,0,0
2019,1090,15082,55543,0,0,0,0
2019,764,2604,14723,259,16741,71,150
2019,14,606,721,0,0,0,0
2019,657,540,4009,0,0,0,0
2019,362,0,0,0,0,0,0
2019,989,357,1578,0,0,0,0
2019,990,331,2779,0,0,0,0
2019,680,38478,58604,0,0,0,0
2019,411,268,2076,0,0,0,0
2019,241,183,818,0,0,0,0
2019,558,4726,43772,0,0,0,0
2019,248,501,1242,0,0,0,0
2019,224,0,0,0,0,0,0
2019,591,3933,35755,77,2975,0,0
2019,586,18033,57242,675,2254,0,0
2019,453,336,2339,0,0,0,0
2019,145,0,0,0,0,0,0
2019,511,19663,21289,0,0,0,0
2019,530,4518,32425,0,0,0,0
2019,6,0,0,0,0,0,0
2019,161,0,0,0,0,0,0
2019,623,2810,12643,0,0,0,0
2019,349,0,0,0,0,0,0
2019,875,382,1018,0,0,0,0
2019,946,0,0,0,0,0,0
2019,1023,5906,39863,0,0,0,0
2019,1054,1580,10042,0,0,0,0
2019,1057,0,0,0,0,0,0
2019,1031,61,5302,0,0,0,0
2019,1032,5838,27201,0,0,0,0
2019,1064,0,0,0,0,0,0
2019,226,0,0,0,0,0,0
2019,687,744,5955,22,1724,,
2019,745,5327,42619,1397,38134,,
2019,109,0,0,0,0,0,0
2019,808,1623,12986,65,8432,,
2019,971,423,3386,0,0,,
2019,128,45,89,0,0,0,0
2019,919,1239,12731,201,1461,0,0
2019,1150,0,0,0,0,0,0
2019,725,3300,16989,0,0,0,0
2019,3,0,0,0,0,0,0
2019,306,0,0,0,0,0,0
2019,15,0,0,0,0,0,0
2019,264,0,0,0,0,0,0
2019,867,0,0,0,0,0,0
2019,910,918,15615,0,0,0,0
2019,1053,861,6673,0,0,0,0
2019,1055,12251,26684,0,0,0,0
2019,1081,0,0,0,0,0,0
2019,1115,0,0,0,0,0,0
2019,529,0,0,0,0,108,6218
2019,345,0,0,0,0,0,0
2019,515,0,0,0,0,0,0
2019,174,0,0,0,0,0,0
2019,523,0,0,0,0,194,6514
2019,697,709,1984,0,0,0,0
2019,239,158,229,0,0,0,0
2019,287,0,0,0,0,38,10169
2019,377,0,0,0,0,0,0
2019,692,4669,9542,214,2655,0,0
2019,435,0,0,0,0,0,0
2019,423,35,164,0,0,0,0
2019,351,0,0,0,0,0,0
2019,810,0,0,0,0,0,0
2019,830,5558,10306,3,48,0,0
2019,892,3826,31402,102,4377,0,0
2019,921,2223,2223,0,0,0,0
2019,991,92,346,0,0,0,0
2019,992,595,6563,155,2272,0,0
2019,993,8769,21014,22,1648,0,0
2019,1070,4552,16780,127,4506,0,0
2019,1095,0,0,0,0,0,0
2019,1094,0,0,0,0,0,0
2019,1124,0,0,0,0,0,0
2019,473,2184,4302,0,0,0,0
2019,663,9331,39812,111,1431,0,0
2019,552,1441,8128,0,0,0,0
2019,772,30691,117741,250,3650,208,9585
2019,568,0,0,0,0,0,0
2019,398,0,0,0,0,0,0
2019,394,0,0,0,0,0,0
2019,614,0,0,0,0,0,0
2019,235,0,0,0,0,0,0
2019,616,3155,9055,0,0,0,0
2019,267,900,1349,0,0,0,0
2019,565,1563,3606,296,4636,0,0
2019,220,63,573,0,0,0,0
2019,278,0,0,0,0,0,0
2019,107,0,0,86,3913,147,12751
2019,711,22097,81862,1452,15505,0,0
2019,204,0,0,0,0,38,4843
2019,579,0,0,0,0,0,0
2019,348,552,16278,0,0,0,0
2019,766,1032,4561,0,0,0,0
2019,761,0,0,15,1089,134,10801
2019,728,1606,6381,40,1517,0,0
2019,280,489,3861,0,0,0,0
2019,222,77,521,0,0,0,0
2019,276,1079,8190,0,0,0,0
2019,11,495,1261,0,0,0,0
2019,302,0,0,0,0,0,0
2019,682,4378,12130,0,0,0,0
2019,279,398,3444,0,0,0,0
2019,282,1418,6089,0,0,0,0
2019,281,480,7366,0,0,0,0
2019,183,0,0,0,0,0,0
2019,610,0,0,0,0,0,0
2019,116,0,0,0,0,202,4651
2019,115,0,0,0,0,0,0
2019,114,0,0,0,0,0,0
2019,119,0,0,0,0,0,0
2019,770,9316,23611,42,1803,0,0
2019,583,116,8804,0,0,0,0
2019,136,0,0,0,0,274,11852
2019,469,1840,6440,0,0,26,3490
2019,642,282,1998,0,0,138,4986
2019,674,2288,13993,433,12039,0,0
2019,193,0,0,0,0,77,4183
2019,526,6132,24311,0,0,102,4538
2019,698,5667,29743,31,1177,0,0
2019,630,2385,6638,0,0,0,0
2019,124,0,0,0,0,274,8199
2019,364,0,0,0,0,208,8742
2019,439,70,305,0,0,0,0
2019,570,7153,31077,209,5100,0,0
2019,123,0,0,0,0,297,14664
2019,310,0,0,255,12903,167,13311
2019,571,2041,8813,0,0,0,0
2019,296,0,0,0,0,71,5584
2019,566,5845,19557,168,2870,0,0
2019,784,10408,52645,403,8081,767,3299
2019,102,0,0,106,3671,63,5039
2019,379,0,0,452,24677,0,0
2019,639,4342,14988,0,0,0,0
2019,457,1747,1787,0,0,0,0
2019,609,251,2074,1,41,0,0
2019,101,0,0,0,0,78,4041
2019,454,2752,9427,0,0,0,0
2019,318,0,0,60,3627,72,5833
2019,600,3815,13663,0,0,0,0
2019,545,7202,24071,80,4966,164,9884
2019,100,0,0,0,0,161,8351
2019,702,3063,13752,106,5972,0,0
2019,778,1980,9709,122,3844,0,0
2019,341,0,0,0,0,0,0
2019,99,0,0,0,0,543,9290
2019,767,2877,8413,0,0,0,0
2019,359,0,0,0,0,944,6474
2019,98,0,0,0,0,60,5759
2019,132,0,0,0,0,0,0
2019,97,0,0,0,0,75,6824
2019,103,0,0,0,0,936,7183
2019,110,0,0,0,0,0,0
2019,94,0,0,0,0,0,0
2019,91,0,0,0,0,144,5062
2019,664,5829,26458,155,5191,0,0
2019,918,21496,123753,0,0,0,0
2019,92,0,0,0,0,0,0
2019,95,0,0,0,0,33,5021
2019,301,0,0,0,0,0,0
2019,492,2194,5967,0,0,0,0
2019,811,110,394,0,0,0,0
2019,812,7004,69340,0,0,0,0
2019,832,0,0,0,0,0,0
2019,841,0,0,0,0,40,8135
2019,856,0,0,0,0,47,4462
2019,859,0,0,12,1103,0,0
2019,861,0,0,0,0,0,0
2019,880,0,0,0,0,167,9112
2019,883,0,0,65,4421,0,0
2019,884,0,0,0,0,65,6499
2019,877,0,0,0,0,0,0
2019,911,0,0,0,0,329,8316
2019,913,0,0,192,4091,0,0
2019,922,0,0,0,0,0,0
2019,923,0,0,0,0,0,0
2019,924,2453,32599,0,0,0,0
2019,947,0,0,0,0,0,0
2019,951,0,0,0,0,30,2560
2019,1103,0,0,0,0,330,7809
2019,972,0,0,0,0,0,0
2019,973,0,0,0,0,0,0
2019,974,0,0,0,0,0,0
2019,975,0,0,0,0,51,5816
2019,960,0,0,0,0,215,7386
2019,1028,0,0,0,0,0,0
2019,976,0,0,43,2773,170,7512
2019,977,0,0,0,0,0,0
2019,1020,0,0,164,7473,0,0
2019,994,3134,12236,0,0,0,0
2019,995,0,0,0,0,63,6130
2019,1060,0,0,196,11275,0,0
2019,1005,0,0,0,0,0,0
2019,1061,0,0,0,0,0,0
2019,1062,0,0,0,0,0,0
2019,1006,0,0,90,4738,0,0
2019,1088,0,0,0,0,0,0
2019,1089,91,518,0,0,0,0
2019,1076,0,0,0,0,0,0
2019,1078,0,0,0,0,0,0
2019,1033,8621,42666,0,0,0,0
2019,1035,0,0,0,0,0,0
2019,1037,0,0,171,6582,0,0
2019,1039,0,0,65,4857,0,0
2019,1067,0,0,0,0,110,11814
2019,1065,0,0,0,0,0,0
2019,1066,175,1447,0,0,0,0
2019,1100,0,0,0,0,215,5844
2019,1105,0,0,0,0,0,0
2019,1107,0,0,0,0,0,0
2019,1111,0,0,34,1258,0,0
2019,1121,0,0,0,0,0,0
2019,1119,0,0,0,0,0,0
2019,207,24,134,0,0,0,0
2019,431,52,52,0,0,0,0
2019,387,689,3194,0,0,0,0
2019,179,0,0,0,0,0,0
2019,606,4249,5467,0,0,0,0
2019,925,4391,39523,398,15544,0,0
2019,541,146,1745,0,0,0,0
2019,797,516,2097,0,0,0,0
2019,627,3926,5962,0,0,0,0
2019,173,0,0,11,2131,0,0
2019,636,1490,12644,0,0,190,4788
2019,205,0,0,0,0,0,0
2019,814,0,0,0,0,0,0
2019,881,70,1200,0,0,0,0
2019,771,2293,18344,0,0,,
2019,533,377,426,0,0,0,0
2019,447,142,632,0,0,0,0
2019,815,0,0,0,0,0,0
2019,801,1271,10166,19,1216,,
2019,800,0,0,0,0,0,0
2019,389,128,165,0,0,0,0
2019,695,2552,20414,58,1532,,
2019,1157,0,0,0,0,,
2019,816,273,2095,0,0,0,0
2019,833,2609,3850,0,0,0,0
2019,870,381,2451,0,0,0,0
2019,927,57,148,0,0,0,0
2019,961,1865,14916,239,2482,,
2019,962,0,0,0,0,0,0
2019,1079,0,0,0,0,0,0
2019,1101,802,964,0,0,0,0
2019,666,1043,10696,0,0,0,0
2019,392,0,0,0,0,0,0
2019,790,2191,19809,206,21510,0,0
2019,650,827,4136,0,0,0,0
2019,876,1140,4100,0,0,0,0
2019,944,0,0,0,0,0,0
2019,952,554,6169,0,0,0,0
2019,54,0,0,26,9490,0,0
2019,367,487,1432,0,0,0,0
2019,538,2296,14001,100,3597,0,0
2019,557,2260,4124,0,0,0,0
2019,653,484,3889,0,0,0,0
2019,647,816,1296,0,0,0,0
2019,978,4379,6630,1904,7643,0,0
2019,996,546,3159,0,0,0,0
2019,729,5178,41424,186,18125,,
2019,182,105,258,0,0,0,0
2019,633,0,0,0,0,0,0
2019,685,815,6518,69,2802,,
2019,683,283,2262,0,0,,
2019,945,498,3984,0,0,,
2019,953,0,0,0,0,0,0
2019,1022,136,1091,0,0,,
2019,1049,123,984,0,0,,
2019,1151,708,708,0,0,0,0
2019,794,38112,59781,3941,4116,0,0
2019,415,512,5387,0,0,0,0
2019,592,0,0,0,0,0,0
2019,497,0,0,0,0,0,0
2019,726,886,8825,157,11920,0,0
2019,272,0,0,0,0,0,0
2019,805,5115,34778,157,13590,0,0
2019,64,0,0,0,0,0,0
2019,842,0,0,0,0,0,0
2019,843,734,2715,0,0,0,0
2019,1127,474,1131,0,0,0,0
2019,1158,119,718,0,0,0,0
2019,803,2863,9733,337,1635,0,0
2019,211,0,0,0,0,0,0
2019,773,3727,8208,0,0,0,0
2019,424,6,74,0,0,0,0
2019,298,73,882,0,0,0,0
2019,594,0,0,0,0,0,0
2019,237,0,0,0,0,50,6071
2019,16,0,0,0,0,0,0
2019,768,1148,2237,0,0,80,5596
2019,617,1135,4109,0,0,0,0
2019,297,0,0,0,0,0,0
2019,105,0,0,0,0,49,2301
2019,544,3099,7007,0,0,55,2799
2019,804,1373,6655,0,0,0,0
2019,104,0,0,161,5159,0,0
2019,20,0,0,0,0,0,0
2019,550,133,1008,0,0,0,0
2019,112,0,0,0,0,74,6169
2019,818,0,0,0,0,19,3315
2019,882,0,0,0,0,53,2835
2019,914,0,0,0,0,173,8520
2019,928,3247,31862,0,0,0,0
2019,964,5342,15991,0,0,0,0
2019,1026,0,0,0,0,56,3650
2019,1068,0,0,0,0,713,13152
2019,1108,386,1178,0,0,0,0
2019,404,0,0,0,0,0,0
2019,270,210,1434,0,0,0,0
2019,676,541,4325,0,0,,
2019,709,857,6853,54,3300,,
2019,754,8145,65157,109,19584,,
2019,997,391,3126,0,0,,
2019,1069,113,901,0,0,,
2019,1118,162,1095,78,1984,0,0
2019,1116,4368,34940,0,0,,
2019,734,1740,11040,60,325,245,1517
2019,299,0,0,0,0,0,0
2019,645,0,0,0,0,0,0
2019,17,0,0,0,0,0,0
2019,1046,0,0,0,0,0,0
2019,420,0,0,0,0,0,0
2019,802,0,0,0,0,0,0
2019,266,1257,1257,0,0,0,0
2019,769,660,6856,0,0,0,0
2019,776,2966,4059,0,0,0,0
2019,640,416,920,0,0,0,0
2019,315,0,0,26,4572,250,49575
2019,40,0,0,0,0,0,0
2019,508,292,292,0,0,0,0
2019,46,0,0,0,0,0,0
2019,590,2916,4324,0,0,0,0
2019,777,849,1565,0,0,0,0
2019,897,11122,48959,0,0,0,0
2019,965,0,0,0,0,0,0
2019,671,274,2194,0,0,,
2019,376,0,0,0,0,0,0
2019,621,496,3965,81,9306,,
2019,793,2855,22842,54,9339,,
2019,1102,218,218,0,0,0,0
2019,1147,0,0,0,0,0,0
2019,712,1057,8410,0,0,0,0
2019,32,0,0,45,3607,0,0
2019,361,0,0,0,0,140,2251
2019,486,0,0,0,0,0,0
2019,595,955,6750,0,0,0,0
2019,433,0,0,0,0,0,0
2019,1058,0,0,0,0,0,0
2019,261,0,0,0,0,0,0
2019,730,699,5592,148,2858,,
2019,577,894,7153,0,0,,
2019,788,1752,14015,193,3156,,
2019,865,610,4880,0,0,,
2019,979,96,766,0,0,,
2019,998,49,394,0,0,,
2019,1072,196,1571,0,0,,
2019,221,0,0,0,0,0,0
2019,506,0,0,0,0,0,0
2019,727,3578,12148,0,0,0,0
2019,355,0,0,0,0,0,0
2019,487,0,0,0,0,0,0
2019,938,11972,32552,82,4100,0,0
2019,835,0,0,0,0,0,0
2019,999,0,0,0,0,0,0
2019,798,8690,40487,0,0,0,0
2019,504,1845,13643,112,1767,224,4651
2019,247,115,502,0,0,0,0
2019,216,294,497,0,0,0,0
2019,65,0,0,0,0,0,0
2019,472,239,1045,0,0,29,2121
2019,427,0,0,0,0,18,1977
2019,491,145,428,0,0,0,0
2019,551,67,390,0,0,0,0
2019,106,0,0,0,0,56,3776
2019,819,0,0,0,0,0,0
2019,836,0,0,0,0,0,0
2019,915,0,0,0,0,120,6300
2019,942,0,0,0,0,0,0
2019,1140,0,0,0,0,0,0
2019,748,12760,18051,79,5888,0,0
2019,198,0,0,0,0,0,0
2019,871,4757,7255,0,0,0,0
2019,948,0,0,0,0,0,0
2019,1051,0,0,0,0,0,0
2019,1083,0,0,0,0,0,0
2019,1096,0,0,0,0,0,0
2019,1159,0,0,0,0,0,0
2019,679,2228,4548,287,2703,0,0
2019,176,363,1024,0,0,0,0
2019,537,960,960,0,0,0,0
2019,608,1450,6351,0,0,0,0
2019,596,817,5290,0,0,0,0
2019,749,6401,44630,3149,3149,0,0
2019,758,11059,68271,1305,19517,0,0
2019,1104,21474,52594,174,8765,217,1504
2019,567,0,0,345,5015,0,0
2019,677,5936,27844,366,3320,0,0
2019,670,3177,13880,2006,16352,0,0
2019,588,2539,5691,0,0,230,2966
2019,753,14395,79834,62,3140,0,0
2019,887,0,0,6,55,0,0
2019,245,0,0,0,0,0,0
2019,603,826,826,0,0,0,0
2019,426,0,0,0,0,0,0
2019,232,0,0,0,0,0,0
2019,288,303,4754,0,0,0,0
2019,246,63,191,0,0,0,0
2019,284,0,0,0,0,0,0
2019,18,0,0,0,0,0,0
2019,356,0,0,264,12356,0,0
2019,401,58,3883,0,0,0,0
2019,733,36795,79835,945,8407,0,0
2019,243,0,0,0,0,0,0
2019,380,43,1936,0,0,0,0
2019,716,533,4338,0,0,0,0
2019,534,69,291,0,0,0,0
2019,185,0,0,0,0,0,0
2019,258,381,3066,0,0,0,0
2019,505,0,0,0,0,0,0
2019,268,318,2026,0,0,0,0
2019,602,7980,7998,0,0,0,0
2019,254,1305,1387,0,0,0,0
2019,705,411,3230,0,0,0,0
2019,133,0,0,0,0,0,0
2019,33,0,0,86,4962,0,0
2019,143,1,1711,91,1711,0,0
2019,36,0,0,45,2611,0,0
2019,756,2006,7559,32,235,0,0
2019,662,8809,14786,516,3788,0,0
2019,192,0,0,0,0,0,0
2019,382,0,0,0,0,0,0
2019,322,0,0,0,0,0,0
2019,478,0,0,0,0,0,0
2019,352,0,0,0,0,0,0
2019,628,1988,12096,0,0,0,0
2019,495,0,0,0,0,0,0
2019,845,1429,8000,141,5648,0,0
2019,498,1093,1385,0,0,0,0
2019,314,0,0,0,0,0,0
2019,720,5497,6001,0,0,0,0
2019,721,3170,13945,56,2806,400,2102
2019,485,3322,3699,706,837,0,0
2019,273,1389,7948,0,0,0,0
2019,846,10526,26081,7,74,0,0
2019,847,0,0,0,0,0,0
2019,848,2936,5003,0,0,0,0
2019,916,1058,8133,0,0,0,0
2019,930,2479,3039,0,0,0,0
2019,954,9473,26446,0,0,0,0
2019,943,1734,2254,0,0,0,0
2019,949,18766,69248,271,9882,123,1292
2019,980,509,3069,0,0,0,0
2019,981,91,116,0,0,0,0
2019,1024,1271,11554,0,0,0,0
2019,1017,20,1816,0,0,0,0
2019,1000,9081,27245,0,0,0,0
2019,1018,11312,23074,1633,5429,3,8
2019,1001,66,438,0,0,0,0
2019,1007,10922,30814,70,3488,0,0
2019,1008,18594,23404,0,0,0,0
2019,1010,10649,12795,0,0,0,0
2019,1011,3427,6425,0,0,0,0
2019,1012,2427,8317,0,0,0,0
2019,1013,31582,65582,68,2225,0,0
2019,1041,0,0,0,0,0,0
2019,1073,3502,11154,32,1939,0,0
2019,1087,14203,29675,124,1208,0,0
2019,1109,9617,19503,1651,4934,0,0
2019,1110,5241,10668,0,0,0,0
2019,1112,615,2048,0,0,0,0
2019,1120,0,0,0,0,0,0
2019,1156,0,0,0,0,0,0
2019,1155,0,0,0,0,0,0
2019,1148,805,4779,0,0,0,0
2019,1126,12391,29312,82,7074,0,0
2019,,0,0,0,0,0,0
2019,1152,0,0,217,18936,0,0
2019,789,0,0,0,0,0,0
2019,326,0,0,16,1434,0,0
2019,442,277,773,0,0,0,0
2019,294,444,2115,0,0,0,0
2019,378,29,85,0,0,0,0
2019,402,0,0,0,0,0,0
2019,29,0,0,0,0,0,0
2019,450,0,0,0,0,0,0
2019,656,429,3429,155,2913,,
2019,333,465,4180,0,0,0,0
2019,684,515,4120,45,750,,
2019,422,367,422,0,0,0,0
2019,763,8934,71474,0,0,,
2019,741,4303,34421,263,9065,,
2019,553,2860,22883,0,0,,
2019,899,0,0,0,0,0,0
2019,900,0,0,0,0,0,0
2019,950,0,0,0,0,0,0
2019,966,0,0,0,0,0,0
2019,967,76,2110,0,0,0,0
2019,982,2282,4383,0,0,0,0
2019,1014,485,3881,0,0,,
2019,1080,2503,3559,0,0,0,0
2019,1074,1,15,0,0,0,0
2019,1084,273,273,0,0,0,0
2019,1113,213,266,0,0,0,0
2019,1137,0,0,0,0,0,0
2019,1142,587,4693,0,0,,
2019,722,4436,26841,0,0,0,0
2019,660,3174,7788,0,0,0,0
2019,75,0,0,181,6750,0,0
2019,249,339,613,0,0,0,0
2019,227,612,3272,0,0,0,0
2019,150,0,0,0,0,0,0
2019,47,0,0,0,0,0,0
2019,172,117,202,0,0,0,0
2019,581,134,3211,0,0,0,0
2019,120,0,0,0,0,0,0
2019,445,0,0,0,0,0,0
2019,471,0,0,0,0,0,0
2019,53,0,0,0,0,0,0
2019,199,0,0,0,0,0,0
2019,575,611,3289,0,0,0,0
2019,528,699,1523,0,0,0,0
2019,631,1892,4641,0,0,0,0
2019,699,3161,24863,0,0,0,0
2019,823,0,0,0,0,0,0
2019,849,0,0,0,0,0,0
2019,869,0,0,0,0,0,0
2019,955,0,0,0,0,0,0
2019,983,0,0,0,0,0,0
2019,1002,0,0,0,0,0,0
2019,1015,3703,23944,0,0,0,0
2019,1153,0,0,0,0,0,0
2019,51,0,0,70,4698,0,0
2019,441,0,0,0,0,0,0
2019,327,0,0,35,7558,32,4980
2019,690,1714,10237,0,0,0,0
2019,262,74,390,0,0,0,0
2019,403,0,0,0,0,0,0
2019,312,0,0,12,2930,0,0
2019,589,817,817,0,0,0,0
2019,665,1967,6673,0,0,0,0
2019,334,0,0,0,0,0,0
2019,1075,13473,47390,0,0,0,0
2019,751,1935,18557,56,4956,0,0
2019,186,0,0,0,0,0,0
2019,646,1170,4056,0,0,0,0
2019,536,215,991,0,0,0,0
2019,242,0,0,0,0,0,0
2019,490,14,66,0,0,24,888
2019,500,513,2683,0,0,0,0
2019,206,0,0,0,0,0,0
2019,58,0,0,7,341,0,0
2019,572,3676,11280,40,800,0,0
2019,180,0,0,0,0,0,0
2019,549,17,292,0,0,0,0
2019,582,236,2058,0,0,0,0
2019,743,4539,19233,0,0,0,0
2019,795,0,0,0,0,0,0
2019,269,0,0,0,0,0,0
2019,634,2535,2535,0,0,0,0
2019,1,49,493,0,0,0,0
2019,717,212,2547,17,4313,0,0
2019,373,0,0,0,0,0,0
2019,824,16266,57728,38,1539,0,0
2019,888,0,0,0,0,0,0
2019,902,0,0,0,0,0,0
2019,968,0,0,0,0,0,0
2019,1154,570,2198,92,786,0,0
2019,1130,0,0,0,0,0,0
2019,1141,0,0,0,0,0,0
2019,1145,0,0,0,0,0,0
2019,1122,0,0,0,0,0,0
2019,1133,0,0,0,0,0,0
2019,346,0,0,0,0,0,0
2019,27,0,0,0,0,0,0
2019,165,54,203,0,0,0,0
2019,956,6249,10517,148,1798,0,0
2019,413,0,0,0,0,0,0
2019,149,0,0,0,0,0,0
2019,612,144,416,0,0,0,0
2019,559,0,0,0,0,0,0
2019,7,0,0,0,0,0,0
2019,283,256,500,0,0,0,0
2019,37,0,0,0,0,0,0
2019,153,0,0,0,0,0,0
2019,547,1340,12030,0,0,0,0
2019,556,289,7810,0,0,0,0
2019,42,0,0,0,0,0,0
2019,31,0,0,0,0,0,0
2019,740,2399,19799,60,1810,0,0
2019,217,0,0,0,0,0,0
2019,863,0,0,0,0,0,0
2019,889,3661,23687,0,0,0,0
2019,984,0,0,0,0,0,0
2019,1146,0,0,0,0,0,0
2019,34,0,0,0,0,0,0
2019,791,0,0,0,0,0,0
2019,430,0,0,0,0,0,0
2019,715,750,3884,0,0,0,0
2019,521,0,0,0,0,0,0
2019,524,238,1002,0,0,0,0
2019,432,0,0,0,0,0,0
2019,19,0,0,0,0,0,0
2019,25,0,0,0,0,0,0
2019,26,0,0,0,0,0,0
2019,890,1664,35948,42,2377,0,0
2019,904,14,256,0,0,0,0
2019,957,4522,47947,113,9099,0,0
2019,939,3110,29136,208,4107,0,0
2019,236,3803,5391,0,0,0,0
2019,735,8249,30002,223,2605,0,0
2019,146,0,0,0,0,0,0
2019,363,21,83,0,0,0,0
2019,187,344,383,0,0,0,0
2019,265,0,0,0,0,0,0
2019,295,121,796,0,0,0,0
2019,496,0,0,0,0,0,0
2019,391,0,0,0,0,0,0
2019,240,0,0,0,0,0,0
2019,448,259,983,0,0,0,0
2019,425,36,228,0,0,0,0
2019,300,29,101,0,0,0,0
2019,339,0,0,0,0,0,0
2019,874,1228,6515,0,0,0,0
2019,905,3384,22758,0,0,0,0
2019,1123,0,0,0,0,0,0
2019,736,13444,40566,248,9335,265,882
2019,459,0,0,0,0,0,0
2019,320,0,0,0,0,0,0
2019,45,0,0,177,27281,99,12567
2019,618,2178,4276,0,0,0,0
2019,463,2726,12944,104,2425,0,0
2019,891,0,0,0,0,0,0
2019,958,6426,9603,449,4654,220,1594
2019,244,30,118,0,0,0,0
2019,28,0,0,0,0,0,0
2019,444,27,27,0,0,0,0
2019,479,0,0,0,0,0,0
2019,285,248,1700,0,0,0,0
2019,253,0,0,0,0,0,0
2019,481,0,0,5,58,0,0
2019,540,463,1396,0,0,0,0
2019,332,0,0,0,0,0,0
2019,41,0,0,0,0,0,0
2019,510,17,184,4,99,0,0
2019,305,16,128,0,0,,
2019,708,794,6352,20,127,,
2019,755,11182,89459,90,4230,,
2019,750,2926,23410,60,1567,,
2019,696,2379,19035,72,2907,,
2019,421,0,0,0,0,0,0
2019,827,0,0,0,0,0,0
2019,933,1672,3507,0,0,0,0
2019,1030,99,501,0,0,0,0
2019,1003,274,2191,0,0,,
2019,1050,104,833,0,0,,
2019,1043,0,0,0,0,0,0
2019,1128,281,2251,0,0,,
2019,1125,0,0,75,300,0,0
2019,1135,206,1644,0,0,,
2019,934,939,5289,0,0,0,0
2019,629,5339,22990,9,327,0,0
2019,21,0,0,0,0,293,11207
2019,615,962,5168,0,0,0,0
2019,626,0,0,0,0,0,0
2019,417,935,935,0,0,0,0
2019,597,553,2339,0,0,63,1422
2019,539,4630,21026,0,0,109,5116
2019,343,0,0,0,0,0,0
2019,135,0,0,0,0,0,0
2019,158,0,0,388,19637,56,5145
2019,775,4056,15797,0,0,0,0
2019,177,0,0,0,0,229,10512
2019,578,0,0,0,0,0,0
2019,416,0,0,0,0,15,2968
2019,561,2505,8041,0,0,61,2847
2019,62,0,0,0,0,49,5055
2019,828,0,0,0,0,39,5746
2019,860,0,0,0,0,28,6325
2019,935,0,0,0,0,50,5588
2019,936,0,0,0,0,0,0
2019,986,0,0,40,8430,0,0
2019,987,1124,4493,0,0,0,0
2019,1021,0,0,0,0,30,2522
2019,1085,0,0,0,0,0,0
2019,658,1660,2899,0,0,0,0
2019,353,0,0,0,0,547,3169
2019,323,0,0,61,4658,0,0
2019,620,149,3175,0,0,0,0
2019,384,434,1409,0,0,0,0
2019,554,1280,9880,159,2974,0,0
2019,209,0,0,0,0,0,0
2019,707,3119,28498,60,4080,62,976
2019,395,0,0,0,0,0,0
2019,969,71,1119,0,0,0,0
2019,1052,0,0,0,0,0,0
2019,739,6623,44226,139,5812,0,0
2019,613,2234,13278,0,0,0,0
2019,593,7357,12500,0,0,0,0
2019,704,18471,55413,0,0,0,0
2019,686,1056,45716,0,0,0,0
2019,257,0,0,0,0,0,0
2019,681,1537,13103,0,0,0,0
2019,286,0,0,0,0,0,0
2019,255,360,3002,0,0,0,0
2019,79,0,0,0,0,0,0
2019,81,0,0,0,0,0,0
2019,688,3616,13485,25,1147,0,0
2019,531,3007,26303,0,0,0,0
2019,514,403,1499,0,0,0,0
2019,499,0,0,0,0,0,0
2019,532,470,9008,0,0,0,0
2019,190,0,0,0,0,0,0
2019,598,1812,4866,0,0,0,0
2019,260,0,0,0,0,0,0
2019,838,0,0,0,0,0,0
2019,839,0,0,0,0,0,0
2019,851,0,0,0,0,0,0
2019,852,1393,13124,60,290,0,0
2019,988,67,4362,63,3720,0,0
2019,1056,1449,7450,0,0,0,0
2019,1044,0,0,0,0,0,0
2019,1114,992,1685,0,0,0,0
2019,1129,1804,3150,0,0,0,0
2019,644,4757,30578,25,5879,0,0
2019,752,3575,19695,807,16570,0,0
2019,238,241,429,0,0,0,0
2019,325,0,0,0,0,0,0
2019,622,1013,1738,0,0,0,0
2019,879,0,0,0,0,0,0
2019,906,438,2522,0,0,0,0
2019,370,0,0,0,0,0,0
2019,418,0,0,0,0,0,0
2019,574,0,0,0,0,0,0
2019,399,0,0,0,0,0,0
2019,195,0,0,0,0,0,0
2019,783,19479,53894,0,0,0,0
2019,263,694,6250,0,0,0,0
2019,194,0,0,0,0,0,0
2019,214,0,0,0,0,0,0
2019,785,9273,52992,0,0,0,0
2019,780,4849,7407,0,0,0,0
2019,782,3030,18773,0,0,0,0
2019,369,0,0,0,0,0,0
2019,713,0,0,0,0,0,0
2019,941,0,0,26,278,0,0
2019,1091,0,0,705,96574,0,0
2019,1045,1371,2047,0,0,0,0
2019,1086,1012,4848,0,0,0,0
2019,1149,234,588,0,0,0,0
2019,937,2260,10499,60,1801,0,0
2019,1004,34,283,0,0,0,0
2019,737,1587,14280,96,2710,0,0
2019,765,20303,60039,0,0,0,0
2019,329,1688,6416,0,0,0,0
2019,87,0,0,0,0,0,0
2019,527,0,0,0,0,408,3435
2019,562,0,0,0,0,0,0
2019,251,0,0,0,0,0,0
2019,129,0,0,0,0,0,0
2019,154,76,76,0,0,30,155
2019,516,4017,7336,0,0,0,0
2019,184,0,0,0,0,0,0
2019,652,490,530,0,0,5,10
2019,637,889,2663,0,0,0,0
2019,88,0,0,0,0,0,0
2019,907,0,0,0,0,0,0
2019,970,0,0,48,3298,0,0
2019,1019,26,180,0,0,0,0
2019,1016,0,0,0,0,0,0
2019,1047,136,1229,0,0,0,0
2019,635,384,3458,14,633,0,0
