Año,NCODI,biopsias_hosp,biopsias_CEP,necropsias_hosp,angio_hosp,angio_CEP,densiometrias_hosp,densiometrias_CEP,gamma_hosp,gamma_CEP,mamo_hosp,mamo_CEP,pet_hosp,pet_CEP,resonancia_hosp,resonancia_CEP,rx_hosp,rx_CEP,spect_hosp,spect_CEP,tac_hosp,tac_CEP,Colonosopia,Broncoscopia,ERCP
2019,113,0,0,0,0,0,0,0,0,0,0,0,0,0,0,0,0,0,0,0,0,0,0,0,0
2019,619,0,0,0,0,0,0,0,0,0,1245,0,0,0,3957,0,9309,0,0,0,1584,0,0,0,0
2019,163,1400,0,0,0,0,255,0,0,0,466,0,0,0,4836,0,4526,0,0,0,1399,0,0,0,0
2019,131,0,0,0,0,0,0,0,0,0,0,0,0,0,0,0,0,0,0,0,0,0,0,0,0
2019,375,0,0,0,0,0,0,0,0,0,0,0,0,0,0,0,2175,0,0,0,0,0,0,0,0
2019,1090,27036,4523,178,20,0,2408,0,0,0,4197,0,2183,0,9,0,149734,49656,266,0,29599,0,8861,683,0
2019,764,20926,0,23,78,0,2755,0,0,0,3097,0,0,0,11681,0,193078,0,0,0,29347,0,2782,740,428
2019,14,0,0,0,0,0,0,0,0,0,0,0,0,0,0,0,0,0,0,0,0,0,6,0,0
2019,657,4949,0,1,0,0,0,0,0,0,1283,0,0,0,5876,0,42886,0,0,0,6204,0,1210,65,0
2019,362,1516,0,0,0,0,0,0,1001,0,12472,0,0,0,4848,0,11612,0,0,0,1737,0,1146,0,0
2019,989,0,0,0,0,0,0,0,0,0,1122,0,0,0,0,0,31962,0,0,0,3017,0,1187,56,0
2019,990,0,0,0,0,0,0,0,0,0,882,0,0,0,0,0,43526,0,0,0,3967,0,1041,102,0
2019,680,28598,0,21,2672,0,8321,0,0,0,7085,0,0,0,8512,0,163480,23027,0,0,29696,0,4095,713,398
2019,411,8420,0,0,379,0,6558,0,0,0,6020,0,0,0,8756,0,32799,0,0,0,5908,0,1451,36,20
2019,241,3362,0,0,0,0,0,0,0,0,2,0,0,0,5656,0,17207,0,0,0,3433,0,848,13,0
2019,558,11209,0,1,0,0,3165,0,0,0,4109,0,0,0,10100,0,68259,0,0,0,10150,0,1914,182,116
2019,248,0,0,0,319,0,907,0,1265,0,2548,0,582,0,17280,0,34756,0,0,0,8376,0,1026,34,0
2019,224,1381,0,0,0,0,638,0,0,0,1454,0,0,0,2635,0,13537,137,0,0,2329,0,847,0,0
2019,591,17529,0,31,0,0,2791,0,0,0,3213,0,0,0,15439,0,122864,0,0,0,17827,0,2745,365,138
2019,586,22553,0,29,0,0,4180,0,0,0,8734,0,0,0,6859,0,97195,55212,0,0,24193,0,2018,391,133
2019,453,0,0,0,0,0,0,0,0,0,0,0,0,0,0,0,17111,0,0,0,3412,0,0,3,0
2019,145,0,0,0,0,0,0,0,0,0,0,0,0,0,0,0,0,0,0,0,0,0,0,0,0
2019,511,14235,0,5,0,0,0,0,0,0,5175,0,0,0,0,0,69165,39377,0,0,16287,0,3735,323,71
2019,530,18896,0,7,0,0,0,0,0,0,2595,0,0,0,0,0,66932,30128,0,0,15836,0,5724,354,108
2019,6,2615,0,0,48,0,2041,0,674,0,3949,0,463,0,5469,0,23555,0,86,0,3737,0,0,0,0
2019,161,0,0,0,0,0,0,0,0,0,0,0,0,0,0,0,0,0,0,0,0,0,0,0,0
2019,623,21878,0,3,0,0,0,5924,0,0,9537,0,4110,0,9205,0,139556,19011,11987,0,21164,0,3408,1647,109
2019,349,1382,0,0,0,0,394,0,0,0,732,0,0,0,0,0,1423,0,0,0,331,0,387,0,0
2019,875,3583,0,0,155,0,1535,0,226,0,2745,0,292,0,6553,0,35340,0,36,0,6711,0,1006,84,5
2019,946,5533,0,0,362,0,1460,0,293,0,2427,0,0,0,8028,0,32521,0,0,0,6752,0,899,24,15
2019,1023,12350,0,12,615,0,3620,0,0,0,4951,0,0,0,7587,0,144135,0,0,0,18789,0,3406,450,114
2019,1054,10265,0,10,1771,0,5509,0,0,0,3361,0,0,0,11949,0,87072,10443,0,0,16267,0,2093,155,45
2019,1057,0,0,0,0,0,0,0,0,0,0,0,0,0,0,0,1216,0,0,0,180,0,0,0,0
2019,1031,0,0,0,0,0,0,0,0,0,0,0,0,0,0,0,0,0,0,0,0,0,0,0,0
2019,1032,12097,0,9,443,0,4859,0,0,0,4281,0,4670,0,6195,0,118270,0,1643,0,14256,0,3011,569,210
2019,1064,7739,0,0,164,0,2199,0,0,0,3162,0,0,0,10664,0,31734,0,0,0,5900,0,1714,15,15
2019,226,398,0,0,0,0,2123,0,442,0,2530,209,0,0,9206,0,9413,901,0,0,3095,0,2297,0,0
2019,687,15526,0,1,,,,,,,3532,0,,,0,,153813,0,,,10166,,1547,139,
2019,745,13745,0,5,1018,,2782,,3040,,9555,17313,0,0,6454,,147559,79922,1357,,28594,,6280,418,275
2019,109,6630,0,0,0,0,0,0,0,0,1185,0,0,0,12666,0,33744,0,0,0,5990,0,1543,42,0
2019,808,15863,0,15,0,0,0,0,0,0,15198,0,0,0,9312,0,157693,0,0,0,13058,0,3859,452,141
2019,971,3378,0,0,0,,,,,,690,0,,,,,56549,0,,,1922,,1287,,
2019,128,0,0,0,0,0,573,0,0,0,1311,0,0,0,0,0,19652,0,0,0,0,0,176,0,0
2019,919,13107,0,9,0,0,1118,0,0,0,7855,448,0,0,8249,0,105347,11144,0,0,15938,0,3084,149,80
2019,1150,0,0,0,0,0,0,0,0,0,0,0,0,0,0,0,0,0,0,0,0,0,0,0,0
2019,725,23758,0,12,274,0,3793,0,0,0,5479,0,4663,0,17418,0,171272,0,7474,0,27523,0,3916,630,348
2019,3,0,0,0,0,0,0,0,0,0,0,0,0,0,0,0,0,0,0,0,0,0,0,0,0
2019,306,0,0,0,0,0,0,0,0,0,0,0,0,0,0,0,0,0,0,0,0,0,0,0,0
2019,15,162,0,0,0,0,0,0,0,0,168,0,0,0,0,0,2917,0,0,0,0,0,0,0,0
2019,264,0,0,0,0,0,0,0,0,0,1274,0,0,0,7680,0,22524,0,0,0,6726,0,991,30,0
2019,867,0,0,0,0,0,427,0,0,0,492,0,0,0,0,0,10957,0,0,0,0,0,278,0,0
2019,910,6146,0,2,0,0,0,0,0,0,2655,0,0,0,3245,0,65941,0,0,0,9120,0,1276,82,0
2019,1053,9450,0,4,0,0,0,0,0,0,6097,0,0,0,4666,0,70435,6068,0,0,12335,0,3601,160,0
2019,1055,15342,0,9,0,0,2740,0,0,0,5868,0,0,0,4276,0,125855,0,0,0,18780,0,2837,444,0
2019,1081,0,0,0,0,0,0,0,0,0,0,0,0,0,0,0,0,0,0,0,0,0,0,0,0
2019,1115,0,0,0,0,0,579,0,0,0,959,0,0,0,1186,0,7821,0,0,0,1563,0,886,0,0
2019,529,0,0,0,0,0,0,0,0,0,0,0,0,0,0,0,714,0,0,0,0,0,0,0,0
2019,345,0,0,0,0,0,0,0,0,0,0,0,0,0,0,0,0,0,0,0,0,0,0,0,0
2019,515,0,0,0,0,0,0,0,0,0,0,0,0,0,3835,0,25201,0,0,0,1155,0,0,0,0
2019,174,2145,0,0,0,0,0,0,0,0,0,0,0,0,0,0,0,0,0,0,0,0,2356,0,0
2019,523,0,0,0,0,0,0,0,0,0,915,0,0,0,9184,0,17921,0,0,0,3108,0,0,0,0
2019,697,0,0,0,408,0,4349,0,1682,0,9845,0,860,0,15670,0,68503,0,291,0,10934,0,1842,44,10
2019,239,1937,0,0,0,0,1122,0,0,0,3571,0,0,0,7870,0,46927,0,0,0,8327,0,1191,49,0
2019,287,7667,0,0,100,0,3519,0,544,0,4210,0,0,0,10410,0,57967,0,83,0,9474,0,2616,130,76
2019,377,0,0,0,0,0,0,0,0,0,0,0,0,0,0,0,7267,0,0,0,0,0,0,0,0
2019,692,9560,0,9,0,0,923,0,0,0,6221,0,0,0,4561,0,76249,0,0,0,11145,0,1445,165,0
2019,435,2937,0,0,527,0,148,0,0,0,2636,0,0,0,7815,0,21943,0,0,0,6454,0,182,21,0
2019,423,0,0,0,0,0,179,0,0,0,497,0,0,0,2592,0,5516,0,0,0,2837,0,106,0,0
2019,351,0,0,0,0,0,381,0,0,0,977,0,0,0,1780,0,21221,0,0,0,2171,0,0,6,0
2019,810,0,0,0,0,0,0,0,0,0,753,0,0,0,0,0,5801,0,0,0,1593,0,98,0,0
2019,830,9446,0,9,0,0,0,0,0,0,4024,0,0,0,2045,0,67410,0,0,0,7711,0,1502,0,0
2019,892,19979,0,44,90,0,1270,0,0,0,11932,0,0,0,7412,0,103653,0,0,0,17031,0,2181,376,119
2019,921,6799,0,0,748,0,3444,0,0,0,6629,0,0,0,15442,0,51457,0,0,0,11971,0,2240,37,42
2019,991,0,0,0,0,0,0,0,0,0,256,0,0,0,0,0,6418,0,0,0,535,0,21,0,0
2019,992,8274,0,13,0,0,0,0,0,0,1607,0,0,0,5689,0,61351,0,0,0,8018,0,1725,96,69
2019,993,6043,0,8,0,0,2291,0,0,0,1421,0,0,0,4229,0,34635,16655,0,0,5655,0,1112,68,0
2019,1070,31371,0,142,911,,1689,0,6833,0,6758,0,3021,0,23179,0,147813,0,1011,0,32259,0,3668,821,295
2019,1095,610,0,0,0,0,1343,0,0,0,680,0,0,0,2479,0,16061,0,0,0,2834,0,273,1,0
2019,1094,0,0,0,0,0,0,0,0,0,290,0,0,0,1705,0,1879,0,0,0,305,0,55,0,0
2019,1124,150,0,0,0,0,0,0,0,0,0,0,0,0,0,0,53,0,0,0,0,0,15,0,0
2019,473,0,0,0,0,0,0,0,0,0,0,0,0,0,4329,0,1137,0,0,0,0,0,0,0,0
2019,663,29408,0,0,723,0,3235,0,2361,0,17336,0,368,0,14026,0,97684,9840,1104,0,39661,0,6881,929,181
2019,552,0,0,0,314,0,240,0,0,0,6291,0,0,0,0,0,22585,0,0,0,1226,0,0,0,0
2019,772,400324,0,300,4027,0,4880,0,6513,0,8867,0,4520,0,26281,0,230004,0,1797,0,46616,0,6662,998,229
2019,568,0,0,0,0,0,0,0,0,0,0,0,0,0,9098,0,18298,0,0,0,2318,0,0,0,0
2019,398,0,0,0,0,0,0,0,0,0,0,0,0,0,8512,0,9837,0,0,0,4058,0,0,0,0
2019,394,0,0,0,0,0,0,0,0,0,0,0,0,0,1037,0,7835,0,0,0,0,0,0,0,0
2019,614,0,0,0,0,0,0,0,0,0,0,0,0,0,0,0,0,0,0,0,0,0,0,0,0
2019,235,0,0,0,0,0,0,0,0,0,0,0,0,0,3107,0,8632,0,0,0,1106,0,0,0,0
2019,616,4197,0,0,0,0,0,0,0,0,0,0,0,0,3868,0,43918,0,0,0,4452,0,1004,0,0
2019,267,963,0,0,0,0,0,0,0,0,999,0,0,0,10346,0,24289,0,0,0,8420,0,4851,216,61
2019,565,2779,0,0,0,0,499,0,0,0,281,0,0,0,4657,0,12276,0,0,0,3746,0,1255,0,0
2019,220,0,0,0,0,0,301,0,0,0,827,0,0,0,0,0,18337,0,0,0,2318,0,1259,1,16
2019,278,0,0,0,0,0,0,0,0,0,0,0,0,0,0,0,0,0,0,0,0,0,0,0,0
2019,107,0,0,0,0,0,0,0,0,0,0,0,0,0,0,0,0,0,0,0,0,0,0,0,0
2019,711,26971,0,56,934,0,4214,0,0,0,19281,0,5372,0,14091,0,105750,0,3638,0,34293,0,7263,1073,297
2019,204,0,0,0,0,0,0,0,0,0,0,0,0,0,0,0,264,0,0,0,0,0,0,0,0
2019,579,0,0,0,0,0,0,0,0,0,0,0,0,0,0,0,23469,0,0,0,323,0,236,0,0
2019,348,0,0,0,0,0,0,0,0,0,0,0,0,0,0,0,2055,0,0,0,0,0,0,0,0
2019,766,3342,0,0,198,0,0,0,132,0,0,0,0,0,948,0,19706,0,0,0,4231,0,0,0,0
2019,761,0,0,0,0,0,0,0,0,0,0,0,0,0,0,0,0,0,0,0,0,0,0,0,0
2019,728,17685,0,6,0,0,0,0,2500,0,5032,0,0,0,10408,0,81568,0,196,0,16604,0,3622,185,14
2019,280,0,0,0,0,0,3311,0,0,0,10126,0,0,0,27787,0,122093,0,0,0,13225,0,3093,37,92
2019,222,0,0,0,0,0,506,0,0,0,1673,0,0,0,2584,0,0,0,0,0,1573,0,0,0,0
2019,276,22480,0,1,0,0,3699,0,4543,0,9869,0,2629,0,29210,0,125812,0,0,0,38139,0,1719,699,25
2019,11,6252,0,0,247,0,333,0,139,0,3305,0,48,0,6404,0,11729,0,84,0,8686,0,61,0,0
2019,302,0,0,0,0,0,0,0,0,0,4316,0,0,0,0,0,0,0,0,0,0,0,557,0,0
2019,682,4216,0,0,0,0,378,0,0,0,142,0,101,0,4281,0,26249,0,76,0,4628,0,843,43,6
2019,279,15614,0,15,0,0,0,0,0,0,0,0,0,0,27649,0,91592,0,0,0,17558,0,4901,52,35
2019,282,7189,0,0,135,0,2639,0,0,0,9623,0,0,0,24153,0,84604,0,0,0,21278,0,12886,100,216
2019,281,5930,0,5,701,0,0,0,0,0,0,0,0,0,4340,0,40161,0,0,0,7529,0,370,393,76
2019,183,787,0,0,0,0,262,0,0,0,498,0,0,0,1710,0,6605,0,0,0,1220,0,210,0,0
2019,610,0,0,0,207,0,0,0,0,0,0,0,0,0,0,0,0,0,0,0,0,0,0,0,0
2019,116,0,0,0,0,0,0,0,0,0,0,0,0,0,0,0,0,0,0,0,0,0,0,0,0
2019,115,0,0,0,0,0,0,0,0,0,0,0,0,0,0,0,230,0,0,0,0,0,0,0,0
2019,114,0,0,0,0,0,0,0,0,0,0,0,0,0,0,0,0,0,0,0,0,0,0,0,0
2019,119,0,0,0,0,0,0,0,0,0,354,0,0,0,0,0,467,0,0,0,0,0,183,0,0
2019,770,30285,0,107,4103,0,4342,0,0,0,31224,0,0,0,19029,0,335762,0,9379,0,32526,0,5085,1054,337
2019,583,0,0,0,0,0,1287,0,0,0,6923,0,0,0,3206,0,62185,0,0,0,6760,0,2121,77,0
2019,136,0,0,0,0,0,0,0,0,0,0,0,0,0,0,0,117,0,0,0,0,0,0,0,0
2019,469,2047,0,0,0,0,0,0,0,0,2517,0,0,0,0,0,28550,0,0,0,4245,0,343,55,0
2019,642,9006,0,0,0,0,0,0,0,0,6902,0,0,0,0,0,74107,0,0,0,11566,0,1436,178,0
2019,674,5032,0,58,388,0,761,0,0,0,7918,0,0,0,8509,0,48087,1131,0,0,4205,0,123,34,0
2019,193,0,0,0,0,0,0,0,0,0,0,0,0,0,0,0,177,0,0,0,0,0,0,0,0
2019,526,22865,0,21,0,0,0,0,0,0,11098,0,0,0,8663,0,104574,0,0,0,14228,0,2707,358,135
2019,698,39832,0,65,2059,0,10238,0,12260,0,15069,0,2614,0,19323,0,159319,0,0,0,46453,0,6855,1832,639
2019,630,6234,0,2,0,0,0,0,0,0,6152,0,0,0,7416,0,32487,0,0,0,9092,0,2115,0,8
2019,124,0,0,0,0,0,0,0,0,0,0,0,0,0,0,0,0,0,0,0,0,0,0,0,0
2019,364,0,0,0,0,0,0,0,0,0,0,0,0,0,0,0,0,0,0,0,0,0,0,0,0
2019,439,0,0,0,0,0,0,0,0,0,1073,0,0,0,0,0,33761,0,0,0,3186,0,0,0,0
2019,570,22594,0,10,0,0,0,0,0,0,3355,0,0,0,6457,0,111691,0,0,0,19384,0,3774,468,205
2019,123,0,0,0,0,0,0,0,0,0,0,0,0,0,0,0,0,0,0,0,0,0,0,0,0
2019,310,0,0,0,0,0,0,0,0,0,0,0,0,0,0,0,0,0,0,0,0,0,0,0,0
2019,571,0,0,0,57,0,0,0,0,0,8556,0,0,0,5469,0,66217,0,0,0,7711,0,3304,76,0
2019,296,0,0,0,0,0,0,0,0,0,485,0,0,0,0,0,4941,0,0,0,0,0,0,0,0
2019,566,7076,0,0,0,0,0,0,0,0,9496,0,0,0,7581,0,60845,0,0,0,12727,0,3548,221,0
2019,784,20670,0,91,0,0,0,0,9627,0,26783,0,2417,0,20661,0,142907,0,0,0,36827,0,7862,110,554
2019,102,0,0,0,0,0,0,0,0,0,0,0,0,0,0,0,446,0,0,0,0,0,0,0,0
2019,379,0,0,0,0,0,0,0,0,0,0,0,0,0,0,0,0,0,0,0,0,0,0,0,0
2019,639,17990,0,0,0,0,500,0,0,0,6830,0,0,0,4532,0,0,0,0,0,10352,0,2877,0,0
2019,457,1584,0,0,0,0,0,0,0,0,2190,0,0,0,0,0,24920,0,0,0,2922,0,0,0,0
2019,609,22252,0,13,907,0,2722,0,0,0,8760,0,0,0,19136,0,72943,0,1603,0,14428,0,4334,510,54
2019,101,0,0,0,0,0,0,0,0,0,0,0,0,0,0,0,0,0,0,0,0,0,0,0,0
2019,454,6779,0,15,0,0,0,0,0,0,2058,0,0,0,8860,0,41043,0,0,0,12193,0,2487,70,86
2019,318,0,0,0,0,0,0,0,0,0,0,0,0,0,0,0,0,0,0,0,0,0,0,0,0
2019,600,6426,0,3,0,0,1175,0,0,0,5928,0,0,0,0,0,53704,0,0,0,9513,0,3286,234,0
2019,545,12454,0,26,1031,0,661,0,0,0,9365,0,0,0,4358,0,67997,0,0,0,11124,0,3316,187,135
2019,100,0,0,0,0,0,0,0,0,0,0,0,0,0,0,0,0,0,0,0,0,0,0,0,0
2019,702,20470,0,43,143,0,0,0,0,0,14251,0,0,0,12272,0,98235,61207,0,0,21869,0,4666,458,402
2019,778,9316,0,28,0,0,0,0,0,0,10247,0,0,0,5682,0,51250,0,0,0,11981,0,4660,182,43
2019,341,65,0,0,0,0,0,0,0,0,549,0,0,0,0,0,12647,0,0,0,0,0,82,16,0
2019,99,0,0,0,0,0,0,0,0,0,0,0,0,0,0,0,0,0,0,0,0,0,0,0,0
2019,767,0,0,0,0,0,0,0,0,0,8852,0,0,0,4697,0,61336,0,0,0,6548,0,5012,169,0
2019,359,0,0,0,0,0,1935,0,0,0,5655,0,0,0,0,0,25596,0,0,0,0,0,0,0,0
2019,98,0,0,0,0,0,0,0,0,0,0,0,0,0,0,0,0,0,0,0,0,0,0,0,0
2019,132,0,0,0,0,0,0,0,0,0,0,0,0,0,0,0,0,0,0,0,0,0,0,0,0
2019,97,0,0,0,0,0,0,0,0,0,0,0,0,0,0,0,0,0,0,0,0,0,0,0,0
2019,103,0,0,0,0,0,0,0,0,0,0,0,0,0,0,0,0,0,0,0,0,0,0,0,0
2019,110,0,0,0,0,0,0,0,0,0,0,0,0,0,0,0,0,0,0,0,0,0,0,0,0
2019,94,0,0,0,0,0,0,0,0,0,0,0,0,0,0,0,0,0,0,0,0,0,0,0,0
2019,91,0,0,0,0,0,0,0,0,0,0,0,0,0,0,0,0,0,0,0,0,0,0,0,0
2019,664,15440,0,29,250,0,0,0,0,0,2175,0,0,0,9515,0,101062,0,0,0,16445,0,4571,287,155
2019,918,44829,0,284,3043,0,7309,0,11151,0,17830,0,5854,0,47761,0,202810,0,2761,0,98731,0,6389,2164,342
2019,92,0,0,0,0,0,0,0,0,0,0,0,0,0,0,0,0,0,0,0,0,0,0,0,0
2019,95,0,0,0,0,0,0,0,0,0,0,0,0,0,0,0,0,0,0,0,0,0,0,0,0
2019,301,0,0,0,0,0,0,0,0,0,0,0,0,0,0,0,11605,463,0,0,0,0,275,0,0
2019,492,0,0,0,0,0,0,0,0,0,9020,0,0,0,0,0,44597,0,0,0,6624,0,1943,63,0
2019,811,0,0,0,0,0,0,0,0,0,0,3819,0,0,0,4340,0,2250,0,0,0,1593,1529,38,5
2019,812,0,0,0,0,0,0,0,0,0,0,0,0,0,0,0,0,0,0,0,0,0,0,0,0
2019,832,0,0,0,0,0,0,0,0,0,0,0,0,0,0,0,0,0,0,0,0,0,0,0,0
2019,841,0,0,0,0,0,0,0,0,0,0,0,0,0,0,0,0,0,0,0,0,0,0,0,0
2019,856,0,0,0,0,0,0,0,0,0,0,0,0,0,0,0,0,0,0,0,0,0,0,0,0
2019,859,0,0,0,0,0,0,0,0,0,0,0,0,0,0,0,0,0,0,0,0,0,0,0,0
2019,861,0,0,0,0,0,0,0,0,0,0,0,0,0,0,0,0,0,0,0,0,0,0,0,0
2019,880,0,0,0,0,0,0,0,0,0,0,0,0,0,0,0,0,0,0,0,0,0,0,0,0
2019,883,0,0,0,0,0,0,0,0,0,0,0,0,0,0,0,0,0,0,0,0,0,0,0,0
2019,884,0,0,0,0,0,0,0,0,0,0,0,0,0,0,0,0,0,0,0,0,0,0,0,0
2019,877,0,0,0,0,0,0,0,0,0,0,0,0,0,0,0,0,0,0,0,0,0,0,0,0
2019,911,0,0,0,0,0,0,0,0,0,0,0,0,0,0,0,0,0,0,0,0,0,0,0,0
2019,913,0,0,0,0,0,0,0,0,0,0,0,0,0,0,0,0,0,0,0,0,0,0,0,0
2019,922,18864,0,0,0,0,2267,0,0,0,4857,0,0,0,16428,0,41643,0,0,0,12067,0,6880,108,0
2019,923,0,0,0,0,0,0,0,0,0,0,0,0,0,0,0,0,0,0,0,0,0,0,0,0
2019,924,0,0,0,0,0,0,0,0,0,0,0,0,0,0,0,0,0,0,0,0,0,0,0,0
2019,947,0,0,0,0,0,0,0,0,0,0,0,0,0,0,0,0,0,0,0,0,0,0,0,0
2019,951,0,0,0,0,0,0,0,0,0,0,0,0,0,0,0,0,0,0,0,0,0,0,0,0
2019,1103,0,0,0,0,0,0,0,0,0,0,0,0,0,0,0,0,0,0,0,0,0,0,0,0
2019,972,0,0,0,0,0,0,0,0,0,0,0,0,0,0,0,0,0,0,0,0,0,0,0,0
2019,973,2519,0,0,20,0,0,0,0,0,696,0,0,0,16203,0,16910,0,0,0,400197,0,972,2,0
2019,974,0,0,0,0,0,0,0,0,0,0,0,0,0,0,0,0,0,0,0,0,0,0,0,0
2019,975,0,0,0,0,0,0,0,0,0,0,0,0,0,0,0,0,0,0,0,0,0,0,0,0
2019,960,0,0,0,0,0,0,0,0,0,0,0,0,0,0,0,0,0,0,0,0,0,0,0,0
2019,1028,0,0,0,0,0,0,0,0,0,0,0,0,0,0,0,0,0,0,0,0,0,0,0,0
2019,976,0,0,0,0,0,0,0,0,0,0,0,0,0,0,0,0,0,0,0,0,0,0,0,0
2019,977,0,0,0,0,0,0,0,0,0,0,0,0,0,0,0,0,0,0,0,0,0,0,0,0
2019,1020,0,0,0,0,0,0,0,0,0,0,0,0,0,0,0,0,0,0,0,0,0,0,0,0
2019,994,0,0,0,0,0,0,0,0,0,6863,0,0,0,0,0,50666,0,0,0,9678,0,1648,76,222
2019,995,0,0,0,0,0,0,0,0,0,0,0,0,0,0,0,0,0,0,0,0,0,0,0,0
2019,1060,0,0,0,0,0,0,0,0,0,0,0,0,0,0,0,0,0,0,0,0,0,0,0,0
2019,1005,0,0,0,0,0,0,0,0,0,0,0,0,0,0,0,0,0,0,0,0,0,0,0,0
2019,1061,0,0,0,0,0,0,0,0,0,0,0,0,0,0,0,0,0,0,0,0,0,0,0,0
2019,1062,0,0,0,0,0,0,0,0,0,0,0,0,0,0,0,0,0,0,0,0,0,0,0,0
2019,1006,0,0,0,0,0,0,0,0,0,0,0,0,0,0,0,0,0,0,0,0,0,0,0,0
2019,1088,0,0,0,0,0,0,0,0,0,0,0,0,0,0,0,0,0,0,0,0,0,81,0,0
2019,1089,3579,0,0,0,0,1624,0,0,0,0,0,0,0,7620,0,26421,0,0,0,4191,0,1079,9,0
2019,1076,0,0,0,0,0,0,0,0,0,0,0,0,0,0,0,0,0,0,0,0,0,0,0,0
2019,1078,0,0,0,0,0,0,0,0,0,0,0,0,0,0,0,0,0,0,0,0,0,0,0,0
2019,1033,17427,0,18,0,0,0,0,0,0,543,0,0,0,10116,0,85174,0,0,0,23472,0,4906,545,190
2019,1035,0,0,0,0,0,0,0,0,0,0,0,0,0,0,0,0,0,0,0,0,0,0,0,0
2019,1037,0,0,0,0,0,0,0,0,0,0,0,0,0,0,0,0,0,0,0,0,0,0,0,0
2019,1039,0,0,0,0,0,0,0,0,0,0,0,0,0,0,0,0,0,0,0,0,0,0,0,0
2019,1067,0,0,0,0,0,0,0,0,0,0,0,0,0,0,0,0,0,0,0,0,0,0,0,0
2019,1065,0,0,0,0,0,0,0,0,0,0,0,0,0,0,0,712,0,0,0,0,0,0,0,0
2019,1066,0,0,0,0,0,0,1156,0,0,2111,2145,0,0,6060,1754,11850,5491,0,0,9573,0,8590,103,61
2019,1100,0,0,0,0,0,0,0,0,0,0,0,0,0,0,0,0,0,0,0,0,0,0,0,0
2019,1105,0,0,0,0,0,0,0,0,0,0,0,0,0,0,0,0,0,0,0,0,0,0,0,0
2019,1107,0,0,0,0,0,0,0,0,0,0,0,0,0,0,0,0,0,0,0,0,0,0,0,0
2019,1111,0,0,0,0,0,0,0,0,0,0,0,0,0,0,0,0,0,0,0,0,0,0,0,0
2019,1121,0,0,0,0,0,0,0,0,0,0,0,0,0,0,0,0,0,0,0,0,0,0,0,0
2019,1119,0,0,0,0,0,0,0,0,0,0,0,0,0,0,0,0,0,0,0,0,0,0,0,0
2019,207,297,0,0,0,0,0,0,0,0,0,0,0,0,0,0,7611,0,0,0,0,0,799,8,0
2019,431,0,0,0,0,0,0,0,0,0,0,0,0,0,0,0,2062,0,0,0,0,0,0,0,0
2019,387,3670,0,5,0,0,0,0,0,0,3730,0,0,0,0,0,33191,0,0,0,5758,0,1076,0,0
2019,179,0,0,0,0,0,0,0,0,0,0,0,0,0,0,0,394,0,0,0,0,0,0,0,0
2019,606,2608,0,0,0,0,0,0,0,0,3371,719,0,0,0,0,28988,3460,0,0,4504,0,1024,0,0
2019,925,31973,0,27,3327,0,2510,0,0,0,4792,0,0,0,11585,0,152371,0,6837,0,22665,0,6165,640,256
2019,541,0,0,0,0,0,0,0,0,0,1485,0,0,0,0,0,22389,0,0,0,3867,0,814,0,0
2019,797,2125,0,0,0,0,0,0,0,0,2023,0,0,0,0,0,32363,0,0,0,5612,0,955,0,0
2019,627,9057,0,0,0,0,0,0,0,0,1906,0,0,0,3378,0,53856,18615,0,0,10447,0,2238,156,0
2019,173,0,0,0,0,0,0,0,0,0,0,0,0,0,0,0,0,0,0,0,0,0,0,0,0
2019,636,10355,0,11,0,0,0,0,3880,0,5774,0,0,0,5937,0,104602,0,898,0,15540,0,2127,755,176
2019,205,0,0,0,0,0,0,0,0,0,245,0,0,0,0,0,6903,0,0,0,59,0,786,0,0
2019,814,0,0,0,0,0,0,0,0,0,0,0,0,0,0,0,3843,0,0,0,0,0,164,0,0
2019,881,1525,0,0,0,0,0,0,0,0,860,0,0,0,0,0,24120,0,0,0,0,0,284,132,0
2019,771,22578,0,42,899,,0,,7376,,7253,0,2322,,18181,,241239,18937,2889,,27767,,5305,680,
2019,533,1190,0,0,0,0,0,0,0,0,188,0,0,0,0,0,7831,0,0,0,0,0,353,0,0
2019,447,3184,0,0,0,0,0,0,0,0,103,0,0,0,1274,0,19534,0,0,0,1071,0,267,0,20
2019,815,585,0,0,21,0,211,0,0,0,572,0,0,0,6004,0,13427,0,0,0,1072,0,251,0,0
2019,801,14820,0,18,550,0,5872,0,0,0,34036,0,0,0,6930,0,303821,0,0,0,26957,0,6578,497,0
2019,800,6152,0,0,0,0,0,0,0,0,0,0,0,0,0,0,0,0,0,0,0,0,2309,7,0
2019,389,3829,0,0,0,0,0,0,0,0,767,0,0,0,4363,0,74162,0,0,0,4943,0,1256,42,2
2019,695,17169,0,4,664,,1616,,0,0,8579,0,0,0,8199,,120314,50702,0,0,21885,,5350,381,159
2019,1157,433,0,0,,,,,,,21,0,,,,,6968,0,,,362,,392,24,
2019,816,2950,0,0,0,0,0,0,0,0,2725,0,0,0,2272,0,62031,0,0,0,4307,0,1202,27,0
2019,833,3845,0,0,0,0,0,0,0,0,3927,0,0,0,2880,0,81044,0,0,0,5378,0,1285,1,40
2019,870,5318,0,0,0,0,594,0,0,0,1239,0,0,0,8373,0,19453,0,0,0,6566,0,1673,26,35
2019,927,3372,0,0,0,0,0,0,0,0,758,0,0,0,7605,0,16784,0,0,0,0,0,3970,0,0
2019,961,11170,0,3,,,0,,2392,,25697,0,,,3268,,359994,0,1070,,23490,,5117,306,
2019,962,0,0,0,0,0,0,0,0,0,133,0,0,0,726,0,2920,0,0,0,617,0,2082,0,0
2019,1079,1067,0,0,0,0,469,0,0,0,593,0,0,0,1612,0,5939,0,0,0,0,0,164,0,0
2019,1101,5824,0,0,0,0,0,0,0,0,1032,0,0,0,2711,0,24451,0,0,0,2747,0,3000,11,51
2019,666,24094,0,47,2701,0,0,5194,0,0,7134,0,0,0,11727,0,91257,34133,0,0,19830,0,2233,387,267
2019,392,0,0,0,0,0,0,0,0,0,0,0,0,0,0,0,1952,0,0,0,0,0,0,0,0
2019,790,5826,0,0,0,0,2940,0,3372,0,3866,0,2291,0,7343,0,19261,0,415,0,10016,0,1626,24,13
2019,650,6604,0,4,0,0,0,0,0,0,823,0,0,0,4119,0,64597,0,0,0,6919,0,3300,51,0
2019,876,16717,0,25,0,0,0,0,0,0,1870,0,0,0,10210,0,54355,0,0,0,13179,0,2357,128,102
2019,944,0,0,0,0,0,0,0,0,0,0,0,0,0,2664,0,7742,0,0,0,744,0,0,0,0
2019,952,13028,0,0,0,0,1059,0,0,0,2936,0,0,0,7833,0,35729,0,0,0,4129,0,1694,0,9
2019,54,0,0,0,0,0,0,0,0,0,0,0,0,0,0,0,0,0,0,0,0,0,0,0,0
2019,367,5218,0,0,0,0,1833,0,0,0,30143,0,0,0,11825,0,22718,0,0,0,4496,0,1923,4,0
2019,538,14172,0,9,0,0,0,0,0,0,3283,0,0,0,8673,0,106410,4490,0,0,9679,0,2630,208,297
2019,557,5858,0,0,0,0,0,0,0,0,1656,0,0,0,0,0,37555,0,0,0,4442,0,1106,41,0
2019,653,5599,0,1,0,0,0,0,0,0,1145,0,0,0,8141,0,65670,4912,0,0,7554,195,1556,108,0
2019,647,5926,0,2,0,0,0,0,0,0,1407,0,0,0,0,0,51820,0,0,0,6444,0,810,43,0
2019,978,20551,0,19,121,0,4627,0,5497,0,2955,0,9009,0,10889,0,182026,11891,2423,0,21560,431,2746,377,265
2019,996,0,0,0,0,0,0,0,0,0,848,0,0,0,8933,0,43462,0,0,0,4805,0,1601,69,0
2019,729,23110,0,54,2897,,14947,,5257,,13544,1270,5544,,28754,,390284,62520,2181,,59518,,9521,1270,762
2019,182,1244,0,0,0,0,0,0,0,0,1110,0,0,0,6622,0,9670,0,0,0,3997,0,1408,15,0
2019,633,434,0,0,835,0,0,0,0,0,49,0,0,0,379,0,57341,0,0,0,352,0,2039,5,59
2019,685,5305,0,0,,,,,,,3406,0,,,0,,114706,0,,,12912,,1329,226,
2019,683,4475,0,1,,,,,,,1416,0,,,,,58916,0,,,5497,,1528,32,
2019,945,4885,0,0,,,,,,,3037,0,,,0,,47219,0,,,4181,,1348,56,
2019,953,0,0,0,292,0,0,0,0,0,0,0,0,0,0,0,0,0,0,0,0,0,0,0,0
2019,1022,1484,0,0,,,,,,,473,0,,,,,36224,0,,,2128,,454,,
2019,1049,930,0,0,,,,,,,473,0,,,,,18681,0,,,1488,,346,,
2019,1151,4517,0,0,0,0,697,0,0,0,1285,0,0,0,4431,0,671,0,0,0,3108,0,924,89,0
2019,794,58895,0,109,812,0,0,1867,0,0,8590,0,0,0,16362,0,190054,78944,0,0,53844,0,12966,1302,408
2019,415,116,0,0,0,0,0,0,0,0,1162,0,2658,0,0,0,1109,0,5724,0,4589,0,9,0,0
2019,592,5340,0,0,69,0,651,0,0,0,3169,0,0,0,4629,0,42062,0,0,0,5243,0,1556,0,6
2019,497,2663,0,0,40,0,253,0,0,0,1465,0,0,0,9011,0,24650,0,0,0,3409,0,1277,15,30
2019,726,23410,0,27,0,0,2488,0,0,0,3705,0,0,0,5972,0,113288,21346,0,0,22168,0,3972,416,143
2019,272,2468,0,0,0,0,482,0,0,0,1280,0,0,0,8462,0,29082,0,0,0,3781,0,819,4,0
2019,805,56623,0,106,2861,0,4274,0,4113,0,7454,0,4724,0,15314,0,207411,26937,1408,0,42198,0,10877,1674,586
2019,64,0,0,0,0,0,0,0,0,0,0,0,0,0,0,0,0,0,0,0,0,0,0,0,0
2019,842,0,0,0,0,0,0,0,0,0,389,0,0,0,2704,0,42725,0,0,0,6344,0,1061,0,0
2019,843,0,0,0,0,0,0,0,0,0,384,0,0,0,0,0,26730,0,0,0,4649,0,929,0,0
2019,1127,11109,0,2,47,0,2671,0,1639,0,7177,0,453,0,7192,0,48456,0,375,0,7759,0,2721,112,30
2019,1158,7689,0,0,0,0,885,0,0,0,2812,0,0,0,12420,0,27915,0,0,0,5139,0,2194,30,1
2019,803,12483,0,5,0,0,504,0,0,0,4184,0,0,0,7641,0,79143,12001,2414,0,12451,329,4059,146,106
2019,211,1680,0,0,0,0,1,0,0,0,3,0,0,0,1,0,2,0,0,0,1,0,573,1,0
2019,773,20547,0,65,1449,0,4085,0,1950,0,3887,0,0,0,22546,0,86273,0,4489,0,45103,0,3648,588,467
2019,424,0,0,0,0,0,0,0,0,0,0,0,0,0,0,0,201556,0,0,0,0,0,2099,15,0
2019,298,17910,0,0,167,0,2339,0,4820,0,7404,0,0,0,21624,0,23864,0,0,0,7441,0,2496,62,133
2019,594,527,0,0,0,0,0,0,0,0,559,0,0,0,1019,0,11553,0,0,0,610,0,1202,0,0
2019,237,375,0,0,0,0,0,0,0,0,0,0,0,0,0,0,12838,0,0,0,0,0,60,0,0
2019,16,0,0,0,0,0,0,0,0,0,0,0,0,0,0,0,0,0,0,0,0,0,0,0,0
2019,768,2310,0,0,0,0,0,0,0,0,0,0,0,0,0,0,13179,0,0,0,1576,0,325,0,0
2019,617,9420,0,18,0,0,0,0,0,0,6248,0,0,0,3890,0,61096,0,0,0,8409,0,1190,252,0
2019,297,23970,0,0,0,0,2241,0,0,0,5142,0,0,0,8027,0,22836,0,0,0,0,0,1085,0,0
2019,105,0,0,0,0,0,0,0,0,0,0,0,0,0,0,0,0,0,0,0,0,0,0,0,0
2019,544,3093,0,1,0,0,0,0,0,0,3363,0,0,0,0,0,36616,0,0,0,3152,0,1206,0,0
2019,804,11304,0,9,0,0,1644,0,0,0,7196,0,0,0,5607,0,32444,0,0,0,7374,0,1908,145,0
2019,104,0,0,0,0,0,0,0,0,0,0,0,0,0,0,0,0,0,0,0,0,0,0,0,0
2019,20,0,0,0,0,0,0,0,0,0,0,0,0,0,0,0,0,0,0,0,0,0,0,0,0
2019,550,0,0,0,0,0,0,0,0,0,5356,0,0,0,0,0,56572,0,0,0,0,0,971,0,0
2019,112,0,0,0,0,0,0,0,0,0,0,0,0,0,0,0,0,0,0,0,0,0,0,0,0
2019,818,0,0,0,0,0,0,0,0,0,0,0,0,0,0,0,0,0,0,0,0,0,0,0,0
2019,882,0,0,0,0,0,0,0,0,0,0,0,0,0,0,0,0,0,0,0,0,0,0,0,0
2019,914,0,0,0,0,0,0,0,0,0,0,0,0,0,0,0,0,0,0,0,0,0,0,0,0
2019,928,0,0,0,0,0,0,0,0,0,0,0,0,0,0,0,0,0,0,0,0,0,0,0,0
2019,964,8524,0,13,0,0,0,0,0,0,2854,0,0,0,5513,0,43712,0,0,0,7574,0,2169,0,0
2019,1026,0,0,0,0,0,0,0,0,0,0,0,0,0,0,0,0,0,0,0,0,0,0,0,0
2019,1068,0,0,0,0,0,0,0,0,0,0,0,0,0,0,0,0,0,0,0,0,0,0,0,0
2019,1108,0,0,0,0,0,0,0,0,0,1476,0,0,0,2848,0,24042,0,0,0,4506,0,328,0,0
2019,404,1384,0,0,0,0,0,0,0,0,0,0,0,0,37,0,3046,0,0,0,7,0,2962,0,0
2019,270,4142,0,0,0,0,0,0,607,0,6044,0,0,0,8287,0,37153,0,0,0,6822,0,2741,28,10
2019,676,3975,0,6,0,,,,0,,5451,0,0,,2451,,87141,0,,,6178,,795,40,
2019,709,7381,0,10,0,,,,,,9022,0,,,0,,156085,0,,,10348,,2878,138,
2019,754,66442,0,101,3916,,7552,,4196,,7058,0,5287,,29475,,311912,0,836,,55174,,6985,941,31
2019,997,3270,0,0,,,,,,,3951,0,,,,,48953,0,,,3200,,1171,,
2019,1069,1875,0,0,,,,,,,2643,0,,,,,30731,0,,,2388,,805,,
2019,1118,0,0,0,0,0,2636,0,952,0,7472,0,0,0,10378,0,73654,0,0,0,8356,0,2772,0,0
2019,1116,19910,0,47,3028,,23458,,8926,,18782,0,,,34163,,509624,0,3680,,73782,,15404,1016,
2019,734,26188,0,5,554,0,0,0,0,0,3347,0,0,0,11080,0,120025,23986,0,0,17522,420,5886,761,175
2019,299,2882,0,0,0,0,3149,0,0,0,2506,0,0,0,4701,0,22681,0,0,0,1434,0,464,0,0
2019,645,1785,0,0,0,0,1654,0,0,0,1009,0,0,0,0,0,14987,0,0,0,0,0,263,0,0
2019,17,0,0,0,0,0,0,0,0,0,0,0,0,0,0,0,0,0,0,0,0,0,0,0,0
2019,1046,0,0,0,0,0,0,0,0,0,0,0,0,0,0,0,0,0,0,0,0,0,0,0,0
2019,420,0,0,0,0,0,0,0,0,0,0,0,0,0,1840,0,6046,0,0,0,0,0,0,0,0
2019,802,0,0,0,0,0,0,0,0,0,0,0,0,0,0,0,1206,0,0,0,0,0,0,0,0
2019,266,3766,0,1,0,0,347,0,0,0,1010,0,0,0,14413,0,58871,0,0,0,5096,0,0,0,0
2019,769,4312,0,19,0,0,76,0,3743,0,41288,0,2109,0,2866,0,5065,0,1775,0,8526,0,0,0,0
2019,776,3521,132,0,0,0,0,0,0,0,0,0,0,0,0,0,29845,18881,0,0,6830,0,1551,85,0
2019,640,0,0,0,0,0,0,0,0,0,0,0,0,0,0,0,41251,0,0,0,4020,0,363,0,0
2019,315,0,0,0,0,0,0,0,0,0,0,0,0,0,0,0,0,0,0,0,0,0,0,0,0
2019,40,0,0,0,0,0,0,0,0,0,0,0,0,0,0,0,0,0,0,0,0,0,0,0,0
2019,508,3084,0,0,0,0,0,0,0,0,158,0,0,0,5781,0,31772,3380,0,0,5651,0,0,0,0
2019,46,0,0,0,0,0,0,0,0,0,0,0,0,0,0,0,0,0,0,0,0,0,0,0,0
2019,590,5135,900,3,0,0,0,0,0,0,0,0,0,0,0,0,36581,17386,0,0,5810,0,2154,76,0
2019,777,4550,1501,4,0,0,0,0,0,0,0,0,0,0,0,0,34859,14345,0,0,4692,0,514,145,0
2019,897,21357,4827,30,754,0,0,6256,0,0,7503,0,254,0,194,0,127481,98180,0,0,35165,6513,4882,1431,0
2019,965,0,0,0,0,0,0,0,0,0,0,0,0,0,0,0,0,0,0,0,0,0,0,0,0
2019,671,6639,0,2,,,,,,,10124,0,,,6909,,94491,0,,,11849,,1566,174,77
2019,376,16493,0,0,0,0,385,0,0,0,907,0,0,0,0,0,7833,0,0,0,6952,0,3942,0,0
2019,621,3793,0,1,,,,,,,4902,0,,,,,71816,0,,,3267,,692,80,
2019,793,14039,0,22,0,,6299,,3838,,4743,2,,,8599,,186856,86603,3551,,24637,,4955,476,4
2019,1102,4175,0,0,0,0,388,0,0,0,1496,0,0,0,3839,0,31122,0,0,0,2980,0,1748,0,0
2019,1147,274,0,0,0,0,0,0,0,0,58,0,0,0,0,0,31554,0,0,0,1029,0,120,0,0
2019,712,9256,0,5,0,0,0,0,0,0,1770,0,0,0,0,0,57370,0,0,0,9141,0,2966,136,206
2019,32,0,0,0,0,0,0,0,0,0,0,0,0,0,0,0,0,0,0,0,0,0,0,0,0
2019,361,0,0,0,0,0,0,0,0,0,10853,0,0,0,0,0,3042,0,0,0,1205,0,0,0,0
2019,486,0,0,0,0,0,0,0,1308,0,660,0,0,0,0,0,6446,0,0,0,1506,0,552,0,0
2019,595,6450,0,3,0,0,0,0,0,0,3263,0,0,0,0,0,54899,10978,0,0,8748,0,1808,113,0
2019,433,0,0,0,0,0,0,0,0,0,796,0,0,0,0,0,18369,0,0,0,1370,0,0,0,0
2019,1058,0,0,0,0,0,0,0,0,0,257,0,0,0,0,0,8658,0,0,0,0,0,229,0,0
2019,261,2883,0,0,0,0,0,0,0,0,0,0,0,0,0,0,6819,0,0,0,0,0,122,0,0
2019,730,11702,0,0,,,,,,,11436,0,,,0,,145062,0,,,8144,,2137,33,
2019,577,6429,0,7,,,,,,,11146,0,,,0,,143005,0,,,9356,,2018,73,
2019,788,18187,0,18,125,,4166,,4043,,4661,0,0,0,15162,,177696,37366,1394,,35786,,4792,166,207
2019,865,3445,0,3,,,,,,,5661,0,,,0,,54268,0,,,5437,,854,22,
2019,979,669,0,0,,,,,,,1450,0,,,,,18349,0,,,1949,,156,10,
2019,998,401,0,0,,,,,,,731,0,,,,,10442,0,,,,,90,,
2019,1072,798,0,0,,,,,,,2115,0,,,,,32038,0,,,2242,,270,,
2019,221,83,0,0,0,0,18,0,0,0,566,0,0,0,2305,0,14495,0,0,0,1084,0,284,6,0
2019,506,64,0,0,0,0,620,0,16,0,81,0,0,0,4518,0,38566,0,0,0,2339,0,1298,2,0
2019,727,15125,0,7,0,0,0,0,0,0,2642,0,0,0,7261,0,92553,0,0,0,19852,0,4293,238,6
2019,355,2495,0,0,0,0,0,0,0,0,680,0,0,0,2300,0,10267,0,0,0,1413,0,216,0,0
2019,487,762,0,0,0,0,4,0,0,0,42,0,0,0,3801,0,11271,0,0,0,2729,0,121,6,0
2019,938,2245,0,43,2029,0,4403,0,7822,0,4380,4662,0,0,14463,0,165480,75081,1782,0,31200,0,9094,644,265
2019,835,629,0,0,0,0,366,0,0,0,885,0,0,0,1660,0,0,0,0,0,580,0,301,0,0
2019,999,0,0,0,0,0,0,0,0,0,0,0,0,0,0,0,0,0,0,0,0,0,0,0,0
2019,798,24620,0,57,549,0,0,0,0,0,7132,0,0,0,0,0,129419,0,0,0,27386,0,3145,927,408
2019,504,1104,0,0,642,0,0,0,0,0,61,0,0,0,13601,0,34843,0,0,0,5899,0,2338,32,1
2019,247,4163,4163,0,0,0,0,1128,0,0,0,4204,0,0,0,0,3046,4568,0,0,3791,0,624,0,0
2019,216,2656,0,0,0,0,1318,0,0,0,2288,0,0,0,4728,0,23233,0,0,0,4474,0,721,0,0
2019,65,0,0,0,0,0,0,0,0,0,0,0,0,0,0,0,0,0,0,0,0,0,0,0,0
2019,472,0,0,0,0,0,0,0,0,0,1192,0,0,0,0,0,19945,0,0,0,2111,0,278,0,0
2019,427,0,0,0,0,0,0,0,0,0,0,0,0,0,0,0,3750,0,0,0,0,0,0,0,0
2019,491,638,0,0,0,0,0,0,0,0,1510,0,0,0,0,0,13323,0,0,0,1916,0,253,0,0
2019,551,138,0,0,0,0,0,0,0,0,293,0,0,0,0,0,2747,0,0,0,451,0,143,0,0
2019,106,0,0,0,0,0,0,0,0,0,0,0,0,0,0,0,0,0,0,0,0,0,0,0,0
2019,819,0,0,0,0,0,0,0,0,0,0,0,0,0,0,0,0,0,0,0,0,0,0,0,0
2019,836,0,0,0,0,0,0,0,0,0,0,0,0,0,0,0,0,0,0,0,0,0,0,0,0
2019,915,0,0,0,0,0,0,0,0,0,0,0,0,0,0,0,0,0,0,0,0,0,0,0,0
2019,942,0,0,0,0,0,0,0,0,0,0,0,0,0,0,0,0,0,0,0,0,0,0,0,0
2019,1140,0,0,0,0,0,0,0,0,0,0,0,0,0,0,0,0,0,0,0,0,0,0,0,0
2019,748,18027,8088,13,138,0,0,2333,0,2036,6768,19061,0,1738,16629,3322,118801,48303,0,476,28645,3412,4355,576,239
2019,198,0,0,0,0,0,0,0,0,0,0,0,0,0,0,0,0,0,0,0,0,0,0,0,0
2019,871,3635,0,4,0,0,873,0,0,0,429,0,0,0,7375,0,31387,0,0,0,5633,0,1353,55,19
2019,948,0,0,0,0,0,81,0,0,0,0,0,0,0,3763,0,24282,0,0,0,1988,0,444,0,0
2019,1051,0,0,0,0,0,0,0,0,0,0,0,0,0,0,0,0,0,0,0,0,0,0,0,0
2019,1083,0,0,0,0,0,0,0,0,0,0,0,0,0,0,0,0,0,0,0,0,0,0,0,0
2019,1096,0,0,0,0,0,0,0,0,0,0,0,0,0,0,0,0,0,0,0,0,0,0,0,0
2019,1159,542,0,0,0,0,1201,0,0,0,3769,0,0,0,0,0,0,0,0,0,0,0,0,0,0
2019,679,24188,0,10,1542,0,3338,0,1869,0,3357,0,0,0,16791,0,206248,0,180,0,31375,0,5688,428,554
2019,176,335,0,0,0,0,0,0,0,0,578,0,0,0,3702,0,8743,0,0,0,1182,0,366,0,3
2019,537,0,0,0,0,0,0,0,0,0,665,0,0,0,6047,0,8348,0,0,0,2193,0,902,0,0
2019,608,11107,0,3,0,0,0,0,0,0,1473,0,0,0,5066,0,57129,0,0,0,6898,0,1520,79,0
2019,596,2389,0,2,0,0,0,0,0,0,545,0,0,0,0,0,37904,0,0,0,4665,0,874,51,0
2019,749,51935,0,14,3239,0,3115,0,6506,0,8264,2546,2260,0,27920,0,190643,84693,1486,0,60887,0,14903,2035,1210
2019,758,37947,1806,163,1222,0,7762,0,11023,0,9207,0,3337,0,32058,0,188597,70819,2233,0,59158,0,12121,1039,320
2019,1104,33610,0,64,1188,0,6622,0,3920,0,7298,3519,5095,0,21989,0,50814,60949,773,0,16620,0,9626,1142,344
2019,567,7825,0,0,0,0,9940,0,0,0,4824,0,0,0,0,0,10233,0,0,0,2686,0,1912,0,0
2019,677,15945,0,8,433,0,2424,0,0,0,5138,0,0,0,13636,0,99654,16975,2766,0,26327,0,6181,705,491
2019,670,2252,0,0,0,0,0,0,0,0,0,0,0,0,7111,0,27827,0,0,0,1778,0,150,71,0
2019,588,4595,0,0,0,0,0,0,1289,0,1269,0,0,0,0,0,20578,0,0,0,5351,0,585,0,0
2019,753,33854,0,52,2130,0,8528,0,6063,0,9224,0,4043,0,26957,0,218657,47499,593,0,55804,0,10047,936,489
2019,887,0,0,0,0,0,0,0,0,0,0,0,0,0,0,0,730,0,0,0,0,0,0,0,0
2019,245,0,0,0,0,0,9180,0,0,0,23098,0,0,0,22460,0,59840,0,0,0,11507,0,867,32,11
2019,603,6005,0,0,0,0,0,0,0,0,1994,0,0,0,12311,0,78433,0,0,0,6689,0,1896,9,0
2019,426,0,0,0,0,0,0,0,0,0,778,0,0,0,4562,0,4297,0,0,0,1196,0,355,0,0
2019,232,17570,0,0,0,0,2181,0,0,0,6794,0,0,0,7230,0,7305,0,0,0,2185,0,643,0,0
2019,288,3336,0,0,0,0,475,0,0,0,2380,0,0,0,13316,0,70216,0,0,0,9241,0,9140,9,7
2019,246,4055,0,0,0,0,1243,0,0,0,2964,0,0,0,5888,0,12719,0,0,0,2367,0,2500,0,0
2019,284,0,0,0,0,0,3952,0,0,0,12075,0,0,0,13000,0,73276,0,0,0,6135,0,4140,40,0
2019,18,0,0,0,0,0,0,0,0,0,0,0,0,0,0,0,0,0,0,0,0,0,0,0,0
2019,356,0,0,0,0,0,0,0,0,0,0,0,0,0,0,0,0,0,0,0,0,0,0,0,0
2019,401,0,0,0,0,0,0,0,0,0,0,0,0,0,0,0,283,0,0,0,0,0,0,0,0
2019,733,44697,0,18,6356,0,3466,5387,2969,0,7265,11493,0,0,51450,12582,173476,89625,0,0,41738,11906,10870,1872,192
2019,243,0,0,0,0,0,0,0,0,0,1445,0,0,0,8408,0,32187,0,0,0,2256,0,5073,0,0
2019,380,0,0,0,0,0,0,0,0,0,0,0,0,0,0,0,0,0,0,0,0,0,0,0,0
2019,716,16075,0,0,0,0,0,0,0,0,0,0,0,0,7911,0,34132,0,0,0,5997,0,11963,0,7
2019,534,5863,0,0,160,0,3825,0,6812,0,2282,0,0,0,17086,0,54070,0,0,0,6385,0,2198,20,0
2019,185,0,0,0,0,0,38,0,0,0,988,0,0,0,2527,0,4573,0,0,0,716,0,481,0,0
2019,258,10840,0,0,134,0,1229,0,0,0,2756,0,762,0,8315,0,25957,0,0,0,6954,0,3862,38,5
2019,505,2031,0,0,0,0,926,0,11,0,1334,0,0,0,4685,0,9023,0,0,0,2289,0,2304,0,0
2019,268,9468,0,0,3,0,1676,0,0,0,2984,0,0,0,9851,0,45210,0,0,0,7428,0,9075,0,0
2019,602,5630,0,0,240,0,2430,0,0,0,7359,0,1162,0,11790,0,41150,0,960,0,5226,0,870,41,5
2019,254,257,0,0,2,0,4624,0,3448,0,4455,0,1552,0,18443,0,25147,0,0,0,6870,0,1985,4,24
2019,705,17549,0,0,558,0,0,0,0,0,4624,0,0,0,17460,0,51848,0,0,0,12172,0,3127,101,97
2019,133,3324,0,0,0,0,2452,0,0,0,10408,0,0,0,0,0,1302,0,0,0,0,0,0,0,0
2019,33,0,0,0,0,0,0,0,0,0,0,0,0,0,0,0,0,0,0,0,0,0,0,0,0
2019,143,0,0,0,0,0,0,0,0,0,0,0,0,0,0,0,0,0,0,0,0,0,0,0,0
2019,36,0,0,0,0,0,0,0,0,0,0,0,0,0,0,0,0,0,0,0,0,0,0,0,0
2019,756,10910,0,10,467,0,1845,0,1114,0,2528,0,0,0,7628,0,92749,0,1365,0,14669,0,2543,221,119
2019,662,48381,0,11,490,0,2596,0,1650,0,3200,7420,0,0,6656,6451,127004,47422,0,0,18553,3167,7910,559,143
2019,192,0,0,0,0,0,0,0,0,0,0,0,0,0,0,0,4460,0,0,0,0,0,0,0,0
2019,382,0,0,0,0,0,0,0,0,0,0,0,0,0,0,0,1232,0,0,0,0,0,0,0,0
2019,322,0,0,0,0,0,0,0,0,0,0,0,0,0,0,0,1369,0,0,0,0,0,0,0,0
2019,478,0,0,0,0,0,0,0,0,0,0,0,0,0,7281,0,15807,0,0,0,2115,0,0,0,0
2019,352,0,0,0,0,0,0,0,0,0,0,0,0,0,0,0,3548,0,0,0,0,0,0,0,0
2019,628,23331,0,19,99,0,0,0,0,0,6198,0,0,0,9156,0,85736,22952,0,0,17088,0,4720,429,156
2019,495,0,0,0,0,0,0,0,0,0,0,0,0,0,10702,0,47407,0,0,0,3931,0,0,0,0
2019,845,16141,0,17,0,0,0,0,0,0,11071,0,0,0,11919,0,94252,32056,0,0,13556,0,3964,359,240
2019,498,6148,0,0,0,0,0,0,0,0,4187,0,0,0,3398,0,48076,0,0,0,5212,0,1711,3,0
2019,314,0,0,0,0,0,0,0,0,0,0,0,0,0,0,0,2131,0,0,0,0,0,0,0,0
2019,720,5467,0,0,0,0,0,0,0,0,4672,0,0,0,17288,0,58306,0,0,0,5399,0,2019,109,37
2019,721,15062,0,31,2629,0,0,0,0,0,5242,6704,3891,0,17404,0,85486,21862,4722,0,18330,0,4552,402,162
2019,485,5,0,3,0,0,0,0,0,0,0,0,0,0,0,0,0,0,0,0,0,0,0,0,0
2019,273,10401,0,3,604,0,0,0,0,0,2036,0,0,0,9942,0,42526,0,0,0,10449,0,2772,101,81
2019,846,32650,0,94,144,0,1237,0,3204,0,10836,0,0,0,12491,0,117624,0,0,0,21482,0,4882,392,85
2019,847,0,0,0,0,0,0,0,0,0,0,0,0,0,36460,0,92115,0,0,0,6452,0,1547,0,0
2019,848,17675,0,28,198,0,2448,0,0,0,8428,0,0,0,16802,0,59450,0,0,0,6870,0,2799,50,52
2019,916,11839,0,0,0,0,0,0,1495,0,6133,0,1140,0,7573,0,8077,0,0,0,11642,0,3935,99,13
2019,930,0,0,0,0,0,2413,0,0,0,4374,0,0,0,19213,0,52327,0,0,0,8134,0,3744,61,45
2019,954,20095,0,19,81,0,0,1820,2212,0,13355,6568,1835,0,10779,0,133007,33004,389,0,20050,0,5339,375,114
2019,943,10272,0,0,0,0,0,0,0,0,6005,0,0,0,16595,0,58175,0,0,0,5271,0,2364,16,0
2019,949,60010,0,113,10,0,6242,0,9938,0,13446,0,3069,0,29002,0,114140,66583,1842,0,45781,0,12359,1511,508
2019,980,20700,0,0,391,0,3004,0,0,0,7166,0,842,0,19053,0,23886,0,4294,0,8198,0,0,0,0
2019,981,0,0,0,0,0,0,0,0,0,254,0,0,0,3015,0,6265,0,0,0,1058,0,0,0,0
2019,1024,31046,0,0,53,0,3104,0,3816,0,6988,0,2659,0,26763,0,60553,0,360,0,15283,0,4549,539,102
2019,1017,0,0,0,0,0,0,0,0,0,0,0,0,0,0,0,0,0,0,0,0,0,0,0,0
2019,1000,15549,0,0,0,0,2784,0,3035,0,6811,0,2342,0,24192,0,91216,0,283,0,25067,0,5515,264,170
2019,1018,14555,0,2,23,0,2524,0,243,0,9603,0,0,0,20760,0,107960,0,0,0,17319,0,4088,176,97
2019,1001,15776,0,0,1,0,1464,0,0,0,4170,0,0,0,7192,0,14021,0,0,0,2839,0,2711,0,0
2019,1007,18372,0,15,0,0,3979,0,0,0,15331,0,0,0,13451,0,159629,0,0,0,19050,0,6613,309,115
2019,1008,19281,0,4,0,0,0,0,0,0,7501,0,0,0,7321,0,106079,0,0,0,11653,0,4213,351,86
2019,1010,24180,0,39,0,0,0,0,0,0,3969,0,0,0,5969,0,80477,0,0,0,7747,0,3215,189,86
2019,1011,7112,0,2,2,0,0,0,0,0,3753,0,0,0,4907,0,62187,0,0,0,5777,0,1497,74,21
2019,1012,14987,0,5,0,0,0,0,0,0,8292,0,0,0,6941,0,80136,0,0,0,10530,0,2787,166,53
2019,1013,55540,0,71,2430,0,2955,0,0,0,23254,0,5219,0,25713,0,218480,0,6029,0,40278,0,10860,1762,349
2019,1041,0,0,0,0,0,0,0,0,0,0,0,0,0,0,0,0,0,0,0,0,0,0,0,0
2019,1073,12350,0,12,878,0,1914,0,0,0,13018,0,0,0,12009,0,87253,0,0,0,16166,0,3493,403,112
2019,1087,22679,0,9,16,0,4036,0,6042,0,15003,0,4747,0,31547,0,173950,0,819,0,23726,0,6504,834,106
2019,1109,13565,0,5,135,0,1107,0,1444,0,8041,0,0,0,18565,0,114303,0,565,0,15358,0,4185,213,105
2019,1110,22775,0,3,216,0,0,0,1510,0,6629,0,848,0,16120,0,34536,0,248,0,7511,0,2643,147,45
2019,1112,6696,0,0,0,0,1635,0,753,0,2502,0,0,0,4035,0,23542,0,0,0,620,0,1938,0,0
2019,1120,0,0,0,0,0,0,0,0,0,0,0,0,0,0,0,0,0,0,0,0,0,0,0,0
2019,1156,0,0,0,0,0,0,0,0,0,0,0,0,0,3193,0,11939,0,0,0,993,0,0,0,0
2019,1155,0,0,0,0,0,0,0,0,0,0,0,0,0,0,0,0,0,0,0,0,0,0,0,0
2019,1148,5981,0,1,363,0,1066,0,0,0,2816,0,943,0,7375,0,18284,0,886,0,8853,0,1985,51,29
2019,1126,31081,0,13,0,0,3168,0,0,0,4601,3132,0,0,9641,0,111551,38860,0,0,18073,0,6476,329,160
2019,,0,0,0,0,0,0,0,0,0,0,0,0,0,0,0,20,0,0,0,0,0,0,0,0
2019,1152,0,0,0,0,0,0,0,0,0,0,0,0,0,0,0,0,0,0,0,0,0,0,0,0
2019,789,0,0,0,0,0,0,0,0,0,0,0,0,0,0,0,0,0,0,0,0,0,0,0,0
2019,326,0,0,0,0,0,0,0,0,0,0,0,0,0,0,0,0,0,0,0,0,0,0,0,0
2019,442,0,0,0,0,0,2472,0,0,0,3623,0,0,0,10749,0,11724,0,0,0,3986,0,1866,0,0
2019,294,0,0,0,0,0,1369,0,0,0,2549,0,0,0,6250,0,35529,0,0,0,7011,0,1683,37,42
2019,378,980,0,0,0,0,0,0,0,0,0,0,0,0,0,0,2883,0,0,0,395,0,489,3,0
2019,402,0,0,0,0,0,0,0,0,0,2314,0,0,0,1687,0,8884,0,0,0,642,0,6521,0,0
2019,29,0,0,0,0,0,0,0,0,0,0,0,0,0,0,0,0,0,0,0,0,0,0,0,0
2019,450,1146,0,0,0,0,0,0,0,0,0,0,0,0,0,0,6169,0,0,0,0,0,220,0,0
2019,656,11146,0,4,,,,,,,10131,0,,,2301,,125153,0,,,8077,,2039,68,
2019,333,9847,0,0,0,0,951,0,0,0,1650,0,0,0,7856,0,51630,0,0,0,5690,0,1963,236,24
2019,684,6645,0,3,,,,,,,18468,0,,,6420,,157844,0,,,13742,,2616,200,
2019,422,184,0,0,87,0,0,0,0,0,48,0,0,0,1839,0,11560,0,0,0,1272,0,845,1,1
2019,763,24195,0,34,5589,,67,,6665,,7140,0,3823,,29903,,358107,37906,3732,,55294,,6266,598,797
2019,741,32996,0,30,0,,7031,,5694,,11183,3086,0,,14859,,298052,102291,3406,,45008,,3080,753,2
2019,553,24296,0,8,1690,0,0,0,0,0,9557,0,0,0,14833,0,181458,15619,0,0,26114,0,2442,403,0
2019,899,0,0,0,0,0,0,0,0,0,0,0,0,0,0,0,0,0,0,0,0,0,0,0,0
2019,900,856,0,0,0,0,0,0,0,0,624,0,399,0,1235,0,1045,0,0,0,1554,0,59,0,0
2019,950,6574,0,0,0,0,1564,0,0,0,4164,0,0,0,5157,0,7368,0,0,0,1566,0,438,0,0
2019,966,3109,0,0,132,0,343,0,0,0,609,0,0,0,0,0,14253,0,0,0,14253,0,1308,1,9
2019,967,0,0,0,0,0,0,0,0,0,0,0,0,0,0,0,0,0,0,0,0,0,0,0,0
2019,982,6737,0,0,0,0,543,0,0,0,3784,0,0,0,13195,0,52206,0,1815,0,13001,0,583,75,37
2019,1014,0,0,0,,,,,,,1801,0,,,,,44429,,,,4908,,2547,94,
2019,1080,17660,0,2,36,0,2976,0,0,0,5667,0,0,0,13504,0,36355,0,0,0,11467,0,3243,195,45
2019,1074,0,0,0,0,0,0,0,0,0,299,0,0,0,3766,0,4943,0,0,0,1203,0,300,0,0
2019,1084,1403,0,0,0,0,20,0,0,0,952,0,0,0,319,0,17974,0,0,0,704,0,708,0,0
2019,1113,11,0,1,0,0,0,0,0,0,0,0,0,0,0,0,29,0,0,0,0,0,0,0,0
2019,1137,0,0,0,0,0,0,0,0,0,45,0,0,0,764,0,1585,0,0,0,615,0,45,1,0
2019,1142,4306,0,1,,,,,,,5368,0,,,2275,,73325,0,,,6747,,1339,82,
2019,722,24405,0,55,503,0,8350,0,6768,0,4148,0,4947,0,9289,0,160849,16532,802,0,27722,0,5262,696,334
2019,660,23294,0,49,217,0,0,0,0,0,2382,0,0,0,4730,0,125195,0,0,0,20481,0,4029,519,79
2019,75,0,0,0,0,0,0,0,0,0,0,0,0,0,0,0,0,0,0,0,0,0,0,0,0
2019,249,5776,0,0,199,0,397,0,0,0,1093,0,0,0,4486,0,44460,0,0,0,3164,0,1638,0,15
2019,227,3567,0,0,0,0,5128,0,0,0,3337,0,0,0,9651,0,36689,0,0,0,7317,0,1890,8,1
2019,150,2012,0,0,0,0,0,0,0,0,657,0,0,0,0,0,3814,0,0,0,0,0,1369,0,0
2019,47,0,0,0,0,0,0,0,0,0,0,0,0,0,0,0,0,0,0,0,0,0,0,0,0
2019,172,418,0,0,0,0,0,0,0,0,0,0,0,0,6505,0,13424,0,0,0,3006,0,35,0,0
2019,581,4457,0,1,0,0,0,0,0,0,843,0,0,0,0,0,54416,0,0,0,6198,0,734,156,0
2019,120,245,0,0,0,0,0,0,0,0,0,0,0,0,0,0,1083,0,0,0,0,0,0,0,0
2019,445,0,0,0,0,0,0,0,0,0,0,0,0,0,0,0,0,0,0,0,0,0,38,0,0
2019,471,0,0,0,0,0,0,0,0,0,0,0,0,0,0,0,16787,0,0,0,670,0,176,2,0
2019,53,0,0,0,0,0,0,0,0,0,0,0,0,0,0,0,0,0,0,0,0,0,0,0,0
2019,199,317,0,0,0,0,7,0,0,0,344,0,0,0,0,0,12698,0,0,0,0,0,521,0,0
2019,575,5344,0,0,0,0,0,0,0,0,1230,0,0,0,184,0,76051,0,0,0,6389,0,1289,232,0
2019,528,6234,0,3,0,0,0,0,0,0,790,0,0,0,0,0,26126,6561,0,0,3946,0,1388,0,0
2019,631,11203,0,6,0,0,0,0,0,0,2989,0,0,0,0,0,71677,45728,0,0,7075,0,1889,150,0
2019,699,20157,0,0,0,0,0,0,0,0,3693,0,0,0,3156,0,82602,10953,0,0,17700,0,4532,678,130
2019,823,0,0,0,0,0,0,0,0,0,0,0,0,0,0,0,9135,0,0,0,0,0,0,0,0
2019,849,5107,0,0,0,0,0,0,0,0,3228,0,0,0,0,0,44048,0,0,0,4633,0,1195,76,0
2019,869,819,0,0,0,0,57,0,0,0,168,0,0,0,0,0,76875,0,0,0,2072,0,1224,0,0
2019,955,0,0,0,0,0,0,0,0,0,0,0,0,0,0,0,0,0,0,0,0,0,0,0,0
2019,983,0,0,0,0,0,0,0,0,0,0,0,0,0,0,0,0,0,0,0,0,0,0,0,0
2019,1002,0,0,0,0,0,0,0,0,0,0,0,0,0,0,0,0,0,0,0,0,0,0,0,0
2019,1015,26256,0,69,454,0,0,0,2028,0,3368,0,3341,0,8635,0,205609,0,261,0,20772,0,3752,938,379
2019,1153,0,0,0,0,0,979,0,0,0,1093,0,0,0,7249,0,25698,0,0,0,1999,0,1874,0,0
2019,51,0,0,0,0,0,0,0,0,0,0,0,0,0,0,0,0,0,0,0,0,0,0,0,0
2019,441,1191,0,0,0,0,0,0,0,0,0,0,0,0,0,0,3412,0,0,0,0,0,0,0,0
2019,327,0,0,0,0,0,0,0,0,0,0,0,0,0,0,0,0,0,0,0,0,0,0,0,0
2019,690,11776,0,13,1004,0,1586,0,0,0,6839,0,4909,0,10703,0,40626,0,2218,0,15577,0,2676,163,57
2019,262,4506,0,1,0,0,1837,0,0,0,1005,526,0,0,5233,1680,22393,2171,0,0,3865,0,825,28,33
2019,403,0,0,0,0,0,0,0,0,0,0,0,0,0,0,0,1175,0,0,0,0,0,0,0,0
2019,312,0,0,0,0,0,0,0,0,0,0,0,0,0,0,0,0,0,0,0,0,0,0,0,0
2019,589,0,0,0,0,0,0,0,0,0,293,0,0,0,0,0,45986,0,0,0,3894,0,1542,25,0
2019,665,5730,0,15,0,0,0,0,0,0,613,0,0,0,5492,0,67692,0,0,0,8882,0,1730,60,0
2019,334,0,0,0,0,0,0,0,0,0,0,0,0,0,0,0,0,0,0,0,0,0,0,0,0
2019,1075,97031,0,200,1768,0,2875,0,5619,0,12657,0,0,0,11661,4550,167761,195006,2296,0,33630,7715,9758,772,787
2019,751,31352,0,53,337,0,5493,0,3161,0,9091,0,0,0,10178,0,149743,13921,1867,0,27873,0,5812,871,502
2019,186,0,0,0,0,0,239,0,0,0,966,0,0,0,10202,0,12011,0,0,0,2323,0,209,0,0
2019,646,2353,0,2,0,0,0,0,0,0,625,0,0,0,0,0,25480,0,0,0,2947,0,542,0,0
2019,536,0,0,0,0,0,0,0,0,0,531,0,0,0,0,0,31081,0,0,0,3378,0,622,0,0
2019,242,251,0,0,0,0,0,0,0,0,0,0,0,0,0,0,0,0,0,0,0,0,439,0,0
2019,490,0,0,0,0,0,0,0,0,0,19270,0,0,0,0,0,8466,0,0,0,0,0,0,0,0
2019,500,5254,0,0,0,0,1717,0,574,0,3585,0,459,0,10134,0,28624,0,58,0,4029,0,2040,39,24
2019,206,0,0,0,0,0,605,0,0,0,1767,0,0,0,14072,0,9654,0,0,0,1976,0,629,3,0
2019,58,0,0,0,0,0,0,0,0,0,0,0,0,0,0,0,0,0,0,0,0,0,0,0,0
2019,572,11286,0,13,0,0,0,0,0,0,3336,0,0,0,4958,0,110078,0,0,0,15372,0,3855,311,150
2019,180,786,0,0,0,0,2815,0,0,0,7651,0,0,0,0,0,1454,0,0,0,0,0,0,0,0
2019,549,1944,0,2,0,0,0,0,0,0,2129,0,0,0,0,0,26874,0,0,0,2161,0,652,21,0
2019,582,2383,0,3,0,0,0,0,0,0,2304,0,0,0,0,0,35886,0,0,0,3238,0,1229,69,20
2019,743,16494,0,57,0,0,0,0,0,0,4437,0,0,0,9733,0,122238,38333,0,0,18762,0,5745,179,161
2019,795,3899,0,0,0,0,0,0,0,0,14984,0,0,0,0,0,8819,0,0,0,0,0,0,0,0
2019,269,546,0,0,0,0,0,0,0,0,0,0,0,0,2868,0,36540,0,0,0,0,0,654,0,0
2019,634,4344,0,5,0,0,0,0,0,0,2128,0,0,0,5907,0,41504,0,0,0,6505,0,2384,68,137
2019,1,0,0,0,0,0,847,0,0,0,3795,0,0,0,5010,0,30494,0,0,0,2079,0,1012,987,189
2019,717,0,0,1,0,0,0,0,0,0,2130,0,0,0,4147,0,57998,0,0,0,7823,0,1796,95,0
2019,373,0,0,0,0,0,0,0,0,0,4827,0,0,0,0,0,1220,0,0,0,0,0,0,0,0
2019,824,28262,0,127,812,0,6154,0,5665,0,19906,0,2601,0,23749,0,252797,49697,827,0,49400,0,7237,1076,337
2019,888,1875,0,4,0,0,0,0,0,0,3412,0,0,0,0,0,29807,0,0,0,3375,0,517,19,0
2019,902,0,0,0,0,0,0,0,0,0,0,0,0,0,0,0,46,0,0,0,0,0,0,0,0
2019,968,0,0,0,0,0,0,0,0,0,0,0,0,0,0,0,0,0,0,0,0,0,0,0,0
2019,1154,7588,0,0,0,0,0,0,0,0,5050,0,0,0,2892,0,44228,0,0,0,6772,0,1831,90,87
2019,1130,0,0,0,0,0,0,0,0,0,0,0,0,0,0,0,0,0,0,0,0,0,0,0,0
2019,1141,0,0,0,0,0,0,0,0,0,0,0,0,0,0,0,0,0,0,0,0,0,0,0,0
2019,1145,0,0,0,0,0,0,0,0,0,0,0,0,0,8,0,40,0,0,0,0,0,0,0,0
2019,1122,0,0,0,0,0,0,0,0,0,0,0,0,0,0,0,0,0,0,0,0,0,0,0,0
2019,1133,0,0,0,0,0,0,0,0,0,0,0,0,0,0,0,0,0,0,0,0,0,0,0,0
2019,346,0,0,0,0,0,0,0,0,0,0,0,0,0,0,0,0,0,0,0,0,0,0,0,0
2019,27,0,0,0,0,0,0,0,0,0,0,0,0,0,0,0,0,0,0,0,0,0,0,0,0
2019,165,1178,0,0,0,0,0,175,0,0,582,0,0,0,2241,44,6167,0,0,0,1285,0,391,25,0
2019,956,11046,0,0,0,0,1050,0,0,0,6339,0,0,0,14582,0,121098,0,0,0,24055,0,4374,289,710
2019,413,0,0,0,0,0,0,0,0,0,0,0,0,0,0,0,0,0,0,0,0,0,0,0,0
2019,149,0,0,0,0,0,0,0,0,0,578,0,0,0,0,0,2317,0,0,0,0,0,0,0,0
2019,612,1768,0,0,0,0,1517,0,0,0,5546,0,0,0,8423,0,61910,0,0,0,3841,0,974,847,0
2019,559,317,0,0,0,0,0,0,0,0,325,0,0,0,1977,0,5257,0,0,0,607,0,0,0,0
2019,7,0,0,0,0,0,0,0,0,0,213,0,0,0,164,0,481,0,0,0,47,0,0,0,0
2019,283,4111,0,0,0,0,1970,0,1487,0,5933,0,4292,0,16031,0,44105,0,287,0,9227,0,1905,51,36
2019,37,0,0,0,0,0,0,0,0,0,0,0,0,0,0,0,0,0,0,0,0,0,0,0,0
2019,153,3403,0,0,465,0,1578,0,0,0,3646,0,0,0,13231,0,74926,0,0,0,6492,0,1017,40,0
2019,547,12748,0,5,0,0,0,0,0,0,1202,0,0,0,1994,0,96709,0,0,0,6908,0,2297,108,57
2019,556,4749,0,2,0,0,0,0,0,0,896,0,0,0,3465,0,49915,0,0,0,5280,0,1375,0,0
2019,42,0,0,0,0,0,0,0,0,0,0,0,0,0,0,0,0,0,0,0,0,0,0,0,0
2019,31,0,0,0,0,0,0,0,0,0,0,0,0,0,1971,0,1673,0,0,0,168,0,0,0,0
2019,740,30901,0,79,975,0,1038,0,3228,0,6801,11457,0,0,7495,0,193576,62657,2176,0,29597,1515,5588,805,367
2019,217,3672,0,0,0,0,421,0,0,0,1894,0,0,0,4736,0,26831,0,0,0,2907,0,2380,34,11
2019,863,626,0,0,0,0,118,0,0,0,710,0,0,0,4525,0,11752,0,0,0,2215,0,390,0,0
2019,889,26101,0,45,1644,0,2750,0,5029,0,5063,0,3866,0,9134,0,157785,89272,914,0,40439,0,5088,664,288
2019,984,2022,0,0,0,0,349,0,0,0,961,0,0,0,5638,0,37017,0,0,0,3341,0,745,49,0
2019,1146,0,0,0,0,0,0,0,0,0,0,0,0,0,0,0,1831,0,0,0,68,0,151,0,0
2019,34,0,0,0,0,0,0,0,0,0,0,0,0,0,0,0,0,0,0,0,0,0,0,0,0
2019,791,2600,0,0,0,0,2061,0,0,0,1281,0,0,0,7072,0,63243,0,0,0,6530,0,2275,8,0
2019,430,0,0,0,0,0,0,0,0,0,0,0,0,0,0,0,2489,0,0,0,0,0,0,0,0
2019,715,26022,0,4,84,0,0,0,3372,0,5437,0,0,0,14246,0,118174,0,301,0,21886,0,3217,343,96
2019,521,0,0,0,0,0,0,0,0,0,94,0,0,0,1373,0,7289,0,0,0,295,0,175,0,0
2019,524,0,0,0,123,0,0,0,687,0,3815,0,0,0,5565,0,23435,0,0,0,3433,0,1043,75,25
2019,432,0,0,0,0,0,0,0,0,0,0,0,0,0,0,0,3945,0,0,0,0,0,0,0,0
2019,19,0,0,0,0,0,0,0,0,0,0,0,0,0,0,0,0,0,0,0,0,0,0,0,0
2019,25,0,0,0,0,0,0,0,0,0,0,0,0,0,0,0,0,0,0,0,0,0,0,0,0
2019,26,0,0,0,0,0,0,0,0,0,0,0,0,0,0,0,0,0,0,0,0,0,0,0,0
2019,890,25538,0,25,1298,0,0,0,0,0,5860,0,0,0,10353,0,105763,30764,0,0,22757,0,6347,350,247
2019,904,0,0,0,0,0,0,0,0,0,1509,0,0,0,1943,0,43965,0,0,0,6917,0,680,0,0
2019,957,39027,0,94,483,0,3838,0,0,0,9498,0,4364,0,24284,0,287464,0,10486,0,52051,0,4680,1348,319
2019,939,42990,0,33,1039,0,3942,0,6647,0,6922,88,5353,0,19893,0,175231,6804,1314,0,35338,0,8098,1263,531
2019,236,0,0,0,0,0,0,0,0,0,0,0,0,0,0,0,0,0,0,0,0,0,1533,3,3
2019,735,22468,0,18,2448,0,8228,0,5611,0,10437,0,3935,0,12118,0,212517,45671,1434,0,29617,0,6219,937,344
2019,146,0,0,0,0,0,0,0,0,0,0,0,0,0,0,0,0,0,0,0,0,0,0,0,0
2019,363,4125,0,0,0,0,0,0,0,0,0,0,0,0,7721,0,16738,0,0,0,3317,0,2234,31,0
2019,187,4308,0,0,18,0,135,0,0,0,1308,0,0,0,8643,0,19966,0,0,0,2068,0,384,19,52
2019,265,0,0,0,0,0,0,0,0,0,1310,0,0,0,521,0,5928,0,0,0,392,0,85,0,0
2019,295,1044,0,0,0,0,924,0,0,0,3031,0,0,0,12472,0,38453,0,0,0,3770,0,1797,14,0
2019,496,3454,0,0,1458,0,555,0,0,0,1712,0,0,0,10696,0,53601,0,0,0,9928,0,1660,22,0
2019,391,458,0,0,0,0,0,0,0,0,0,0,0,0,0,0,3003,0,0,0,1220,0,95,0,0
2019,240,1392,0,0,0,0,384,0,0,0,1004,0,0,0,6297,0,39311,0,0,0,5240,0,1994,0,0
2019,448,0,0,0,0,0,0,0,0,0,212,0,0,0,0,0,6182,0,0,0,1011,0,523,0,271
2019,425,0,0,0,0,0,0,0,0,0,137,0,0,0,0,0,3259,0,0,0,581,0,177,0,0
2019,300,0,0,0,0,0,0,0,0,0,1417,0,0,0,1213,0,16876,0,0,0,1711,0,576,0,0
2019,339,4480,0,0,4107,0,618,0,940,0,760,0,0,0,8349,0,20721,0,85,0,3593,0,1627,35,0
2019,874,6112,0,3,0,0,0,0,0,0,545,0,0,0,3679,0,29777,13162,0,0,5692,0,850,82,0
2019,905,40301,0,28,2626,0,6447,0,4377,0,3807,3536,0,0,15237,0,162454,144593,2136,0,32142,0,6125,620,301
2019,1123,348,0,0,0,0,264,0,0,0,830,0,0,0,2932,0,1432,0,0,0,0,0,251,0,0
2019,736,43618,0,142,3341,0,135,0,3774,0,7202,0,3269,0,26109,0,217615,0,10,0,45022,0,6409,1481,725
2019,459,0,0,0,0,0,0,0,0,0,0,0,0,0,2752,0,7943,0,0,0,0,0,0,0,0
2019,320,228,0,0,0,0,0,0,0,0,0,0,0,0,0,0,9672,0,0,0,0,0,0,0,0
2019,45,0,0,0,0,0,0,0,0,0,0,0,0,0,0,0,0,0,0,0,0,0,0,0,0
2019,618,2960,0,0,0,0,0,0,0,0,2845,0,0,0,0,0,52231,4098,0,0,4572,0,1421,81,0
2019,463,9284,0,6,0,0,0,0,0,0,3043,0,0,0,4851,0,73434,21777,0,0,10245,0,2925,172,84
2019,891,3389,0,1,58,0,0,0,0,0,25,0,0,0,161,0,19873,0,0,0,1095,0,68,3,0
2019,958,9569,0,9,0,0,897,0,0,0,3337,0,0,0,5891,0,74535,0,0,0,16868,0,3298,235,95
2019,244,2749,0,0,0,0,0,0,0,0,44,0,0,0,13,0,1612,0,0,0,167,0,373,0,0
2019,28,0,0,0,0,0,0,0,0,0,0,0,0,0,0,0,0,0,0,0,0,0,0,0,0
2019,444,3882,0,0,0,0,18,0,0,0,157,0,0,0,386,0,6661,0,0,0,324,0,1300,0,0
2019,479,1,0,0,0,0,0,0,0,0,0,0,0,0,0,0,1058,0,0,0,0,0,0,0,0
2019,285,0,0,0,0,0,6915,0,0,0,4303,0,0,0,7687,0,24459,0,0,0,6790,0,9301,56,23
2019,253,11954,0,4,99,0,4349,0,0,0,11838,0,0,0,18711,0,72040,0,0,0,11495,0,4283,144,76
2019,481,2674,0,1,47,0,1032,0,0,0,1768,0,0,0,7101,0,25645,0,0,0,4045,0,1304,0,20
2019,540,0,0,0,385,0,0,0,2715,0,4154,0,1055,0,9005,0,33510,0,0,0,8230,0,4152,46,0
2019,332,0,0,0,0,0,0,0,0,0,0,0,0,0,0,0,0,0,0,0,0,0,0,0,0
2019,41,0,0,0,0,0,0,0,0,0,0,0,0,0,0,0,0,0,0,0,0,0,0,0,0
2019,510,0,0,0,0,0,559,0,0,0,1078,0,0,0,3668,0,28037,0,0,0,2016,0,627,4,6
2019,305,0,0,0,,,,,,,7,0,,,,,25269,,,,,,,,
2019,708,5032,0,3,0,,,,,,10036,0,,,0,,138592,0,,,12582,,1479,337,
2019,755,37747,0,111,4477,,6999,,7582,,11185,16316,7773,,31582,,354744,103039,4237,,91901,,6812,1314,
2019,750,20001,0,40,1982,,,,3966,,9710,4064,0,,16915,,269816,90015,2233,,52946,,5451,217,
2019,696,13732,0,30,1821,,3950,,0,0,8109,0,0,0,7172,,190684,159784,0,0,28036,,5469,560,228
2019,421,0,0,0,0,0,0,0,0,0,0,0,0,0,6433,0,29887,0,0,0,2636,0,0,0,0
2019,827,0,0,0,0,0,0,0,0,0,0,0,0,0,0,0,0,0,0,0,0,0,0,0,0
2019,933,9564,0,0,0,0,0,0,0,0,6647,0,0,0,6298,0,159296,0,0,0,16243,0,5113,1129,124
2019,1030,11872,0,1,0,0,1076,0,0,0,4115,0,0,0,8128,0,12716,0,0,0,3348,0,1082,17,0
2019,1003,2542,0,0,,,,,,,1020,0,,,,,27272,0,,,1803,,1062,19,
2019,1050,581,0,0,,,,,,,1804,0,,,0,,17043,0,,,746,,377,4,
2019,1043,6598,0,4,0,0,1441,0,0,0,8535,0,0,0,8268,0,36697,0,0,0,8840,0,1044,0,2
2019,1128,2207,0,0,,,,,,,4797,0,,,0,,35938,,,,2080,,910,9,
2019,1125,0,0,0,0,0,0,0,0,0,0,0,0,0,0,0,0,0,0,0,0,0,0,0,0
2019,1135,1791,0,0,,,,,,,379,0,,,0,,35626,,,,1206,,886,,
2019,934,11596,0,4,0,0,1709,0,0,0,5949,0,0,0,4896,0,51281,0,0,0,8621,0,1946,99,0
2019,629,13826,0,62,466,0,3891,0,4732,0,9015,0,0,0,10130,0,131018,0,0,0,22218,0,3840,284,287
2019,21,0,0,0,0,0,0,0,0,0,0,0,0,0,0,0,0,0,0,0,0,0,0,0,0
2019,615,3111,0,0,0,0,2336,0,0,0,4683,0,0,0,7846,0,61670,0,0,0,9103,0,1371,158,0
2019,626,2316,0,0,0,0,530,0,0,0,762,0,0,0,0,0,11675,0,0,0,1416,0,524,0,0
2019,417,0,0,0,0,0,0,0,0,0,0,0,0,0,0,0,4304,0,0,0,0,0,292,0,0
2019,597,0,0,0,0,0,427,0,0,0,2327,0,0,0,0,0,20999,0,0,0,2052,0,242,0,0
2019,539,18873,0,13,193,0,1683,0,2172,0,11319,0,1984,0,8962,0,49226,0,273,0,16786,0,2845,528,0
2019,343,0,0,0,0,0,0,0,0,0,2270,0,0,0,0,0,38981,0,0,0,0,0,402,0,0
2019,135,0,0,0,0,0,0,0,0,0,0,0,0,0,0,0,0,0,0,0,0,0,0,0,0
2019,158,0,0,0,0,0,0,0,0,0,0,0,0,0,0,0,1653,0,0,0,0,0,0,0,0
2019,775,17359,0,25,0,0,1681,0,0,0,5941,0,0,0,5243,0,57599,0,0,0,13484,0,3907,141,97
2019,177,0,0,0,0,0,0,0,0,0,0,0,0,0,0,0,1994,0,0,0,0,0,0,0,0
2019,578,0,0,0,0,0,0,0,0,0,1051,0,0,0,0,0,18593,0,0,0,0,0,632,0,0
2019,416,756,0,0,0,0,463,0,0,0,1148,0,0,0,3762,0,10941,0,0,0,1652,0,261,0,0
2019,561,7309,0,0,0,0,49,0,0,0,3312,0,0,0,0,0,42195,0,0,0,5121,0,977,36,0
2019,62,0,0,0,0,0,0,0,0,0,0,0,0,0,0,0,0,0,0,0,0,0,0,0,0
2019,828,0,0,0,0,0,0,0,0,0,0,0,0,0,0,0,0,0,0,0,0,0,0,0,0
2019,860,0,0,0,0,0,0,0,0,0,2967,0,0,0,0,0,21556,0,0,0,1691,0,176,0,0
2019,935,0,0,0,0,0,0,0,0,0,0,0,0,0,0,0,0,0,0,0,0,0,0,0,0
2019,936,0,0,0,0,0,0,0,0,0,0,0,0,0,0,0,0,0,0,0,0,0,0,0,0
2019,986,0,0,0,0,0,0,0,0,0,0,0,0,0,0,0,0,0,0,0,0,0,0,0,0
2019,987,1967,0,0,0,0,0,0,0,0,5171,0,0,0,0,0,60320,0,0,0,8849,0,1471,138,0
2019,1021,0,0,0,0,0,0,0,0,0,0,0,0,0,0,0,0,0,0,0,0,0,0,0,0
2019,1085,0,0,0,0,0,0,0,0,0,0,0,0,0,0,0,0,0,0,0,0,0,0,0,0
2019,658,7233,0,4,0,0,0,0,0,0,1745,0,0,0,2304,0,47558,0,0,0,5172,0,1202,34,0
2019,353,0,0,0,0,0,0,0,0,0,32857,0,0,0,0,0,12567,0,0,0,0,0,0,0,0
2019,323,0,0,0,0,0,0,0,0,0,0,0,0,0,0,0,0,0,0,0,0,0,0,0,0
2019,620,4194,0,3,0,0,0,0,0,0,1799,0,0,0,0,0,38355,0,0,0,4183,0,1592,107,0
2019,384,0,0,0,0,0,0,0,0,0,0,0,0,0,5867,0,13348,0,0,0,0,0,0,44,0
2019,554,10565,0,2,0,0,2215,0,0,0,2695,0,0,0,7974,0,104357,0,0,0,15656,0,3136,375,161
2019,209,1536,0,0,0,0,712,0,0,0,1144,0,0,0,3744,0,25662,0,0,0,3154,0,900,0,0
2019,707,38791,0,39,160,0,0,0,0,0,34953,0,0,0,14761,0,164540,73566,0,0,36699,1151,8171,724,374
2019,395,22,0,0,0,0,0,0,0,0,0,0,0,0,0,0,9615,0,0,0,0,0,0,0,0
2019,969,3270,0,0,0,0,704,0,0,0,1785,0,0,0,5830,0,28667,0,1048,0,4264,0,987,0,0
2019,1052,0,0,0,0,0,0,0,0,0,0,0,0,0,0,0,0,0,0,0,0,0,0,0,0
2019,739,1615,0,70,170,0,6993,0,5537,0,12144,0,3636,0,38308,0,209760,45462,714,0,47182,0,4825,1435,251
2019,613,23179,0,24,1586,0,0,4875,0,0,8118,0,1604,0,11612,0,111741,16665,5361,0,23507,0,5964,607,109
2019,593,26269,0,8,0,0,0,4026,0,0,7887,0,0,0,12305,0,62403,34050,0,0,13816,0,3790,734,201
2019,704,40796,0,70,1858,0,11451,0,4614,0,4887,0,0,0,29800,0,166900,28651,0,0,38780,0,5726,1287,362
2019,686,31762,0,70,1615,0,4555,0,1049,0,6417,0,1480,0,20125,0,181449,0,248,0,23375,0,4481,296,300
2019,257,8219,0,0,0,0,3642,0,0,0,6223,0,0,0,12558,0,41677,0,0,0,6155,0,1586,0,16
2019,681,28063,0,1,12,0,2818,0,1672,0,6110,0,1251,0,4343,0,8787,0,241,0,27090,0,1458,71,0
2019,286,13313,0,0,180,0,2132,0,0,0,20198,0,0,0,7498,0,28879,0,0,0,4005,0,2849,3,11
2019,255,9250,0,0,0,0,3015,0,0,0,5026,0,0,0,18713,0,94528,0,0,0,10303,0,1505,45,0
2019,79,0,0,0,0,0,0,0,0,0,0,0,0,0,0,0,0,0,0,0,0,0,0,0,0
2019,81,0,0,0,0,0,0,0,0,0,0,0,0,0,0,0,0,0,0,0,0,0,0,0,0
2019,688,14262,0,6,0,0,5391,0,0,0,2642,0,0,0,0,0,113500,0,0,0,15225,0,2179,71,176
2019,531,20946,0,10,0,0,0,8138,0,0,3735,0,0,0,11002,0,60670,32431,0,0,9647,0,3189,1991,105
2019,514,0,0,0,0,0,0,0,0,0,632,0,0,0,0,0,31313,0,0,0,3176,0,0,0,0
2019,499,139,0,0,0,0,0,0,0,0,0,0,0,0,15581,0,39963,0,0,0,8319,0,5,2,0
2019,532,13746,0,4,0,0,1911,284,0,0,4879,69,0,0,13542,0,59159,17371,0,0,14015,0,2401,265,129
2019,190,0,0,0,0,0,0,0,0,0,0,0,0,0,0,0,4955,0,0,0,0,0,0,0,0
2019,598,3809,0,2,0,0,0,0,0,0,1724,0,0,0,0,0,34259,0,0,0,4907,0,727,52,0
2019,260,21302,0,2,0,0,4592,0,851,0,32236,0,3367,0,20311,0,126712,0,69,0,12458,0,2684,642,75
2019,838,0,0,0,0,0,0,0,0,0,683,0,0,0,2612,0,8661,0,0,0,941,0,0,0,0
2019,839,660,0,0,0,0,459,0,0,0,1681,0,0,0,1298,0,11567,0,0,0,969,0,318,0,0
2019,851,0,0,0,0,0,0,0,0,0,0,0,0,0,0,0,0,0,0,0,0,0,0,0,0
2019,852,23032,0,19,0,0,0,3719,2378,0,3526,0,611,0,17104,0,30288,135219,905,0,27351,0,3324,394,141
2019,988,0,0,0,0,0,0,0,0,0,0,0,0,0,0,0,757,0,0,0,0,0,0,0,0
2019,1056,18061,1583,9,54,0,5561,1055,0,0,6796,0,0,0,12109,0,107671,19180,0,0,17954,0,3535,146,179
2019,1044,0,0,0,0,0,0,0,0,0,0,0,0,0,0,0,0,0,0,0,0,0,0,0,0
2019,1114,0,0,0,0,0,0,0,0,0,1456,0,0,0,0,0,47088,4324,0,0,7229,0,0,0,0
2019,1129,7348,0,0,0,0,1902,0,0,0,4269,0,0,0,16765,0,64538,0,0,0,6340,0,1732,40,11
2019,644,28053,0,32,3731,0,3535,0,0,0,4796,0,0,0,16639,0,123595,40197,0,0,27586,0,4720,424,734
2019,752,16565,0,16,1263,0,0,0,0,0,4309,0,0,0,21264,0,158125,28977,0,0,27354,0,4395,1921,235
2019,238,0,0,0,0,0,0,0,0,0,0,0,0,0,0,0,0,0,0,0,0,0,783,84,0
2019,325,0,0,0,0,0,0,0,0,0,0,0,0,0,0,0,0,0,0,0,0,0,0,0,0
2019,622,3471,0,0,0,0,0,0,0,0,896,0,0,0,0,0,40542,0,0,0,6061,0,1440,0,0
2019,879,579,0,0,0,0,0,0,0,0,0,0,0,0,348,0,2291,0,0,0,1002,0,0,0,0
2019,906,4384,0,0,0,0,0,0,0,0,29,0,0,0,243,0,15614,0,0,0,2020,0,1060,131,61
2019,370,0,0,0,0,0,0,0,0,0,0,0,0,0,0,0,8418,0,0,0,0,0,0,5,2
2019,418,0,0,0,0,0,0,0,0,0,0,0,0,0,5067,0,18614,0,0,0,0,0,0,0,0
2019,574,0,0,0,0,0,0,0,0,0,0,0,0,0,4095,0,11287,0,0,0,0,0,0,0,0
2019,399,0,0,0,0,0,0,0,0,0,0,0,0,0,0,0,5880,0,0,0,0,0,0,0,0
2019,195,0,0,0,0,0,0,0,0,0,0,0,0,0,0,0,6580,0,0,0,0,0,0,0,0
2019,783,20065,5785,64,0,0,0,3306,0,0,9773,0,0,0,12358,0,145208,110579,784,0,27773,6541,3681,755,147
2019,263,0,0,0,0,0,0,0,0,0,0,0,0,0,0,0,24213,0,0,0,0,0,0,0,0
2019,194,0,0,0,0,0,0,0,0,0,1590,0,0,0,0,0,19100,0,0,0,0,0,0,0,0
2019,214,0,0,0,0,0,0,0,0,0,470,0,0,0,0,0,4767,0,0,0,0,0,0,0,0
2019,785,33446,4967,82,1569,0,647,0,3892,0,6260,0,7174,0,12639,0,126360,82378,1568,0,52663,0,3252,1060,444
2019,780,0,0,0,0,0,0,0,0,0,1413,0,0,0,0,0,40295,47324,0,0,9276,0,3305,95,0
2019,782,17322,2742,17,84,0,0,0,0,0,4279,0,0,0,0,0,122254,80830,0,0,27670,0,8887,584,0
2019,369,0,0,0,0,0,0,0,0,0,0,0,0,0,0,0,3727,0,0,0,0,0,0,0,0
2019,713,0,0,0,0,0,0,0,0,0,424,0,0,0,7565,0,17338,0,0,0,6294,0,0,0,0
2019,941,0,0,0,0,0,0,0,0,0,0,0,0,0,0,0,0,0,0,0,0,0,0,0,0
2019,1091,0,0,0,0,0,0,0,0,0,0,0,0,0,0,0,0,0,0,0,0,0,0,0,0
2019,1045,2640,0,0,0,0,263,0,264,0,2345,0,445,0,6733,0,21755,0,0,0,3250,0,0,0,0
2019,1086,0,0,0,0,0,1237,0,1800,0,3094,0,1654,0,14115,0,59678,0,0,0,16344,0,0,0,0
2019,1149,0,0,0,0,0,0,0,0,0,1016,0,0,0,0,0,67221,0,0,0,10673,0,2638,215,0
2019,937,12888,0,8,0,0,3631,0,0,0,3974,0,0,0,7502,0,88306,0,0,0,19006,0,9778,168,239
2019,1004,0,0,0,0,0,0,0,0,0,0,0,0,0,0,0,0,0,0,0,0,0,620,0,0
2019,737,30515,0,55,219,0,0,0,3721,0,5193,2255,1238,0,4444,4516,109203,36574,1224,0,21767,0,7058,817,397
2019,765,46411,0,95,132,0,6911,0,6086,0,7265,4454,0,0,16453,0,241585,62451,886,0,38824,0,8958,986,553
2019,329,8312,0,0,0,0,0,0,0,0,0,0,0,0,0,0,60405,36334,0,0,8814,0,2896,240,0
2019,87,0,0,0,0,0,0,0,0,0,0,0,0,0,0,0,0,0,0,0,0,0,0,0,0
2019,527,4085,0,0,0,0,0,0,0,0,3956,0,0,0,7221,0,14961,0,0,0,3611,0,0,0,0
2019,562,113,0,0,8,0,0,0,0,0,0,0,0,0,7901,0,69071,0,0,0,2849,0,0,0,0
2019,251,0,0,0,0,0,1603,0,0,0,1263,0,0,0,6593,0,31440,0,0,0,3767,0,502,6,7
2019,129,0,0,0,0,0,0,0,0,0,0,0,0,0,0,0,0,0,0,0,0,0,0,0,0
2019,154,0,0,0,0,0,0,0,0,0,0,0,0,0,0,0,1534,0,0,0,0,0,0,0,0
2019,516,0,0,0,0,0,837,0,0,0,2023,0,3064,0,13215,0,94647,0,0,0,5612,0,1509,25,0
2019,184,0,0,0,0,0,0,0,0,0,0,0,0,0,248,0,4968,0,0,0,234,0,370,0,0
2019,652,1363,0,0,0,0,434,0,0,0,391,0,0,0,0,0,8453,0,0,0,1820,0,560,35,0
2019,637,6007,0,0,0,0,0,0,0,0,1064,0,0,0,0,0,35888,0,0,0,3965,0,1340,85,0
2019,88,0,0,0,0,0,0,0,0,0,0,0,0,0,0,0,0,0,0,0,0,0,0,0,0
2019,907,0,0,0,0,0,0,0,0,0,0,0,0,0,0,0,0,0,0,0,0,0,0,0,0
2019,970,0,0,0,0,0,0,0,0,0,0,0,0,0,0,0,0,0,0,0,0,0,0,0,0
2019,1019,0,0,0,0,0,0,0,0,0,154,0,0,0,1522,0,11123,0,0,0,594,0,173,0,0
2019,1016,0,0,0,10,0,0,0,0,0,496,0,0,0,7007,0,26401,0,0,0,1975,0,383,0,5
2019,1047,5043,0,0,0,0,1075,0,0,0,1009,0,0,0,2894,0,47503,0,0,0,5941,0,781,123,0
2019,635,3819,0,0,0,0,0,0,0,0,213,0,0,0,0,0,47676,0,0,0,7743,0,533,78,0
