Año,NCODI,pacienteTot_hospDom,visitaTot_hospDom
2019,113,0,0
2019,619,0,0
2019,163,0,0
2019,131,0,0
2019,375,0,0
2019,1090,1035,12555
2019,764,0,0
2019,14,0,0
2019,657,0,0
2019,362,0,0
2019,989,0,0
2019,990,0,0
2019,680,2345,26894
2019,411,0,0
2019,241,0,0
2019,558,1402,11809
2019,248,0,0
2019,224,0,0
2019,591,1205,13513
2019,586,3978,14482
2019,453,0,0
2019,145,0,0
2019,511,2437,12157
2019,530,720,7397
2019,6,0,0
2019,161,0,0
2019,623,2728,16530
2019,349,0,0
2019,875,0,0
2019,946,0,0
2019,1023,1073,10215
2019,1054,1031,12906
2019,1057,0,0
2019,1031,0,0
2019,1032,1752,10505
2019,1064,0,0
2019,226,0,0
2019,687,,
2019,745,,
2019,109,0,0
2019,808,,
2019,971,,
2019,128,0,0
2019,919,134,1029
2019,1150,0,0
2019,725,0,0
2019,3,0,0
2019,306,0,0
2019,15,0,0
2019,264,0,0
2019,867,0,0
2019,910,0,0
2019,1053,0,0
2019,1055,0,0
2019,1081,0,0
2019,1115,0,0
2019,529,0,0
2019,345,0,0
2019,515,0,0
2019,174,0,0
2019,523,0,0
2019,697,0,0
2019,239,0,0
2019,287,0,0
2019,377,0,0
2019,692,402,7009
2019,435,0,0
2019,423,0,0
2019,351,0,0
2019,810,0,0
2019,830,152,1260
2019,892,0,0
2019,921,0,0
2019,991,0,0
2019,992,274,2285
2019,993,0,0
2019,1070,785,8754
2019,1095,0,0
2019,1094,0,0
2019,1124,0,0
2019,473,0,0
2019,663,414,587
2019,552,0,0
2019,772,1171,14052
2019,568,0,0
2019,398,0,0
2019,394,0,0
2019,614,0,0
2019,235,0,0
2019,616,991,10008
2019,267,0,0
2019,565,0,0
2019,220,0,0
2019,278,0,0
2019,107,820,7237
2019,711,0,0
2019,204,0,0
2019,579,0,0
2019,348,0,0
2019,766,0,0
2019,761,298,1832
2019,728,0,0
2019,280,0,0
2019,222,0,0
2019,276,0,0
2019,11,0,0
2019,302,0,0
2019,682,0,0
2019,279,0,0
2019,282,0,0
2019,281,384,8698
2019,183,0,0
2019,610,0,0
2019,116,0,0
2019,115,0,0
2019,114,0,0
2019,119,0,0
2019,770,851,13076
2019,583,142,157
2019,136,252,555
2019,469,71,1368
2019,642,794,9567
2019,674,385,1297
2019,193,0,0
2019,526,331,4247
2019,698,725,11937
2019,630,0,0
2019,124,0,0
2019,364,0,0
2019,439,0,0
2019,570,612,7727
2019,123,0,0
2019,310,493,7598
2019,571,199,3873
2019,296,0,0
2019,566,276,2630
2019,784,999,14522
2019,102,0,0
2019,379,0,0
2019,639,629,5387
2019,457,83,83
2019,609,0,0
2019,101,0,0
2019,454,0,0
2019,318,0,0
2019,600,535,2889
2019,545,798,4332
2019,100,0,0
2019,702,720,7085
2019,778,547,2376
2019,341,0,0
2019,99,747,5783
2019,767,534,3305
2019,359,0,0
2019,98,0,0
2019,132,0,0
2019,97,0,0
2019,103,0,0
2019,110,0,0
2019,94,0,0
2019,91,0,0
2019,664,609,8456
2019,918,831,12935
2019,92,0,0
2019,95,0,0
2019,301,0,0
2019,492,0,0
2019,811,0,0
2019,812,0,0
2019,832,0,0
2019,841,0,0
2019,856,0,0
2019,859,0,0
2019,861,0,0
2019,880,0,0
2019,883,0,0
2019,884,0,0
2019,877,0,0
2019,911,724,6399
2019,913,0,0
2019,922,0,0
2019,923,0,0
2019,924,0,0
2019,947,0,0
2019,951,0,0
2019,1103,0,0
2019,972,0,0
2019,973,0,0
2019,974,0,0
2019,975,0,0
2019,960,128,1925
2019,1028,0,0
2019,976,195,237
2019,977,0,0
2019,1020,0,0
2019,994,0,0
2019,995,0,0
2019,1060,0,0
2019,1005,0,0
2019,1061,0,0
2019,1062,0,0
2019,1006,0,0
2019,1088,0,0
2019,1089,0,0
2019,1076,0,0
2019,1078,0,0
2019,1033,697,7608
2019,1035,0,0
2019,1037,0,0
2019,1039,0,0
2019,1067,0,0
2019,1065,0,0
2019,1066,0,0
2019,1100,0,0
2019,1105,0,0
2019,1107,0,0
2019,1111,0,0
2019,1121,0,0
2019,1119,0,0
2019,207,187,274
2019,431,0,0
2019,387,0,0
2019,179,0,0
2019,606,0,0
2019,925,1007,17174
2019,541,0,0
2019,797,0,0
2019,627,0,0
2019,173,0,0
2019,636,0,0
2019,205,0,0
2019,814,0,0
2019,881,0,0
2019,771,,
2019,533,0,0
2019,447,0,0
2019,815,0,0
2019,801,0,0
2019,800,0,0
2019,389,0,0
2019,695,,
2019,1157,,
2019,816,0,0
2019,833,0,0
2019,870,0,0
2019,927,0,0
2019,961,,
2019,962,0,0
2019,1079,0,0
2019,1101,0,0
2019,666,1372,11802
2019,392,0,0
2019,790,774,8207
2019,650,270,6737
2019,876,1249,11810
2019,944,0,0
2019,952,0,0
2019,54,0,0
2019,367,0,0
2019,538,0,0
2019,557,0,0
2019,653,0,0
2019,647,0,0
2019,978,58,635
2019,996,0,0
2019,729,,
2019,182,0,0
2019,633,0,0
2019,685,,
2019,683,,
2019,945,,
2019,953,0,0
2019,1022,,
2019,1049,,
2019,1151,0,0
2019,794,1136,16257
2019,415,24,188
2019,592,0,0
2019,497,0,0
2019,726,160,4432
2019,272,0,0
2019,805,702,24161
2019,64,0,0
2019,842,330,4907
2019,843,150,2291
2019,1127,58,4050
2019,1158,0,0
2019,803,0,0
2019,211,0,0
2019,773,0,0
2019,424,0,0
2019,298,0,0
2019,594,0,0
2019,237,0,0
2019,16,0,0
2019,768,0,0
2019,617,0,0
2019,297,0,0
2019,105,0,0
2019,544,0,0
2019,804,0,0
2019,104,0,0
2019,20,0,0
2019,550,393,4735
2019,112,0,0
2019,818,0,0
2019,882,0,0
2019,914,0,0
2019,928,0,0
2019,964,0,0
2019,1026,0,0
2019,1068,0,0
2019,1108,0,0
2019,404,15,412
2019,270,0,0
2019,676,,
2019,709,,
2019,754,,
2019,997,,
2019,1069,,
2019,1118,0,0
2019,1116,,
2019,734,0,0
2019,299,0,0
2019,645,0,0
2019,17,0,0
2019,1046,0,0
2019,420,0,0
2019,802,0,0
2019,266,0,0
2019,769,0,0
2019,776,627,4498
2019,640,704,6007
2019,315,0,0
2019,40,0,0
2019,508,345,4249
2019,46,0,0
2019,590,1020,10839
2019,777,1153,11158
2019,897,1823,13493
2019,965,0,0
2019,671,,
2019,376,0,0
2019,621,,
2019,793,,
2019,1102,0,0
2019,1147,0,0
2019,712,0,0
2019,32,0,0
2019,361,0,0
2019,486,0,0
2019,595,0,0
2019,433,0,0
2019,1058,0,0
2019,261,0,0
2019,730,,
2019,577,,
2019,788,,
2019,865,,
2019,979,,
2019,998,,
2019,1072,,
2019,221,0,0
2019,506,0,0
2019,727,389,2519
2019,355,0,0
2019,487,0,0
2019,938,0,0
2019,835,0,0
2019,999,0,0
2019,798,1490,16432
2019,504,0,0
2019,247,0,0
2019,216,0,0
2019,65,0,0
2019,472,60,425
2019,427,0,0
2019,491,0,0
2019,551,0,0
2019,106,0,0
2019,819,0,0
2019,836,0,0
2019,915,0,0
2019,942,0,0
2019,1140,0,0
2019,748,1601,24131
2019,198,0,0
2019,871,624,8568
2019,948,0,0
2019,1051,0,0
2019,1083,0,0
2019,1096,0,0
2019,1159,0,0
2019,679,759,8267
2019,176,0,0
2019,537,0,0
2019,608,195,8823
2019,596,173,2717
2019,749,0,0
2019,758,186,205
2019,1104,1594,16207
2019,567,0,0
2019,677,0,0
2019,670,651,7925
2019,588,588,3643
2019,753,336,4081
2019,887,0,0
2019,245,0,0
2019,603,0,0
2019,426,0,0
2019,232,0,0
2019,288,0,0
2019,246,0,0
2019,284,0,0
2019,18,0,0
2019,356,0,0
2019,401,0,0
2019,733,0,0
2019,243,0,0
2019,380,0,0
2019,716,0,0
2019,534,0,0
2019,185,0,0
2019,258,0,0
2019,505,0,0
2019,268,0,0
2019,602,0,0
2019,254,0,0
2019,705,0,0
2019,133,0,0
2019,33,0,0
2019,143,0,0
2019,36,0,0
2019,756,0,0
2019,662,79,2797
2019,192,0,0
2019,382,0,0
2019,322,0,0
2019,478,0,0
2019,352,0,0
2019,628,0,0
2019,495,0,0
2019,845,307,3520
2019,498,0,0
2019,314,0,0
2019,720,0,0
2019,721,0,0
2019,485,0,0
2019,273,0,0
2019,846,0,0
2019,847,0,0
2019,848,0,0
2019,916,0,0
2019,930,0,0
2019,954,190,1832
2019,943,193,575
2019,949,154,1445
2019,980,0,0
2019,981,0,0
2019,1024,0,0
2019,1017,50,674
2019,1000,0,0
2019,1018,176,2136
2019,1001,0,0
2019,1007,256,4126
2019,1008,0,0
2019,1010,0,0
2019,1011,0,0
2019,1012,0,0
2019,1013,0,0
2019,1041,0,0
2019,1073,993,9024
2019,1087,1,1
2019,1109,0,0
2019,1110,0,0
2019,1112,0,0
2019,1120,0,0
2019,1156,0,0
2019,1155,0,0
2019,1148,0,0
2019,1126,571,7764
2019,,0,0
2019,1152,0,0
2019,789,0,0
2019,326,0,0
2019,442,0,0
2019,294,0,0
2019,378,0,0
2019,402,0,0
2019,29,0,0
2019,450,0,0
2019,656,,
2019,333,0,0
2019,684,,
2019,422,0,0
2019,763,,
2019,741,,
2019,553,,
2019,899,0,0
2019,900,0,0
2019,950,0,0
2019,966,0,0
2019,967,1424,4259
2019,982,0,0
2019,1014,,
2019,1080,0,0
2019,1074,0,0
2019,1084,0,0
2019,1113,0,0
2019,1137,0,0
2019,1142,,
2019,722,383,8358
2019,660,189,1624
2019,75,75,2090
2019,249,0,0
2019,227,0,0
2019,150,0,0
2019,47,0,0
2019,172,0,0
2019,581,0,0
2019,120,0,0
2019,445,0,0
2019,471,0,0
2019,53,0,0
2019,199,0,0
2019,575,0,0
2019,528,0,0
2019,631,0,0
2019,699,0,0
2019,823,0,0
2019,849,0,0
2019,869,0,0
2019,955,0,0
2019,983,0,0
2019,1002,0,0
2019,1015,310,3126
2019,1153,0,0
2019,51,0,0
2019,441,1039,3637
2019,327,0,0
2019,690,0,0
2019,262,0,0
2019,403,0,0
2019,312,0,0
2019,589,520,0
2019,665,966,0
2019,334,0,0
2019,1075,3255,18150
2019,751,1153,15418
2019,186,0,0
2019,646,53,116
2019,536,73,664
2019,242,0,0
2019,490,0,0
2019,500,0,0
2019,206,0,0
2019,58,0,0
2019,572,791,30985
2019,180,0,0
2019,549,0,0
2019,582,0,0
2019,743,377,7057
2019,795,0,0
2019,269,3,9
2019,634,0,0
2019,1,0,0
2019,717,0,0
2019,373,0,0
2019,824,0,0
2019,888,0,0
2019,902,0,0
2019,968,0,0
2019,1154,0,0
2019,1130,0,0
2019,1141,0,0
2019,1145,0,0
2019,1122,0,0
2019,1133,0,0
2019,346,0,0
2019,27,0,0
2019,165,0,0
2019,956,114,994
2019,413,0,0
2019,149,0,0
2019,612,0,0
2019,559,0,0
2019,7,0,0
2019,283,0,0
2019,37,0,0
2019,153,0,0
2019,547,119,2406
2019,556,0,0
2019,42,0,0
2019,31,0,0
2019,740,305,5645
2019,217,0,0
2019,863,0,0
2019,889,1304,15124
2019,984,0,0
2019,1146,0,0
2019,34,0,0
2019,791,0,0
2019,430,0,0
2019,715,1272,10042
2019,521,0,0
2019,524,0,0
2019,432,0,0
2019,19,0,0
2019,25,0,0
2019,26,0,0
2019,890,310,3550
2019,904,256,1841
2019,957,892,6782
2019,939,0,0
2019,236,0,0
2019,735,149,1728
2019,146,0,0
2019,363,0,0
2019,187,0,0
2019,265,0,0
2019,295,0,0
2019,496,0,0
2019,391,0,0
2019,240,0,0
2019,448,107,587
2019,425,0,0
2019,300,31,56
2019,339,0,0
2019,874,62,0
2019,905,395,4740
2019,1123,0,0
2019,736,2017,29094
2019,459,0,0
2019,320,0,0
2019,45,0,0
2019,618,508,27652
2019,463,633,3687
2019,891,0,0
2019,958,0,0
2019,244,0,0
2019,28,0,0
2019,444,0,0
2019,479,0,0
2019,285,0,0
2019,253,0,0
2019,481,0,0
2019,540,0,0
2019,332,0,0
2019,41,0,0
2019,510,0,0
2019,305,,
2019,708,,
2019,755,,
2019,750,,
2019,696,,
2019,421,0,0
2019,827,0,0
2019,933,0,0
2019,1030,0,0
2019,1003,,
2019,1050,,
2019,1043,0,0
2019,1128,,
2019,1125,1,1
2019,1135,,
2019,934,0,0
2019,629,827,9637
2019,21,0,0
2019,615,0,0
2019,626,0,0
2019,417,0,0
2019,597,0,0
2019,539,0,0
2019,343,0,0
2019,135,0,0
2019,158,0,0
2019,775,327,2471
2019,177,0,0
2019,578,0,0
2019,416,0,0
2019,561,327,2633
2019,62,0,0
2019,828,0,0
2019,860,0,0
2019,935,0,0
2019,936,0,0
2019,986,0,0
2019,987,0,0
2019,1021,0,0
2019,1085,0,0
2019,658,0,0
2019,353,0,0
2019,323,0,0
2019,620,368,3995
2019,384,0,0
2019,554,0,0
2019,209,0,0
2019,707,286,2989
2019,395,0,0
2019,969,0,0
2019,1052,0,0
2019,739,7158,49201
2019,613,1784,16932
2019,593,981,3358
2019,704,1397,17313
2019,686,1817,13297
2019,257,0,0
2019,681,514,13189
2019,286,0,0
2019,255,0,0
2019,79,0,0
2019,81,0,0
2019,688,628,9111
2019,531,1526,10370
2019,514,359,2631
2019,499,0,0
2019,532,1769,13360
2019,190,0,0
2019,598,0,0
2019,260,0,0
2019,838,0,0
2019,839,0,0
2019,851,0,0
2019,852,2657,56544
2019,988,0,0
2019,1056,1042,8055
2019,1044,0,0
2019,1114,811,1826
2019,1129,0,0
2019,644,262,11033
2019,752,2369,12796
2019,238,0,0
2019,325,0,0
2019,622,0,0
2019,879,0,0
2019,906,0,0
2019,370,0,0
2019,418,0,0
2019,574,0,0
2019,399,0,0
2019,195,0,0
2019,783,2262,19833
2019,263,0,0
2019,194,0,0
2019,214,0,0
2019,785,2724,19927
2019,780,0,0
2019,782,884,10078
2019,369,0,0
2019,713,306,1489
2019,941,0,0
2019,1091,361,18943
2019,1045,0,0
2019,1086,0,0
2019,1149,365,1812
2019,937,198,5792
2019,1004,0,0
2019,737,0,0
2019,765,0,0
2019,329,364,3637
2019,87,0,0
2019,527,0,0
2019,562,0,0
2019,251,0,0
2019,129,0,0
2019,154,960,2597
2019,516,0,0
2019,184,0,0
2019,652,0,0
2019,637,0,0
2019,88,0,0
2019,907,0,0
2019,970,0,0
2019,1019,0,0
2019,1016,0,0
2019,1047,0,0
2019,635,0,0
