Año,NCODI,totHemodina_Paciente,totPaciente_radioInterv,totLitofrag_Paciente,totLitofrag_Sesion,totAceleLineal_Paciente,totAceleLineal_Sesion,totBomCobal_Paciente,totBomCobal_Sesion,totOtraRadio_Paciente,totOtraRadio_Sesion,totFisiot_Paciente,totFisiot_Sesion,totLogop_Paciente,totLogop_Sesion,totTerapOcupa_Paciente,totTerapOcupa_Sesion,totHemodial_Paciente,totHemodial_Sesion,totHemodialDom_Paciente,totHemodialDom_Sesion,totDialPerito_Paciente,totDialPerito_Sesion
2019,113,0,0,0,0,0,0,0,0,0,0,0,0,0,0,0,0,0,0,0,0,0,0
2019,619,9,0,0,0,0,0,0,0,0,0,1338,25095,0,0,0,0,0,0,0,0,0,0
2019,163,0,0,0,0,0,0,0,0,0,0,0,0,0,0,0,0,0,0,0,0,0,0
2019,131,0,0,0,0,0,0,0,0,0,0,0,0,0,0,0,0,0,0,0,0,0,0
2019,375,0,0,0,0,0,0,0,0,0,0,1774,21291,0,0,0,0,0,0,0,0,0,0
2019,1090,0,2270,317,422,805,13879,0,0,0,0,21450,450467,0,0,0,9140,0,0,248,18312,0,0
2019,764,1521,2453,497,733,879,17091,0,0,75,238,14985,91695,2641,4673,2316,13218,88,13681,0,0,56,20806
2019,14,0,0,0,0,0,0,0,0,0,0,0,0,0,0,0,0,0,0,0,0,0,0
2019,657,0,453,0,0,0,0,0,0,0,0,3147,34062,0,0,0,0,0,0,0,0,0,0
2019,362,120,0,0,0,0,0,0,0,0,0,1333,14745,0,0,0,0,0,0,0,0,0,0
2019,989,0,279,0,0,0,0,0,0,0,0,1092,16054,177,1931,125,1882,0,0,0,0,0,0
2019,990,0,0,0,0,0,0,0,0,0,0,2482,19938,500,1307,278,2842,0,0,0,0,0,0
2019,680,2385,5581,235,334,0,0,0,0,0,0,6099,282002,0,0,0,0,767,13085,0,0,19,6935
2019,411,11990,344,0,0,0,0,0,0,0,0,1175,24939,12,58,0,0,234,2749,0,0,0,0
2019,241,152,0,0,0,0,0,0,0,0,0,0,0,0,0,0,0,120,3755,0,0,0,0
2019,558,0,1578,0,0,0,0,0,0,0,0,3490,314106,0,0,0,0,98,12014,5,972,19,7014
2019,248,316,132,0,0,673,778,0,0,148,294,2478,25252,0,0,0,0,502,15926,0,0,0,0
2019,224,0,0,0,0,0,0,0,0,0,0,1116,16692,5,23,0,0,0,0,0,0,0,0
2019,591,922,6710,207,207,999,17264,0,0,0,0,17202,380503,0,0,63,738,214,7332,0,0,29,5765
2019,586,0,133,0,0,0,0,0,0,0,0,14973,452885,0,0,0,0,1287,14596,2,588,13,16032
2019,453,0,0,0,0,0,0,0,0,0,0,5026,125641,90,2700,100,4450,0,0,0,0,0,0
2019,145,0,0,0,0,0,0,0,0,0,0,154,17560,0,0,79,1634,0,0,0,0,0,0
2019,511,0,755,0,0,0,0,0,0,0,0,5697,102565,0,0,0,0,429,4296,0,0,121,121
2019,530,0,0,0,0,0,0,0,0,0,0,8502,278783,0,0,0,0,0,0,0,0,0,0
2019,6,0,0,87,98,0,0,0,0,0,0,1379,41188,0,0,0,0,0,0,0,0,0,0
2019,161,0,0,0,0,0,0,0,0,0,0,0,0,0,0,91,1120,0,0,0,0,0,0
2019,623,1785,0,0,0,917,17823,0,0,92,176,11421,279146,0,0,0,0,0,0,0,0,0,0
2019,349,0,0,0,0,0,0,0,0,0,0,0,0,0,0,0,0,0,0,0,0,0,0
2019,875,127,0,0,0,502,11670,0,0,0,0,2322,38062,58,1852,65,3546,0,0,0,0,0,0
2019,946,228,353,0,0,0,0,0,0,0,0,2694,37242,0,0,0,0,136,1346,0,0,0,0
2019,1023,633,498,0,0,0,0,0,0,0,0,5743,76659,740,3412,0,0,292,16462,0,0,38,7658
2019,1054,545,1659,0,0,0,0,0,0,0,0,4796,99011,405,2186,0,0,254,13159,0,0,24,573
2019,1057,0,0,0,0,0,0,0,0,0,0,332,10989,194,3917,216,7188,0,0,0,0,0,0
2019,1031,0,0,0,0,0,0,0,0,0,0,128,2860,111,1286,116,2970,0,0,0,0,0,0
2019,1032,667,654,32,38,0,0,0,0,0,0,6640,101997,433,3097,0,0,184,14807,0,0,21,5012
2019,1064,141,236,0,0,769,16231,0,0,0,0,2238,28164,3,17,0,0,0,0,0,0,0,0
2019,226,87,22,224,224,0,0,0,0,0,0,2130,25770,0,0,0,0,7,1195,0,0,0,0
2019,687,0,0,0,0,0,0,0,0,0,0,929,21142,0,0,50,2118,0,0,0,0,0,0
2019,745,1108,1354,0,0,1053,20421,0,0,0,0,2487,50760,0,0,64,1925,190,16297,0,0,0,0
2019,109,70,37,0,0,0,0,0,0,0,0,750,15681,78,630,0,0,0,0,0,0,0,0
2019,808,0,944,0,0,0,0,0,0,0,0,2335,47265,0,0,0,0,91,9638,0,0,0,0
2019,971,0,70,0,0,0,0,0,0,0,0,893,17027,0,0,0,0,0,0,0,0,0,0
2019,128,0,77,3,3,0,0,0,0,0,0,1229,22126,187,6250,0,0,0,0,0,0,0,0
2019,919,0,1382,0,0,0,0,0,0,0,0,63921,196223,0,0,4093,12086,50,7824,1,181,18,6120
2019,1150,0,0,0,0,0,0,0,0,0,0,39,1125,11,254,78,4290,0,0,0,0,0,0
2019,725,2422,1298,0,0,1801,22425,0,0,153,1054,4608,73912,275,5788,347,9497,105,12351,3,468,6,2190
2019,3,0,0,0,0,0,0,0,0,0,0,61,13992,0,0,406,8832,0,0,0,0,0,0
2019,306,0,0,0,0,0,0,0,0,0,0,0,0,0,0,128,1492,0,0,0,0,0,0
2019,15,0,0,0,0,0,0,0,0,0,0,600,11474,0,0,0,0,0,0,0,0,0,0
2019,264,0,0,0,0,0,0,0,0,0,0,0,0,0,0,0,0,0,0,0,0,0,0
2019,867,0,0,0,0,0,0,0,0,0,0,766,11432,37,425,0,0,0,0,0,0,0,0
2019,910,0,0,0,0,0,0,0,0,0,0,875,31500,0,0,0,0,32,10044,0,0,0,0
2019,1053,0,745,0,0,0,0,0,0,0,0,2682,25548,0,0,0,0,0,0,0,0,0,0
2019,1055,1640,908,389,734,374,8327,0,0,0,0,978,20510,511,2951,0,0,0,0,0,0,0,0
2019,1081,0,0,0,0,0,0,0,0,0,0,267,42916,135,17623,279,45293,0,0,0,0,0,0
2019,1115,0,0,0,0,0,0,0,0,0,0,688,13776,51,466,0,0,0,0,0,0,0,0
2019,529,0,0,0,0,0,0,0,0,0,0,1115,27150,355,9132,615,12812,0,0,0,0,0,0
2019,345,0,0,0,0,0,0,0,0,0,0,65,701,0,0,60,2292,0,0,0,0,0,0
2019,515,0,0,0,0,0,0,0,0,0,0,2367,56496,0,0,0,0,0,0,0,0,0,0
2019,174,0,0,0,0,0,0,0,0,0,0,1954,19243,0,0,0,0,0,0,0,0,0,0
2019,523,0,0,0,0,0,0,0,0,0,0,6279,112722,368,11482,750,19510,0,0,0,0,0,0
2019,697,407,567,123,123,0,0,0,0,0,0,187,2810,0,0,6772,121898,0,0,0,0,0,0
2019,239,207,108,0,0,0,0,0,0,0,0,7039,180702,0,0,0,0,0,0,0,0,0,0
2019,287,533,576,101,240,387,507,0,0,0,0,2714,38923,0,0,0,0,0,0,0,0,0,0
2019,377,0,0,0,0,0,0,0,0,0,0,557,51236,0,0,102,8003,0,0,0,0,0,0
2019,692,0,552,0,0,0,0,0,0,347,1085,3016,63563,301,2709,0,0,144,16824,0,0,28,8959
2019,435,533,33,0,0,0,0,0,0,0,0,5087,101472,1372,1140,0,0,0,0,0,0,0,0
2019,423,0,0,0,0,0,0,0,0,0,0,1457,14570,54,548,0,0,0,0,0,0,0,0
2019,351,0,0,0,0,0,0,0,0,0,0,1538,31815,0,0,0,0,0,0,0,0,0,0
2019,810,0,0,0,0,0,0,0,0,0,0,1780,17829,120,1238,0,0,0,0,0,0,0,0
2019,830,0,0,0,0,0,0,0,0,0,0,8455,93293,0,0,0,0,54,6641,9,2599,0,0
2019,892,0,947,0,0,0,0,0,0,0,0,4449,145931,355,2464,348,11425,126,8364,0,0,24,5536
2019,921,906,279,120,143,0,0,0,0,0,0,2669,53374,143,3282,0,0,0,0,0,0,0,0
2019,991,0,0,0,0,0,0,0,0,0,0,267,3991,0,0,0,0,0,0,0,0,0,0
2019,992,0,0,0,0,0,0,0,0,0,0,1338,93796,0,0,184,2931,68,5587,0,0,9,2465
2019,993,0,64,0,0,0,0,0,0,0,0,57959,164010,282,1567,1406,2912,69,4939,0,0,4,960
2019,1070,3541,4171,388,388,1461,25833,0,0,50,166,13049,155771,181,1864,407,7393,44,5379,0,0,0,0
2019,1095,0,0,0,0,0,0,0,0,0,0,1146,17293,0,0,0,0,68,1860,0,0,0,0
2019,1094,0,0,0,0,0,0,0,0,0,0,612,12198,0,0,0,0,0,0,0,0,0,0
2019,1124,0,0,0,0,0,0,0,0,0,0,0,0,0,0,0,0,0,0,0,0,0,0
2019,473,0,0,0,0,0,0,0,0,0,0,0,0,0,0,0,0,0,0,0,0,0,0
2019,663,2373,0,0,0,1015,13519,0,0,134,1791,2410,23180,0,0,0,0,281,8041,0,0,0,0
2019,552,0,0,0,0,0,0,0,0,134,1791,2017,52192,35,349,103,2019,0,0,0,0,0,0
2019,772,4668,9638,0,0,1540,19329,0,0,0,0,2553,40611,0,0,0,0,608,23252,4,737,86,18058
2019,568,0,0,0,0,0,0,0,0,0,0,23469,46899,16,148,4399,9308,0,0,0,0,0,0
2019,398,0,0,0,0,0,0,0,0,0,0,1921,45679,0,0,222,5607,0,0,0,0,0,0
2019,394,0,612,0,0,0,0,0,0,0,0,237,10646,0,0,0,0,0,0,0,0,0,0
2019,614,0,221,0,0,0,0,0,0,0,0,216,8093,0,0,154,2179,0,0,0,0,0,0
2019,235,0,0,0,0,0,0,0,0,0,0,352,8347,0,0,0,0,0,0,0,0,0,0
2019,616,0,218,0,0,0,0,0,0,0,0,2537,26202,0,0,0,0,0,0,0,0,0,0
2019,267,0,0,0,0,24,24,0,0,0,0,605,9075,6,42,0,0,0,0,0,0,0,0
2019,565,0,0,0,0,0,0,0,0,0,0,2782,37534,249,3713,0,0,0,0,0,0,0,0
2019,220,0,0,57,57,0,0,0,0,0,0,216,2043,0,0,0,0,0,0,0,0,0,0
2019,278,0,0,0,0,0,0,0,0,0,0,0,0,0,0,0,0,0,0,0,0,0,0
2019,107,0,0,0,0,0,0,0,0,0,0,0,0,0,0,0,0,0,0,0,0,0,0
2019,711,1816,633,0,0,1984,41249,0,0,133,488,4846,59247,725,2759,393,4506,0,0,0,0,0,0
2019,204,0,0,0,0,0,0,0,0,0,0,758,12975,0,0,389,10230,0,0,0,0,0,0
2019,579,0,0,0,0,0,0,0,0,0,0,1210,13429,786,3744,0,0,0,0,0,0,0,0
2019,348,0,0,0,0,0,0,0,0,0,0,745,20542,0,0,0,0,0,0,0,0,0,0
2019,766,0,2885,1268,1492,0,0,0,0,0,0,0,0,0,0,0,0,500,19859,2,472,47,11870
2019,761,0,0,0,0,0,0,0,0,0,0,1451,36566,377,1004,594,4745,0,0,0,0,0,0
2019,728,0,0,207,249,0,0,0,0,0,0,4675,53032,207,2791,0,0,0,0,0,0,0,0
2019,280,0,0,0,0,0,0,0,0,0,0,4366,61840,0,0,0,0,0,0,0,0,0,0
2019,222,0,0,280,280,0,0,0,0,0,0,0,0,0,0,0,0,0,0,0,0,0,0
2019,276,475,475,0,0,721,14491,0,0,0,0,2145,38349,0,0,0,0,0,0,0,0,0,0
2019,11,180,67,162,162,0,0,0,0,0,0,1957,10191,339,619,0,0,0,0,0,0,0,0
2019,302,0,0,0,0,0,0,0,0,0,0,878,13720,82,495,0,0,0,0,0,0,0,0
2019,682,0,0,0,0,0,0,0,0,0,0,147,3796,0,0,0,0,0,0,0,0,0,0
2019,279,0,0,0,0,0,0,0,0,0,0,1535,8080,0,0,0,0,0,0,0,0,0,0
2019,282,1458,407,0,0,654,10154,0,0,0,0,2089,16468,0,0,0,0,0,0,0,0,0,0
2019,281,428,546,0,0,0,0,0,0,0,0,0,0,0,0,0,0,0,0,0,0,0,0
2019,183,0,0,0,0,0,0,0,0,0,0,0,0,0,0,0,0,0,0,0,0,0,0
2019,610,0,0,0,0,0,0,0,0,0,0,0,0,0,0,0,0,0,0,0,0,0,0
2019,116,0,0,0,0,0,0,0,0,0,0,1803,48331,454,1460,637,9147,0,0,0,0,0,0
2019,115,0,0,0,0,0,0,0,0,0,0,38,2308,0,0,0,0,0,0,0,0,0,0
2019,114,0,0,0,0,0,0,0,0,0,0,0,0,0,0,205,4300,0,0,0,0,0,0
2019,119,0,0,0,0,0,0,0,0,0,0,58,258,0,0,0,0,0,0,0,0,0,0
2019,770,1968,6726,251,349,0,0,0,0,0,0,2258,24548,284,2874,279,4584,506,8807,0,0,67,12236
2019,583,0,0,0,0,0,0,0,0,0,0,49,640,0,0,0,0,0,0,0,0,0,0
2019,136,0,0,0,0,0,0,0,0,0,0,1767,34085,89,1442,417,6794,0,0,0,0,0,0
2019,469,0,150,0,0,0,0,0,0,0,0,1324,15899,174,874,104,1512,0,0,0,0,0,0
2019,642,0,0,0,0,0,0,0,0,0,0,4699,65515,160,1372,207,6287,0,0,0,0,0,0
2019,674,498,185,0,0,0,0,0,0,0,0,1141,12235,99,1254,317,2131,7,554,0,0,1,169
2019,193,0,0,0,0,0,0,0,0,0,0,0,0,0,0,0,0,0,0,0,0,0,0
2019,526,0,919,0,0,0,0,0,0,0,0,1175,15108,118,828,116,768,0,0,0,0,0,0
2019,698,3585,10532,453,539,0,0,0,0,0,0,1468,34362,82,1421,491,6282,69,5493,0,0,108,1056
2019,630,0,675,0,0,0,0,0,0,0,0,4176,47886,765,7311,0,0,0,0,0,0,0,0
2019,124,0,0,0,0,0,0,0,0,0,0,0,0,375,4783,0,0,0,0,0,0,0,0
2019,364,0,0,0,0,0,0,0,0,0,0,2121,10461,0,0,0,0,0,0,0,0,0,0
2019,439,0,87,0,0,0,0,0,0,0,0,3927,39609,0,0,388,3917,0,0,0,0,0,0
2019,570,0,2229,0,0,494,9099,0,0,0,0,4804,48453,0,0,475,4792,10,1102,0,0,236,25800
2019,123,0,0,0,0,0,0,0,0,0,0,1600,48000,0,0,0,0,0,0,0,0,0,0
2019,310,0,0,0,0,0,0,0,0,0,0,0,0,0,0,0,0,0,0,0,0,0,0
2019,571,0,211,0,0,0,0,0,0,0,0,1466,6209,0,0,0,0,0,0,0,0,0,0
2019,296,0,0,0,0,0,0,0,0,0,0,2194,48457,118,927,547,7666,0,0,0,0,0,0
2019,566,0,0,0,0,0,0,0,0,0,0,1302,15260,0,0,433,11390,197,9610,0,0,45,5786
2019,784,0,6356,0,0,0,0,0,0,0,0,7398,119808,101,765,164,11273,256,22752,0,0,30,7369
2019,102,0,0,0,0,0,0,0,0,0,0,539,15518,0,0,0,0,0,0,0,0,0,0
2019,379,0,0,0,0,0,0,0,0,0,0,0,0,0,0,799,7129,0,0,0,0,0,0
2019,639,0,338,0,0,0,0,0,0,0,0,2845,67722,65,187,0,0,0,0,0,0,0,0
2019,457,0,0,0,0,0,0,0,0,0,0,1605,18778,70,523,139,520,0,0,0,0,0,0
2019,609,1189,514,0,0,549,12105,0,0,0,0,6075,62991,168,1254,0,0,2,12,0,0,0,0
2019,101,0,0,0,0,0,0,0,0,0,0,335,26646,0,0,231,5110,0,0,0,0,0,0
2019,454,0,769,0,0,0,0,0,0,0,0,1105,6718,41,66,176,4005,0,0,0,0,0,0
2019,318,0,0,0,0,0,0,0,0,0,0,55,1120,0,0,546,18877,0,0,0,0,0,0
2019,600,0,0,0,0,0,0,0,0,0,0,1137,6110,0,0,0,0,0,0,0,0,0,0
2019,545,0,0,0,0,1154,21596,0,0,0,0,5279,71858,743,2754,334,2338,146,9649,0,0,45,11610
2019,100,0,0,0,0,0,0,0,0,0,0,1,1,0,0,1,1,0,0,0,0,0,0
2019,702,1538,1378,0,0,0,0,0,0,93,110,3056,23755,536,2682,294,4410,0,0,0,0,0,0
2019,778,0,0,0,0,0,0,0,0,0,0,3757,89814,269,1687,0,0,145,14973,0,0,10,2098
2019,341,0,0,0,0,0,0,0,0,0,0,857,13957,0,0,0,0,0,0,0,0,0,0
2019,99,0,0,0,0,0,0,0,0,0,0,796,11740,0,0,568,8208,0,0,0,0,0,0
2019,767,0,625,0,0,0,0,0,0,0,0,1054,3086,0,0,0,0,0,0,0,0,0,0
2019,359,0,0,0,0,0,0,0,0,0,0,716,13764,167,624,209,2274,212,22368,0,0,0,0
2019,98,0,0,0,0,0,0,0,0,0,0,463,19995,0,0,131,5613,0,0,0,0,0,0
2019,132,0,0,0,0,0,0,0,0,0,0,311,11539,149,431,319,10420,0,0,0,0,0,0
2019,97,0,0,0,0,0,0,0,0,0,0,676,10026,14,178,566,1717,0,0,0,0,0,0
2019,103,0,0,0,0,0,0,0,0,0,0,0,0,0,0,0,0,0,0,0,0,0,0
2019,110,0,0,0,0,0,0,0,0,0,0,0,0,0,0,0,0,0,0,0,0,0,0
2019,94,0,0,0,0,0,0,0,0,0,0,56,1280,0,0,68,1820,0,0,0,0,0,0
2019,91,0,0,0,0,0,0,0,0,0,0,460,10500,44,126,180,2460,0,0,0,0,0,0
2019,664,0,0,0,0,0,0,0,0,0,0,3901,46339,51,113,617,4895,0,0,0,0,0,0
2019,918,2568,3806,0,0,1747,29992,0,0,1,1,13690,205122,845,8615,2518,31816,1010,8389,0,0,85,13035
2019,92,0,0,0,0,0,0,0,0,0,0,113,4777,0,0,105,2784,0,0,0,0,0,0
2019,95,0,0,0,0,0,0,0,0,0,0,810,10300,120,410,230,1200,0,0,0,0,0,0
2019,301,0,0,0,0,0,0,0,0,0,0,1860,34079,16,81,0,0,0,0,0,0,0,0
2019,492,0,368,0,0,0,0,0,0,0,0,2507,40091,0,0,0,0,0,0,0,0,0,0
2019,811,0,0,0,0,0,0,0,0,0,0,0,0,0,0,0,0,0,0,0,0,0,0
2019,812,0,0,0,0,3051,46664,0,0,0,0,939,5929,0,0,0,0,0,0,0,0,0,0
2019,832,0,0,0,0,0,0,0,0,0,0,39,3680,0,0,39,4068,0,0,0,0,0,0
2019,841,0,0,0,0,0,0,0,0,0,0,135,4522,0,0,0,0,0,0,0,0,0,0
2019,856,0,0,0,0,0,0,0,0,0,0,249,4748,176,3374,228,4373,0,0,0,0,0,0
2019,859,0,0,0,0,0,0,0,0,0,0,0,0,0,0,0,0,0,0,0,0,0,0
2019,861,0,0,0,0,0,0,0,0,0,0,0,0,0,0,0,0,0,0,0,0,0,0
2019,880,0,0,0,0,0,0,0,0,0,0,506,12531,74,2120,263,5035,0,0,0,0,0,0
2019,883,0,0,0,0,0,0,0,0,0,0,0,0,0,0,310,2903,0,0,0,0,0,0
2019,884,0,0,0,0,0,0,0,0,0,0,421,9668,16,74,387,1970,0,0,0,0,0,0
2019,877,0,0,0,0,0,0,0,0,0,0,0,0,0,0,0,0,0,0,0,0,0,0
2019,911,0,0,0,0,0,0,0,0,0,0,3119,52328,1539,4879,1710,18735,0,0,0,0,0,0
2019,913,0,0,0,0,0,0,0,0,0,0,0,0,0,0,0,0,0,0,0,0,0,0
2019,922,217,5,203,203,0,0,0,0,0,0,0,0,0,0,0,0,0,0,0,0,0,0
2019,923,0,0,0,0,0,0,0,0,0,0,0,0,0,0,226,2484,0,0,0,0,0,0
2019,924,0,0,0,0,1611,24746,0,0,0,0,0,0,0,0,0,0,0,0,0,0,0,0
2019,947,0,0,0,0,0,0,0,0,0,0,156,738,0,0,44,44,0,0,0,0,0,0
2019,951,0,0,0,0,0,0,0,0,0,0,937,1753,0,0,975,1560,0,0,0,0,0,0
2019,1103,0,0,0,0,0,0,0,0,0,0,677,15888,63,819,425,1690,0,0,0,0,0,0
2019,972,0,0,0,0,0,0,0,0,0,0,240,2036,0,0,240,1925,0,0,0,0,0,0
2019,973,20,47,0,0,0,0,0,0,0,0,0,0,0,0,0,0,0,0,0,0,0,0
2019,974,0,0,0,0,0,0,0,0,0,0,947,21776,173,695,397,7301,0,0,0,0,0,0
2019,975,0,0,0,0,0,0,0,0,0,0,421,17682,0,0,317,11892,0,0,0,0,0,0
2019,960,0,0,0,0,0,0,0,0,0,0,767,24828,11,340,929,17111,0,0,0,0,0,0
2019,1028,0,0,0,0,0,0,0,0,0,0,0,0,0,0,0,0,0,0,0,0,0,0
2019,976,0,0,0,0,0,0,0,0,0,0,805,1370,0,0,0,0,0,0,0,0,0,0
2019,977,0,0,0,0,0,0,0,0,0,0,818,13708,194,324,251,3419,0,0,0,0,0,0
2019,1020,0,0,0,0,0,0,0,0,0,0,72,215,0,0,0,0,0,0,0,0,0,0
2019,994,0,429,0,0,0,0,0,0,0,0,2368,40248,0,0,0,0,130,13278,0,0,9,2060
2019,995,0,0,0,0,0,0,0,0,0,0,550,8045,0,0,45,3120,0,0,0,0,0,0
2019,1060,0,0,0,0,0,0,0,0,0,0,0,0,0,0,0,0,0,0,0,0,0,0
2019,1005,0,0,0,0,0,0,0,0,0,0,218,6624,0,0,59,731,0,0,0,0,0,0
2019,1061,0,0,0,0,0,0,0,0,0,0,9,560,0,0,6,480,0,0,0,0,0,0
2019,1062,0,0,0,0,0,0,0,0,0,0,111,11970,0,0,0,0,0,0,0,0,0,0
2019,1006,0,0,0,0,0,0,0,0,0,0,0,0,0,0,0,0,0,0,0,0,0,0
2019,1088,0,0,0,0,0,0,0,0,0,0,0,0,0,0,0,0,0,0,0,0,0,0
2019,1089,0,0,0,0,0,0,0,0,0,0,525,6315,0,0,0,0,0,0,0,0,0,0
2019,1076,0,0,0,0,0,0,0,0,0,0,8,48,0,0,0,0,0,0,0,0,0,0
2019,1078,0,0,0,0,0,0,0,0,0,0,654,8110,0,0,710,9520,0,0,0,0,0,0
2019,1033,0,1511,0,0,0,0,0,0,0,0,4449,51296,0,0,0,0,333,14812,10,3176,0,0
2019,1035,0,0,0,0,0,0,0,0,0,0,0,0,0,0,0,0,0,0,0,0,0,0
2019,1037,0,0,0,0,0,0,0,0,0,0,0,0,0,0,115,10797,0,0,0,0,0,0
2019,1039,0,0,0,0,0,0,0,0,0,0,0,0,0,0,0,0,0,0,0,0,0,0
2019,1067,0,0,0,0,0,0,0,0,0,0,382,19325,0,0,72,1899,0,0,0,0,0,0
2019,1065,0,0,0,0,0,0,0,0,0,0,1205,45790,374,1934,532,26600,0,0,0,0,0,0
2019,1066,0,35,0,0,0,0,0,0,0,0,5949,73198,0,0,0,0,0,0,0,0,0,0
2019,1100,0,0,0,0,0,0,0,0,0,0,518,22274,91,1565,306,13143,0,0,0,0,0,0
2019,1105,0,0,0,0,0,0,0,0,0,0,1440,26751,134,228,256,5366,0,0,0,0,0,0
2019,1107,0,0,0,0,0,0,0,0,0,0,0,0,0,0,0,0,0,0,0,0,0,0
2019,1111,0,0,0,0,0,0,0,0,0,0,0,0,0,0,0,0,0,0,0,0,0,0
2019,1121,0,0,0,0,0,0,0,0,0,0,88,3874,0,0,88,2461,0,0,0,0,0,0
2019,1119,0,0,0,0,0,0,0,0,0,0,242,1239,77,142,182,543,0,0,0,0,0,0
2019,207,0,0,0,0,0,0,0,0,0,0,4493,38054,292,1335,76,122,0,0,0,0,0,0
2019,431,0,0,0,0,0,0,0,0,0,0,2053,23564,74,287,225,1811,0,0,0,0,0,0
2019,387,0,0,0,0,0,0,0,0,0,0,1834,74129,0,0,0,0,0,0,0,0,0,0
2019,179,0,0,0,0,0,0,0,0,0,0,48,6605,0,0,0,0,0,0,0,0,0,0
2019,606,0,0,0,0,0,0,0,0,0,0,2928,41123,0,0,0,0,35,2836,0,0,0,0
2019,925,3253,3327,0,0,928,19251,0,0,0,0,17915,495251,0,0,1251,67545,234,18340,4,871,24,6512
2019,541,0,0,0,0,0,0,0,0,0,0,2539,83030,0,0,0,0,0,0,0,0,0,0
2019,797,0,0,0,0,0,0,0,0,0,0,976,10619,0,0,0,0,0,0,0,0,0,0
2019,627,0,0,0,0,412,15378,0,0,0,0,4264,85573,1256,2493,0,0,67,1784,0,0,7,84
2019,173,0,0,0,0,0,0,0,0,0,0,48,3859,0,0,976,24659,0,0,0,0,0,0
2019,636,2800,0,0,0,0,0,0,0,0,0,6649,85913,460,1429,0,0,976,7978,24,566,423,12902
2019,205,0,0,0,0,0,0,0,0,0,0,0,0,0,0,0,0,0,0,0,0,0,0
2019,814,0,0,0,0,0,0,0,0,0,0,0,0,0,0,0,0,0,0,0,0,0,0
2019,881,100,20,0,0,0,0,0,0,0,0,0,0,0,0,0,0,0,0,0,0,0,0
2019,771,506,728,297,497,1058,15865,0,0,66,105,1930,57025,164,1257,31,2822,329,6563,0,0,0,0
2019,533,119,15,0,0,0,0,0,0,0,0,1414,28188,6,14,0,0,0,0,0,0,0,0
2019,447,0,0,0,0,0,0,0,0,0,0,337,3187,0,0,0,0,0,0,0,0,0,0
2019,815,0,13,0,0,0,0,0,0,0,0,325,9750,0,0,0,0,0,0,0,0,0,0
2019,801,10075,1477,0,0,708,7057,0,0,0,0,2324,54639,0,0,0,0,1245,13552,0,0,0,0
2019,800,0,0,0,0,0,0,0,0,0,0,1938,14671,116,4435,0,0,0,0,0,0,0,0
2019,389,0,0,0,0,0,0,0,0,0,0,4452,66191,0,0,0,0,0,0,0,0,0,0
2019,695,1907,81,0,0,0,0,0,0,0,0,1085,27471,0,0,0,0,107,14088,0,0,0,0
2019,1157,0,0,0,0,0,0,0,0,0,0,105,996,0,0,0,0,0,0,0,0,0,0
2019,816,0,0,0,0,0,0,0,0,0,0,1853,33763,41,1036,142,6576,0,0,0,0,0,0
2019,833,0,0,0,0,0,0,0,0,0,0,2751,53354,0,0,0,0,0,0,0,0,0,0
2019,870,209,0,0,0,0,0,0,0,0,0,2353,35175,109,2336,23,56,0,0,0,0,0,0
2019,927,0,0,0,0,0,0,0,0,0,0,4569,81351,0,0,0,0,0,0,0,0,0,0
2019,961,959,0,0,0,1094,10682,0,0,0,0,2776,67888,0,0,0,0,348,2987,0,0,0,0
2019,962,0,0,0,0,0,0,0,0,0,0,754,18074,0,0,0,0,0,0,0,0,0,0
2019,1079,53,0,0,0,0,0,0,0,0,0,4232,50784,0,0,0,0,0,0,0,0,0,0
2019,1101,477,81,0,0,0,0,0,0,0,0,933,14786,0,0,0,0,0,0,0,0,0,0
2019,666,1404,2168,0,0,0,0,0,0,0,0,11960,531222,0,0,0,0,951,10205,33,5308,91,23232
2019,392,0,0,0,0,0,0,0,0,0,0,3210,39808,406,1738,361,3658,0,0,0,0,0,0
2019,790,0,318,349,554,1101,22027,0,0,0,0,2494,173922,257,2584,0,0,0,0,0,0,0,0
2019,650,0,472,0,0,0,0,0,0,0,0,2715,69478,0,0,0,0,0,0,0,0,0,0
2019,876,0,878,0,0,0,0,0,0,0,0,4278,77876,0,0,0,0,0,0,0,0,0,0
2019,944,0,0,0,0,0,0,0,0,0,0,0,0,0,0,0,0,0,0,0,0,0,0
2019,952,0,0,0,0,0,0,0,0,0,0,0,0,0,0,0,0,0,0,0,0,0,0
2019,54,0,0,0,0,0,0,0,0,0,0,0,0,0,0,0,0,0,0,0,0,0,0
2019,367,0,26,0,0,0,0,0,0,0,0,0,0,0,0,0,0,0,0,0,0,0,0
2019,538,0,435,0,0,0,0,0,0,0,0,1657,36962,0,0,404,3127,0,0,0,0,0,0
2019,557,0,0,5,5,0,0,0,0,0,0,2604,39242,0,0,274,5681,0,0,0,0,0,0
2019,653,0,299,0,0,0,0,0,0,0,0,4743,30938,0,0,0,0,0,0,0,0,0,0
2019,647,0,0,0,0,0,0,0,0,0,0,775,25971,0,0,132,2546,0,0,0,0,0,0
2019,978,1405,1486,0,0,1043,17818,0,0,1310,1587,6968,61750,0,0,332,1985,1261,13481,0,0,521,15068
2019,996,0,0,0,0,0,0,0,0,0,0,2686,21246,0,0,234,2075,0,0,0,0,0,0
2019,729,5599,6629,451,760,1725,30996,0,0,35,56,5306,66599,724,3253,0,0,155,13891,0,0,0,0
2019,182,243,39,0,0,0,0,0,0,0,0,236,2832,0,0,0,0,0,0,0,0,0,0
2019,633,82,175,0,0,240,266,0,0,0,0,245,5141,1400,11201,0,0,0,0,0,0,0,0
2019,685,0,31,0,0,0,0,0,0,0,0,3000,19449,0,0,0,0,0,0,0,0,0,0
2019,683,0,0,0,0,0,0,0,0,0,0,1612,13866,0,0,0,0,22,2019,0,0,0,0
2019,945,0,0,0,0,0,0,0,0,0,0,1980,14453,0,0,0,0,0,0,0,0,0,0
2019,953,0,0,0,0,0,0,0,0,0,0,0,0,0,0,0,0,0,0,0,0,0,0
2019,1022,0,0,0,0,0,0,0,0,0,0,1399,8927,0,0,0,0,0,0,0,0,0,0
2019,1049,0,0,0,0,0,0,0,0,0,0,1280,9860,0,0,0,0,0,0,0,0,0,0
2019,1151,233,73,0,0,0,0,0,0,0,0,9518,9524,0,0,0,0,0,0,0,0,0,0
2019,794,4272,4635,385,584,0,0,0,0,0,0,8255,186157,1151,17398,2604,40751,1567,13565,959,150563,225,50625
2019,415,0,0,0,0,2348,35135,0,0,176,474,0,0,0,0,0,0,0,0,0,0,0,0
2019,592,0,0,0,0,0,0,0,0,0,0,2056,38375,0,0,0,0,141,15247,0,0,0,0
2019,497,190,14820,0,0,0,0,0,0,0,0,2219,39769,0,0,0,0,171,27520,0,0,0,0
2019,726,0,212,0,0,0,0,0,0,0,0,3721,222201,151,10923,315,16797,100,4088,0,0,0,0
2019,272,0,0,0,0,0,0,0,0,0,0,2118,39505,107,1617,0,0,139,15031,0,0,0,0
2019,805,3947,4164,413,579,1338,23852,0,0,63,220,2199,107881,4,84,91,6254,99,12998,3,780,48,13315
2019,64,0,0,0,0,0,0,0,0,0,0,0,0,0,0,0,0,0,0,0,0,0,0
2019,842,0,0,0,0,0,0,0,0,0,0,992,58206,0,0,0,0,56,6417,0,0,0,0
2019,843,0,0,0,0,0,0,0,0,0,0,527,15565,0,0,0,0,30,3369,0,0,0,0
2019,1127,365,15,0,0,0,0,0,0,0,0,608,8144,0,0,0,0,0,0,0,0,0,0
2019,1158,0,0,0,0,0,0,0,0,0,0,1256,24638,248,1519,0,0,1141,14498,0,0,0,0
2019,803,186,1172,0,0,0,0,0,0,0,0,4604,38156,0,0,279,1666,102,6872,0,0,26,4206
2019,211,0,0,0,0,0,0,0,0,0,0,1238,24951,0,0,0,0,0,0,0,0,0,0
2019,773,1914,3410,0,0,0,0,0,0,0,0,6185,88558,146,1883,0,0,185,5745,0,0,109,1226
2019,424,0,0,0,0,0,0,0,0,0,0,0,0,0,0,0,0,0,0,0,0,0,0
2019,298,354,167,0,0,0,0,0,0,0,0,1968,41330,0,0,0,0,161,25963,0,0,0,0
2019,594,0,0,0,0,0,0,0,0,0,0,0,0,0,0,0,0,0,0,0,0,0,0
2019,237,0,0,0,0,0,0,0,0,0,0,997,22980,91,782,0,0,0,0,0,0,0,0
2019,16,0,0,0,0,0,0,0,0,0,0,168,10127,1,1,39,819,0,0,0,0,0,0
2019,768,0,0,0,0,0,0,0,0,0,0,373,12377,2,11,0,0,0,0,0,0,0,0
2019,617,0,0,0,0,0,0,0,0,0,0,3527,45598,135,1052,0,0,171,10238,0,0,10,2539
2019,297,0,0,0,0,0,0,0,0,0,0,895,65521,0,0,0,0,0,0,0,0,0,0
2019,105,0,0,0,0,0,0,0,0,0,0,156,4322,0,0,59,2036,0,0,0,0,0,0
2019,544,0,187,0,0,0,0,0,0,0,0,2568,36462,171,1774,176,1543,0,0,0,0,0,0
2019,804,0,0,0,0,0,0,0,0,0,0,4053,75291,494,2672,120,2469,165,9765,0,0,0,0
2019,104,0,0,0,0,0,0,0,0,0,0,0,0,0,0,205,746,0,0,0,0,0,0
2019,20,0,0,0,0,0,0,0,0,0,0,50,6574,4,104,57,3350,0,0,0,0,0,0
2019,550,0,0,0,0,0,0,0,0,0,0,3277,42023,21,116,0,0,0,0,0,0,0,0
2019,112,0,0,0,0,0,0,0,0,0,0,0,0,0,0,0,0,0,0,0,0,0,0
2019,818,0,0,0,0,0,0,0,0,0,0,587,5643,0,0,0,0,0,0,0,0,0,0
2019,882,0,0,0,0,0,0,0,0,0,0,145,3100,32,152,64,1273,0,0,0,0,0,0
2019,914,0,0,0,0,0,0,0,0,0,0,465,12012,48,316,134,9850,0,0,0,0,0,0
2019,928,0,0,0,0,1473,29766,0,0,0,0,0,0,0,0,0,0,0,0,0,0,0,0
2019,964,0,0,0,0,0,0,0,0,340,1521,1063,28048,0,0,0,0,0,0,0,0,0,0
2019,1026,0,0,0,0,0,0,0,0,0,0,391,42224,102,1329,25,2200,0,0,0,0,0,0
2019,1068,0,0,0,0,0,0,0,0,0,0,190,3801,55,507,246,2783,0,0,0,0,0,0
2019,1108,0,0,0,0,0,0,0,0,0,0,0,0,0,0,0,0,33,2336,0,0,0,0
2019,404,0,0,0,0,0,0,0,0,0,0,6204,56293,242,2192,17,148,0,0,0,0,0,0
2019,270,184,794,0,0,287,5774,0,0,0,0,2874,54324,0,0,0,0,0,0,0,0,0,0
2019,676,0,0,0,0,0,0,0,0,0,0,1838,24091,0,0,294,2045,0,0,0,0,0,0
2019,709,0,0,0,0,0,0,0,0,0,0,1675,18808,0,0,355,4637,0,0,0,0,0,0
2019,754,2109,2838,0,0,1496,13075,0,0,116,186,9871,233217,82,3852,500,54999,2548,23451,0,0,0,0
2019,997,0,25,0,0,0,0,0,0,0,0,567,12555,0,0,0,0,0,0,0,0,0,0
2019,1069,0,19,0,0,0,0,0,0,0,0,0,0,0,0,0,0,0,0,0,0,0,0
2019,1118,120,93,29,35,0,0,0,0,0,0,3130,69154,0,0,0,0,0,0,0,0,0,0
2019,1116,1535,1911,700,1350,1087,19525,0,0,0,0,3527,68464,362,6077,56,4103,993,11039,0,0,0,0
2019,734,1079,971,0,0,0,0,0,0,0,0,3242,70914,453,5028,596,8158,107,9735,2,701,27,6209
2019,299,0,0,0,0,0,0,0,0,0,0,1695,28399,0,0,0,0,0,0,0,0,0,0
2019,645,0,0,0,0,0,0,0,0,0,0,1954,18654,0,0,0,0,0,0,0,0,0,0
2019,17,0,0,0,0,0,0,0,0,0,0,0,0,0,0,98,1764,0,0,0,0,0,0
2019,1046,0,0,0,0,0,0,0,0,0,0,60,4191,72,98,175,1438,0,0,0,0,0,0
2019,420,0,0,0,0,0,0,0,0,0,0,873,15035,0,0,0,0,0,0,0,0,0,0
2019,802,0,0,0,0,0,0,0,0,0,0,7100,157818,651,13953,0,0,0,0,0,0,0,0
2019,266,990,1,0,0,0,0,0,0,0,0,2800,45155,0,0,0,0,93,10626,0,0,0,0
2019,769,0,0,0,0,981,25179,0,0,525,1927,145,481,0,0,0,0,0,0,0,0,0,0
2019,776,0,139,0,0,0,0,0,0,0,0,33122,132489,0,0,0,0,0,0,0,0,0,0
2019,640,0,99,0,0,0,0,0,0,0,0,2488,54754,0,0,0,0,0,0,0,0,0,0
2019,315,0,0,0,0,0,0,0,0,0,0,345,17602,170,5957,176,6855,0,0,0,0,0,0
2019,40,0,0,0,0,0,0,0,0,0,0,0,0,0,0,277,239,0,0,0,0,0,0
2019,508,0,0,0,0,0,0,0,0,0,0,3737,65302,0,0,0,0,0,0,0,0,0,0
2019,46,0,0,0,0,0,0,0,0,0,0,0,0,0,0,0,0,0,0,0,0,0,0
2019,590,0,125,0,0,0,0,0,0,0,0,11612,104511,0,0,0,0,0,0,0,0,0,0
2019,777,0,367,0,0,0,0,0,0,0,0,1008,75640,0,0,65,753,0,0,0,0,0,0
2019,897,1200,1535,0,0,1270,27890,0,0,2,2,39334,78668,736,1104,2480,2976,0,0,0,0,0,0
2019,965,0,0,0,0,0,0,0,0,0,0,0,0,0,0,202,5397,0,0,0,0,0,0
2019,671,0,0,0,0,0,0,0,0,0,0,496,14458,0,0,38,1478,0,0,0,0,0,0
2019,376,0,0,0,0,0,0,0,0,0,0,979,18034,67,462,0,0,0,0,0,0,0,0
2019,621,0,0,0,0,0,0,0,0,0,0,1916,20367,0,0,0,0,0,0,0,0,0,0
2019,793,1842,2762,0,0,930,11958,0,0,78,125,4445,61546,360,3720,489,9907,87,10913,0,0,0,0
2019,1102,87,72,0,0,0,0,0,0,0,0,6612,55616,0,0,0,0,0,0,0,0,0,0
2019,1147,0,0,0,0,0,0,0,0,0,0,452,6808,0,0,0,0,0,0,0,0,0,0
2019,712,0,806,0,0,0,0,0,0,0,0,2389,80902,0,0,207,6707,48,6512,0,0,4,1372
2019,32,0,0,0,0,0,0,0,0,0,0,0,0,0,0,115,1465,0,0,0,0,0,0
2019,361,0,0,0,0,0,0,0,0,0,0,28,2258,0,0,42,765,0,0,0,0,0,0
2019,486,0,0,0,0,0,0,0,0,0,0,2169,22946,0,0,0,0,0,0,0,0,0,0
2019,595,0,526,0,0,0,0,0,0,0,0,4714,84852,361,1916,0,0,73,7039,0,0,0,0
2019,433,0,0,0,0,0,0,0,0,0,0,844,9439,0,0,53,574,18,1966,0,0,0,0
2019,1058,0,0,0,0,0,0,0,0,0,0,302,6960,0,0,0,0,0,0,0,0,0,0
2019,261,0,0,0,0,0,0,0,0,0,0,0,0,0,0,0,0,0,0,0,0,0,0
2019,730,0,0,0,0,0,0,0,0,0,0,3464,49400,0,0,0,0,0,0,0,0,0,0
2019,577,0,0,0,0,0,0,0,0,0,0,2060,47095,0,0,0,0,0,0,0,0,0,0
2019,788,2611,0,0,0,876,13421,0,0,16,25,4149,61695,0,0,0,0,239,8463,0,0,0,0
2019,865,0,0,0,0,0,0,0,0,0,0,1448,11450,0,0,0,0,0,0,0,0,0,0
2019,979,0,0,0,0,0,0,0,0,0,0,643,5822,0,0,0,0,0,0,0,0,0,0
2019,998,0,0,0,0,0,0,0,0,0,0,511,4217,0,0,0,0,0,0,0,0,0,0
2019,1072,0,0,0,0,0,0,0,0,0,0,1115,9244,0,0,0,0,0,0,0,0,0,0
2019,221,0,0,47,49,0,0,0,0,0,0,1399,26655,0,0,0,0,0,0,0,0,0,0
2019,506,0,0,0,0,0,0,0,0,0,0,1772,30848,0,0,0,0,0,0,0,0,0,0
2019,727,0,1072,0,0,0,0,0,0,0,0,5913,125782,808,2067,360,3271,38,5889,0,0,5,1825
2019,355,0,0,0,0,0,0,0,0,0,0,2545,42501,32,384,24,198,0,0,0,0,0,0
2019,487,0,0,0,0,0,0,0,0,0,0,2657,27190,57,513,12,108,0,0,0,0,0,0
2019,938,4514,2980,1044,1044,1051,20964,0,0,0,0,16829,333214,2289,5173,531,12764,68,10687,0,0,27,8952
2019,835,0,99,0,0,0,0,0,0,0,0,502,5530,0,0,0,0,0,0,0,0,0,0
2019,999,0,0,0,0,0,0,0,0,0,0,45,1000,0,0,10,250,0,0,0,0,0,0
2019,798,2730,1425,0,0,767,790,0,0,854,18434,1331,8923,0,0,0,0,66,5514,0,0,30,9512
2019,504,0,0,0,0,0,0,0,0,0,0,10359,226832,665,6496,0,0,0,0,0,0,0,0
2019,247,0,267,291,291,0,0,0,0,0,0,1005,17811,0,0,0,0,0,0,0,0,0,0
2019,216,0,0,0,0,0,0,0,0,0,0,0,0,0,0,0,0,0,0,0,0,0,0
2019,65,0,0,0,0,0,0,0,0,0,0,0,0,0,0,0,0,0,0,0,0,0,0
2019,472,0,153,0,0,0,0,0,0,0,0,1284,26149,64,659,0,0,0,0,0,0,0,0
2019,427,0,0,0,0,0,0,0,0,0,0,0,0,0,0,98,2730,0,0,0,0,0,0
2019,491,0,0,0,0,0,0,0,0,0,0,2036,36598,59,497,106,2111,9,1337,0,0,0,0
2019,551,0,23,0,0,0,0,0,0,0,0,660,9749,12,161,0,0,0,0,0,0,0,0
2019,106,0,0,0,0,0,0,0,0,0,0,375,12478,149,525,167,5374,0,0,0,0,0,0
2019,819,0,0,0,0,0,0,0,0,0,0,163,6473,0,0,157,6458,0,0,0,0,0,0
2019,836,0,0,0,0,0,0,0,0,0,0,27,1847,0,0,5,5,0,0,0,0,0,0
2019,915,0,0,0,0,0,0,0,0,0,0,640,26880,95,222,253,5060,0,0,0,0,0,0
2019,942,0,0,0,0,0,0,0,0,0,0,1,80,0,0,0,0,0,0,0,0,0,0
2019,1140,0,0,0,0,0,0,0,0,0,0,111,802,0,0,0,0,0,0,0,0,0,0
2019,748,1337,1786,109,109,767,12446,0,0,56,241,27041,198446,2476,7649,469,2137,46,6941,1,198,52,7721
2019,198,0,0,0,0,0,0,0,0,0,0,0,0,0,0,0,0,0,0,0,0,0,0
2019,871,0,0,0,0,0,0,0,0,0,0,1042,18442,174,2570,137,1903,40,5764,0,0,2,759
2019,948,175,0,0,0,0,0,0,0,0,0,1146,17430,0,0,0,0,0,0,0,0,0,0
2019,1051,0,0,0,0,0,0,0,0,0,0,0,0,0,0,0,0,0,0,0,0,0,0
2019,1083,0,0,0,0,0,0,0,0,0,0,0,0,0,0,0,0,0,0,0,0,0,0
2019,1096,0,0,0,0,0,0,0,0,0,0,0,0,0,0,0,0,0,0,0,0,0,0
2019,1159,0,0,0,0,0,0,0,0,0,0,0,0,0,0,0,0,0,0,0,0,0,0
2019,679,958,915,0,0,931,16843,0,0,0,0,17097,225851,0,0,475,6139,155,8120,0,0,9,305
2019,176,0,0,0,0,0,0,0,0,0,0,1459,26265,211,2324,0,0,0,0,0,0,0,0
2019,537,0,0,0,0,0,0,0,0,0,0,1190,12052,0,0,0,0,0,0,0,0,0,0
2019,608,0,322,0,0,0,0,0,0,0,0,518,16120,0,0,0,0,55,5903,0,0,0,0
2019,596,0,12,0,0,0,0,0,0,0,0,1024,66284,0,0,0,0,0,0,0,0,0,0
2019,749,1805,6520,413,413,1069,14866,0,0,153,427,8306,125148,0,0,388,7113,72,9861,0,0,34,12357
2019,758,2769,2029,159,196,1831,27397,0,0,150,766,11076,167172,894,8983,1008,13905,775,9358,0,0,0,0
2019,1104,4687,6972,0,0,1134,8867,0,0,0,0,8983,159396,236,2627,424,7726,60,1006,0,0,38,13177
2019,567,0,866,0,0,0,0,0,0,0,0,2056,35812,0,0,310,360,0,0,0,0,0,0
2019,677,1375,3754,0,0,790,11361,0,0,0,0,4842,44766,135,723,0,0,76,14005,5,1531,28,10288
2019,670,0,533,0,0,0,0,0,0,0,0,754,8803,1559,13132,211,2977,0,0,0,0,0,0
2019,588,0,86,0,0,0,0,0,0,0,0,2672,92004,126,1882,169,4168,0,0,0,0,0,0
2019,753,7070,3048,221,389,1768,28955,0,0,0,0,8623,113235,766,8030,733,12311,83,13453,3,598,20,6861
2019,887,0,0,0,0,0,0,0,0,0,0,1780,50850,0,0,1500,58501,0,0,0,0,0,0
2019,245,123,0,0,0,0,0,0,0,0,0,1938,39103,0,0,0,0,0,0,0,0,0,0
2019,603,318,0,0,0,0,0,0,0,0,0,6701,228716,475,6327,0,0,0,0,0,0,0,0
2019,426,0,0,0,0,0,0,0,0,0,0,1242,13627,40,384,73,2769,0,0,0,0,0,0
2019,232,0,0,0,0,0,0,0,0,0,0,0,0,0,0,0,0,0,0,0,0,0,0
2019,288,0,0,0,0,308,5499,0,0,0,0,2688,77903,218,14298,255,16610,0,0,0,0,0,0
2019,246,0,20,86,219,0,0,0,0,0,0,1113,6959,0,0,0,0,241,18340,0,0,0,0
2019,284,310,55,0,0,700,12210,0,0,0,0,3500,70416,0,0,0,0,550,6692,0,0,0,0
2019,18,0,0,0,0,0,0,0,0,0,0,0,0,0,0,201,10637,0,0,0,0,0,0
2019,356,0,0,0,0,0,0,0,0,0,0,0,0,0,0,0,0,0,0,0,0,0,0
2019,401,0,0,0,0,0,0,0,0,0,0,828,19849,457,18516,134,8259,0,0,0,0,0,0
2019,733,2097,10220,468,711,1602,30373,0,0,147,684,16273,138479,1276,8911,564,2824,2472,28885,48,769,402,7624
2019,243,0,0,0,0,0,0,0,0,0,0,565,1250,0,0,0,0,0,0,0,0,0,0
2019,380,0,0,0,0,0,0,0,0,0,0,575,22954,329,8395,181,3808,0,0,0,0,0,0
2019,716,0,47,0,0,0,0,0,0,0,0,0,0,0,0,0,0,135,10832,0,0,0,0
2019,534,421,42,0,0,0,0,0,0,0,0,1033,14400,0,0,0,0,0,0,0,0,0,0
2019,185,310,0,94,198,0,0,0,0,0,0,0,0,0,0,0,0,0,0,0,0,0,0
2019,258,951,41,351,351,205,3184,0,0,0,0,1819,32355,0,0,0,0,0,0,0,0,0,0
2019,505,0,,0,0,0,0,0,0,0,0,0,0,0,0,0,0,165,18117,0,0,0,0
2019,268,112,249,0,0,0,0,0,0,0,0,0,0,0,0,0,0,0,0,0,0,0,0
2019,602,225,312,0,0,315,6433,0,0,77,248,930,13094,30,300,21,525,8,24,0,0,0,0
2019,254,571,45,741,1287,336,6333,0,0,70,156,0,0,0,0,0,0,0,0,0,0,0,0
2019,705,318,1682,0,0,0,0,0,0,0,0,819,5805,319,1985,0,0,0,0,0,0,0,0
2019,133,0,0,0,0,0,0,0,0,0,0,0,0,0,0,0,0,0,0,0,0,0,0
2019,33,0,0,0,0,0,0,0,0,0,0,0,0,0,0,144,2565,0,0,0,0,0,0
2019,143,0,0,0,0,0,0,0,0,0,0,0,0,0,0,804,2412,0,0,0,0,0,0
2019,36,0,0,0,0,0,0,0,0,0,0,0,0,0,0,0,0,0,0,0,0,0,0
2019,756,1013,1050,90,244,648,16000,0,0,26,94,4902,44617,491,2407,152,757,107,10850,0,0,0,0
2019,662,918,1607,0,0,0,0,0,0,0,0,8718,51534,626,3016,1415,6046,883,11630,0,0,353,10736
2019,192,0,0,0,0,0,0,0,0,0,0,583,32065,251,10060,505,15150,0,0,0,0,0,0
2019,382,0,0,0,0,0,0,0,0,0,0,0,0,0,0,0,0,0,0,0,0,0,0
2019,322,0,0,0,0,0,0,0,0,0,0,205,302665,0,0,199,185321,0,0,0,0,0,0
2019,478,0,0,0,0,0,0,0,0,0,0,1151,38143,0,0,459,14482,0,0,0,0,0,0
2019,352,0,0,0,0,0,0,0,0,0,0,865,20345,171,2805,398,6307,0,0,0,0,0,0
2019,628,1202,344,0,0,0,0,0,0,0,0,2879,62425,0,0,0,0,128,19579,10,2951,17,5793
2019,495,0,0,0,0,0,0,0,0,0,0,687,29352,21,1073,262,7556,0,0,0,0,0,0
2019,845,0,1806,0,0,0,0,0,0,0,0,3215,48220,0,0,48,3355,0,0,0,0,0,0
2019,498,0,254,0,0,0,0,0,0,0,0,1465,10761,0,0,0,0,0,0,0,0,0,0
2019,314,0,0,0,0,0,0,0,0,0,0,594,16435,104,2241,240,5513,0,0,0,0,0,0
2019,720,0,0,0,0,0,0,0,0,0,0,5150,77253,0,0,0,0,0,0,0,0,0,0
2019,721,296,2208,0,0,0,0,0,0,0,0,5735,91800,630,11301,229,4389,117,7443,0,0,23,5877
2019,485,0,0,0,0,0,0,0,0,0,0,0,0,0,0,0,0,0,0,0,0,0,0
2019,273,566,856,0,0,0,0,0,0,0,0,0,0,0,0,0,0,0,0,0,0,0,0
2019,846,1037,4761,134,169,0,0,0,0,0,0,6136,70676,0,0,469,5944,64,9944,0,0,21,7873
2019,847,0,0,0,0,0,0,0,0,0,0,4651,92598,0,0,0,0,0,0,0,0,0,0
2019,848,1185,191,147,252,0,0,0,0,0,0,3596,39004,0,0,0,0,22,102,0,0,0,0
2019,916,0,0,0,0,380,7768,0,0,0,0,411,413,0,0,0,0,0,0,0,0,0,0
2019,930,27,17,0,0,0,0,0,0,0,0,6134,37921,0,0,0,0,0,0,0,0,0,0
2019,954,310,3899,0,0,1506,29310,0,0,0,0,5549,83533,334,5017,719,5923,0,0,0,0,0,0
2019,943,0,0,0,0,0,0,0,0,0,0,3210,60041,0,0,0,0,0,0,0,0,0,0
2019,949,2078,5254,0,0,1146,18640,0,0,94,352,11730,112864,1105,9129,1469,27914,927,10959,0,0,503,14001
2019,980,413,1430,112,136,0,0,0,0,0,0,31,401,0,0,0,0,0,0,0,0,0,0
2019,981,0,0,0,0,0,0,0,0,0,0,1112,19851,181,9212,189,8098,0,0,0,0,0,0
2019,1024,820,606,0,0,908,12839,0,0,0,0,4352,71976,45,546,0,0,0,0,0,0,0,0
2019,1017,0,0,0,0,0,0,0,0,0,0,312,2510,0,0,0,0,0,0,0,0,0,0
2019,1000,167,817,0,0,884,18572,0,0,183,3127,2658,85068,0,0,0,0,25,130,0,0,0,0
2019,1018,213,273,0,0,0,0,0,0,0,0,3364,40318,420,3289,530,6689,87,8645,0,0,6,1140
2019,1001,0,0,0,0,0,0,0,0,0,0,0,0,0,0,0,0,0,0,0,0,0,0
2019,1007,0,997,0,0,0,0,0,0,0,0,5979,104574,0,0,214,2260,143,19466,2,413,29,9957
2019,1008,0,443,0,0,0,0,0,0,0,0,2057,49425,0,0,108,1579,74,11703,2,370,25,8955
2019,1010,0,59,0,0,0,0,0,0,0,0,1604,30787,0,0,165,3144,58,8237,0,0,7,2171
2019,1011,0,22,0,0,0,0,0,0,0,0,1535,30459,0,0,231,4728,525,6671,0,0,0,0
2019,1012,0,0,0,0,0,0,0,0,0,0,1492,27873,0,0,282,4972,96,9534,0,0,19,4658
2019,1013,2937,6790,192,235,1553,29427,0,0,8,12,13652,72259,0,0,0,0,122,15286,0,0,31,11235
2019,1041,0,0,0,0,0,0,0,0,0,0,20,1000,0,0,140,3600,0,0,0,0,0,0
2019,1073,479,315,0,0,0,0,0,0,0,0,3890,48284,412,6204,0,0,110,5144,0,0,0,0
2019,1087,860,3224,0,0,746,12173,0,0,0,0,12689,110043,681,6608,374,6861,147,14123,0,0,12,2495
2019,1109,461,2180,0,0,0,0,0,0,0,0,4820,51628,471,4317,660,7747,112,9945,2,192,8,675
2019,1110,88,234,0,0,528,7812,0,0,0,0,2929,53701,72,300,0,0,0,0,0,0,0,0
2019,1112,0,0,0,0,0,0,0,0,0,0,5046,60242,0,0,0,0,0,0,0,0,0,0
2019,1120,0,0,0,0,0,0,0,0,0,0,46,1034,10,190,36,456,0,0,0,0,0,0
2019,1156,0,0,0,0,0,0,0,0,0,0,44,485,0,0,0,0,0,0,0,0,0,0
2019,1155,0,0,0,0,0,0,0,0,0,0,0,0,0,0,0,0,0,0,0,0,0,0
2019,1148,100,972,0,0,219,3484,0,0,17,43,976,4424,25,94,0,0,0,0,0,0,0,0
2019,1126,0,924,0,0,0,0,0,0,0,0,6381,83423,204,2612,707,7627,96,14172,0,0,0,0
2019,,0,0,0,0,0,0,0,0,0,0,463,28120,313,24200,370,25180,0,0,0,0,0,0
2019,1152,0,0,0,0,0,0,0,0,0,0,45,6231,0,0,93,6205,0,0,0,0,0,0
2019,789,0,0,0,0,0,0,0,0,0,0,85,7127,0,0,0,0,0,0,0,0,0,0
2019,326,0,0,0,0,0,0,0,0,0,0,0,0,0,0,0,0,0,0,0,0,0,0
2019,442,374,355,0,0,0,0,0,0,0,0,1349,17831,45,172,0,0,0,0,0,0,0,0
2019,294,325,266,383,454,0,0,0,0,0,0,856,9818,0,0,0,0,0,0,0,0,0,0
2019,378,0,0,0,0,0,0,0,0,0,0,386,14199,0,0,0,0,0,0,0,0,0,0
2019,402,22,0,0,0,0,0,0,0,0,0,995,14524,154,184,0,0,0,0,0,0,0,0
2019,29,0,0,0,0,0,0,0,0,0,0,0,0,0,0,225,1750,0,0,0,0,0,0
2019,450,0,0,0,0,0,0,0,0,0,0,245,2245,0,0,0,0,0,0,0,0,0,0
2019,656,0,0,0,0,0,0,0,0,0,0,662,14601,0,0,0,0,0,0,0,0,0,0
2019,333,493,436,0,0,0,0,0,0,0,0,1236,12963,0,0,0,0,171,10770,0,0,0,0
2019,684,0,0,0,0,0,0,0,0,0,0,1282,76868,0,0,0,0,0,0,0,0,0,0
2019,422,44,331,1,2,0,0,0,0,0,0,795,6735,0,0,0,0,61,443,0,0,0,0
2019,763,2921,2419,613,913,1260,19384,0,0,91,146,6250,364775,0,0,499,36471,1445,15372,0,0,0,0
2019,741,2390,540,0,0,2937,22747,0,0,252,403,3824,66222,93,2536,128,3623,0,0,0,0,0,0
2019,553,1092,2115,0,0,0,0,0,0,0,0,1420,33140,0,0,0,0,59,6713,0,0,0,0
2019,899,0,0,0,0,0,0,0,0,0,0,0,0,0,0,0,0,0,0,0,0,0,0
2019,900,0,0,0,0,0,0,0,0,0,0,164,1565,0,0,0,0,0,0,0,0,0,0
2019,950,0,0,0,0,0,0,0,0,0,0,10698,119822,168,1634,0,0,0,0,0,0,0,0
2019,966,132,0,0,0,0,0,0,0,0,0,0,0,0,0,0,0,0,0,0,0,0,0
2019,967,0,0,0,0,0,0,0,0,0,0,87,1029,0,0,0,0,0,0,0,0,0,0
2019,982,475,243,0,0,186,3732,0,0,12,25,2249,31965,11,53,0,0,0,0,0,0,0,0
2019,1014,0,381,0,0,0,0,0,0,0,0,0,0,0,0,0,0,0,0,0,0,0,0
2019,1080,1964,455,313,340,0,0,0,0,0,0,2633,26551,34,333,0,0,0,0,0,0,0,0
2019,1074,0,0,0,0,0,0,0,0,0,0,0,0,0,0,0,0,0,0,0,0,0,0
2019,1084,0,0,0,0,0,0,0,0,0,0,3308,33080,327,1744,0,0,0,0,0,0,0,0
2019,1113,0,0,0,0,0,0,0,0,0,0,72,406,0,0,0,0,0,0,0,0,0,0
2019,1137,0,0,0,0,0,0,0,0,0,0,0,0,0,0,0,0,0,0,0,0,0,0
2019,1142,0,441,0,0,0,0,0,0,0,0,624,32122,0,0,0,0,35,5065,0,0,0,0
2019,722,5954,6149,0,0,1455,24116,0,0,79,226,15756,78289,760,2815,475,2661,94,10409,0,0,62,22645
2019,660,0,1630,0,0,0,0,0,0,0,0,4152,25376,0,0,0,0,79,9297,0,0,0,0
2019,75,0,0,0,0,0,0,0,0,0,0,0,0,0,0,499,6774,0,0,0,0,0,0
2019,249,67,61,0,0,0,0,0,0,0,0,535,9462,0,0,0,0,0,0,0,0,0,0
2019,227,273,230,0,0,0,0,0,0,0,0,0,0,0,0,0,0,0,0,0,0,0,0
2019,150,0,0,0,0,0,0,0,0,0,0,507,2089,4,46,0,0,0,0,0,0,0,0
2019,47,0,0,0,0,0,0,0,0,0,0,0,0,0,0,0,0,0,0,0,0,0,0
2019,172,0,0,0,0,0,0,0,0,0,0,2205,35618,0,0,0,0,0,0,0,0,0,0
2019,581,0,387,0,0,0,0,0,0,0,0,1460,29200,0,0,0,0,0,0,0,0,0,0
2019,120,0,0,0,0,0,0,0,0,0,0,2282,36560,93,2031,0,0,0,0,0,0,0,0
2019,445,0,0,0,0,0,0,0,0,0,0,243,2803,0,0,0,0,0,0,0,0,0,0
2019,471,0,0,0,0,0,0,0,0,0,0,4553,76265,0,0,0,0,0,0,0,0,0,0
2019,53,0,0,0,0,0,0,0,0,0,0,50,1735,0,0,0,0,0,0,0,0,0,0
2019,199,0,0,75,75,0,0,0,0,0,0,2790,69563,295,11986,0,0,0,0,0,0,0,0
2019,575,0,0,0,0,0,0,0,0,0,0,992,13829,0,0,0,0,0,0,0,0,0,0
2019,528,0,302,0,0,0,0,0,0,0,0,4874,37139,0,0,0,0,0,0,0,0,0,0
2019,631,0,0,0,0,0,0,0,0,0,0,4185,27056,0,0,0,0,57,5702,0,0,2,744
2019,699,0,2399,0,0,0,0,0,0,0,0,9656,36247,0,0,0,0,0,0,0,0,0,0
2019,823,0,0,0,0,0,0,0,0,0,0,2183,40609,0,0,0,0,0,0,0,0,0,0
2019,849,0,0,0,0,0,0,0,0,0,0,4130,19761,0,0,0,0,0,0,0,0,0,0
2019,869,0,0,0,0,0,0,0,0,0,0,1114,17044,0,0,0,0,0,0,0,0,0,0
2019,955,0,0,0,0,0,0,0,0,0,0,0,0,0,0,62,22320,0,0,0,0,0,0
2019,983,0,0,0,0,0,0,0,0,0,0,153,3106,0,0,159,39757,0,0,0,0,0,0
2019,1002,0,0,0,0,0,0,0,0,0,0,53,1318,0,0,0,0,0,0,0,0,0,0
2019,1015,2408,5397,0,0,1172,17425,0,0,1782,1782,9674,88697,0,0,164,1880,61,5272,0,0,37,12394
2019,1153,0,253,0,0,0,0,0,0,0,0,0,0,0,0,0,0,0,0,0,0,0,0
2019,51,0,0,0,0,0,0,0,0,0,0,0,0,0,0,0,0,0,0,0,0,0,0
2019,441,0,0,0,0,0,0,0,0,0,0,3989,54444,141,2553,350,6291,0,0,0,0,0,0
2019,327,0,0,0,0,0,0,0,0,0,0,0,0,0,0,0,0,0,0,0,0,0,0
2019,690,432,3021,86,120,373,6060,0,0,70,241,1408,18897,55,486,187,539,85,6396,0,0,0,0
2019,262,68,36,0,0,0,0,0,0,0,0,2682,67521,6,47,22,96,0,0,,0,0,0
2019,403,0,0,0,0,0,0,0,0,0,0,132,1320,0,0,0,0,0,0,0,0,0,0
2019,312,0,0,0,0,0,0,0,0,0,0,0,0,0,0,0,0,0,0,0,0,0,0
2019,589,0,0,0,0,0,0,0,0,0,0,6234,67391,0,0,0,0,0,0,0,0,0,0
2019,665,0,833,0,0,0,0,0,0,0,0,3875,68368,0,0,273,1055,64,6169,0,0,0,0
2019,334,0,0,0,0,0,0,0,0,0,0,23,501,0,0,33,353,0,0,0,0,0,0
2019,1075,1883,3824,420,588,1627,27634,0,0,212,714,15001,352516,410,6396,201,4156,217,28730,16,2106,33,4322
2019,751,1107,1506,0,0,550,17007,0,0,0,0,4123,235743,0,0,128,5382,87,10457,0,0,0,0
2019,186,39,0,0,0,0,0,0,0,0,0,13,230,0,0,0,0,0,0,0,0,0,0
2019,646,0,76,0,0,0,0,0,0,0,0,911,32543,0,0,0,0,0,0,0,0,0,0
2019,536,0,0,0,0,0,0,0,0,0,0,1092,72247,0,0,0,0,19,3501,0,0,0,0
2019,242,0,0,0,0,0,0,0,0,0,0,850,9200,0,0,0,0,0,0,0,0,0,0
2019,490,0,0,0,0,0,0,0,0,0,0,698,4788,408,3938,25,1506,0,0,0,0,0,0
2019,500,188,20,0,0,188,2326,0,0,0,0,1846,32319,266,747,0,0,0,0,0,0,0,0
2019,206,0,0,0,0,0,0,0,0,0,0,2577,49398,52,1048,0,0,0,0,0,0,0,0
2019,58,0,0,0,0,0,0,0,0,0,0,0,0,0,0,1,20,0,0,0,0,0,0
2019,572,0,266,0,0,0,0,0,0,0,0,2984,107086,0,0,0,0,61,8811,0,0,0,0
2019,180,0,0,0,0,0,0,0,0,0,0,786,5091,0,0,0,0,0,0,0,0,0,0
2019,549,0,0,0,0,0,0,0,0,0,0,373,8924,0,0,0,0,31,2565,0,0,0,0
2019,582,0,0,0,0,0,0,0,0,0,0,906,21133,0,0,62,683,38,3709,0,0,0,0
2019,743,1284,1078,0,0,0,0,0,0,0,0,12232,193410,356,1740,722,6168,47,7427,0,0,0,0
2019,795,0,0,0,0,0,0,0,0,0,0,1638,11443,0,0,0,0,109,9810,0,0,0,0
2019,269,0,0,0,0,0,0,0,0,0,0,1025,10250,96,960,0,0,0,0,0,0,0,0
2019,634,0,4,108,163,1652,16121,0,0,0,0,575,6955,0,0,0,0,154,8341,0,0,0,0
2019,1,0,0,0,0,0,0,0,0,0,0,3084,21199,49,389,0,0,0,0,0,0,0,0
2019,717,0,273,0,0,0,0,0,0,0,0,938,10525,0,0,15,272,31,4791,0,0,5,1825
2019,373,0,0,0,0,0,0,0,0,0,0,541,9739,0,0,0,0,0,0,0,0,0,0
2019,824,3898,6099,613,613,1500,24526,0,0,546,6297,10791,332263,516,12497,837,21368,97,15280,3,800,108,39450
2019,888,0,62,0,0,0,0,0,0,0,0,142,887,0,0,69,1642,33,4690,0,0,0,0
2019,902,0,0,0,0,0,0,0,0,0,0,163,3089,0,0,0,0,0,0,0,0,0,0
2019,968,0,0,0,0,0,0,0,0,0,0,0,0,0,0,0,0,0,0,0,0,0,0
2019,1154,0,598,0,0,0,0,0,0,0,0,1973,54646,0,0,0,0,53,4921,0,0,0,0
2019,1130,0,0,0,0,0,0,0,0,0,0,73,303,0,0,0,0,0,0,0,0,0,0
2019,1141,0,0,0,0,0,0,0,0,0,0,0,0,0,0,0,0,0,0,0,0,0,0
2019,1145,0,0,0,0,0,0,0,0,0,0,140,2018,0,0,146,1960,0,0,0,0,0,0
2019,1122,0,0,0,0,0,0,0,0,0,0,0,0,0,0,0,0,0,0,0,0,0,0
2019,1133,0,0,0,0,0,0,0,0,0,0,0,0,0,0,0,0,0,0,0,0,0,0
2019,346,0,0,0,0,0,0,0,0,0,0,218,12034,11,192,330,72859,0,0,0,0,0,0
2019,27,0,0,0,0,0,0,0,0,0,0,0,0,0,0,0,0,0,0,0,0,0,0
2019,165,0,0,0,0,0,0,0,0,0,0,1168,17797,15,187,69,51,0,0,0,0,0,0
2019,956,0,1685,0,0,0,0,0,0,0,0,7993,114021,0,0,0,0,76,11009,1,112,10,3460
2019,413,0,0,0,0,0,0,0,0,0,0,0,0,0,0,0,0,0,0,0,0,0,0
2019,149,0,0,0,0,0,0,0,0,0,0,1325,41591,0,0,0,0,0,0,0,0,0,0
2019,612,268,110,0,0,0,0,0,0,0,0,2275,53924,0,0,0,0,0,0,0,0,0,0
2019,559,0,0,0,0,0,0,0,0,0,0,725,10628,0,0,0,0,0,0,0,0,0,0
2019,7,0,0,0,0,0,0,0,0,0,0,164,1071,0,0,0,0,0,0,0,0,0,0
2019,283,154,256,20,39,484,7414,0,0,0,0,2011,54802,12,19,0,0,0,0,0,0,0,0
2019,37,0,0,0,0,0,0,0,0,0,0,0,0,0,0,0,0,0,0,0,0,0,0
2019,153,224,8,0,0,0,0,0,0,0,0,2654,46962,21,54,0,0,0,0,0,0,0,0
2019,547,0,0,0,0,0,0,0,0,0,0,2053,61676,0,0,94,3649,148,621,0,0,0,0
2019,556,0,0,0,0,0,0,0,0,0,0,947,20412,0,0,32,2375,72,5281,0,0,0,0
2019,42,0,0,0,0,0,0,0,0,0,0,0,0,0,0,0,0,0,0,0,0,0,0
2019,31,0,0,0,0,0,0,0,0,0,0,691,14050,34,606,39,788,0,0,0,0,0,0
2019,740,2440,3051,217,329,0,0,0,0,0,0,15197,102662,1840,6372,2037,7873,1110,12903,2726,33838,522,14985
2019,217,0,0,0,0,0,0,0,0,0,0,2282,19638,0,0,0,0,23,61,0,0,0,0
2019,863,0,0,0,0,0,0,0,0,0,0,3009,20709,0,0,0,0,0,0,0,0,0,0
2019,889,3271,4762,211,300,1878,30437,0,0,386,502,8642,72934,462,5658,690,7907,106,7202,3,591,92,33482
2019,984,0,0,0,0,0,0,0,0,0,0,2182,39953,0,0,0,0,38,444,0,0,0,0
2019,1146,0,0,0,0,0,0,0,0,0,0,0,0,0,0,0,0,0,0,0,0,0,0
2019,34,0,0,0,0,0,0,0,0,0,0,116,6806,0,0,105,3219,0,0,0,0,0,0
2019,791,0,0,0,0,0,0,0,0,0,0,3815,70781,0,0,0,0,0,0,0,0,0,0
2019,430,0,0,0,0,0,0,0,0,0,0,394,8860,0,0,0,0,0,0,0,0,0,0
2019,715,40,930,219,261,343,6375,0,0,0,0,4183,81159,352,4973,166,6202,820,10115,0,0,21,5102
2019,521,0,0,0,0,0,0,0,0,0,0,2131,29592,0,0,0,0,0,0,0,0,0,0
2019,524,173,63,45,57,0,0,0,0,0,0,12776,157257,3,28,3,6,7,442,0,0,0,0
2019,432,0,0,0,0,0,0,0,0,0,0,2492,33156,0,0,0,0,0,0,0,0,0,0
2019,19,0,0,0,0,0,0,0,0,0,0,0,0,0,0,0,0,0,0,0,0,0,0
2019,25,0,0,0,0,0,0,0,0,0,0,0,0,0,0,0,0,0,0,0,0,0,0
2019,26,0,0,0,0,0,0,0,0,0,0,0,0,0,0,34,299,0,0,0,0,0,0
2019,890,432,1298,0,0,0,0,0,0,0,0,0,0,0,0,0,0,98,13000,0,0,23,1145
2019,904,0,0,0,0,0,0,0,0,0,0,0,0,0,0,0,0,0,0,0,0,0,0
2019,957,3104,4980,0,0,2093,41509,0,0,384,1735,8805,192160,769,11277,824,15615,712,16151,1,170,56,6846
2019,939,3748,3608,0,0,1255,20507,0,0,95,436,10240,198282,700,4118,176,5508,163,19268,0,0,21,6582
2019,236,0,0,0,0,0,0,0,0,0,0,2104,41026,0,0,0,0,0,0,0,0,0,0
2019,735,1976,5259,69,75,1319,21548,0,0,245,1047,5293,89613,512,6397,686,9919,73,5088,0,0,39,10629
2019,146,0,0,0,0,0,0,0,0,0,0,1062,9564,0,0,0,0,0,0,0,0,0,0
2019,363,111,219,0,0,0,0,0,0,0,0,2586,64901,31,194,0,0,0,0,0,0,0,0
2019,187,92,32,0,0,0,0,0,0,0,0,4557,40522,18,36,126,2601,115,14148,0,0,0,0
2019,265,0,0,0,0,0,0,0,0,0,0,0,0,0,0,0,0,0,0,0,0,0,0
2019,295,3,35,0,0,0,0,0,0,0,0,442,4059,81,185,0,0,0,0,0,0,0,0
2019,496,1458,729,0,0,0,0,0,0,0,0,4787,42534,0,0,0,0,390,17105,0,0,0,0
2019,391,0,0,115,135,0,0,0,0,0,0,89,767,0,0,0,0,0,0,0,0,0,0
2019,240,0,0,0,0,0,0,0,0,0,0,6895,57599,0,0,0,0,269,25551,0,0,0,0
2019,448,0,0,0,0,0,0,0,0,0,0,1304,22964,129,1191,0,0,33,1149,0,0,0,0
2019,425,0,0,0,0,0,0,0,0,0,0,516,11320,0,0,0,0,139,1591,0,0,0,0
2019,300,0,26,0,0,0,0,0,0,0,0,2991,30715,85,161,0,0,0,0,0,0,0,0
2019,339,4017,3468,0,0,0,0,0,0,0,0,244,419,0,0,0,0,11,62,0,0,0,0
2019,874,0,0,0,0,0,0,0,0,0,0,1639,25289,0,0,0,0,58,8935,0,0,0,0
2019,905,1937,658,110,154,763,16948,0,0,0,0,3610,123048,559,5263,185,3099,458,8659,1,85,50,8406
2019,1123,0,0,0,0,0,0,0,0,0,0,0,0,0,0,0,0,0,0,0,0,0,0
2019,736,1956,13851,151,160,1698,27099,0,0,274,547,0,126956,0,6007,0,8672,0,8687,0,0,0,2753
2019,459,0,0,0,0,0,0,0,0,0,0,1803,61419,0,0,0,0,0,0,0,0,0,0
2019,320,0,0,0,0,0,0,0,0,0,0,3678,28707,22,541,656,23915,0,0,0,0,0,0
2019,45,0,0,0,0,0,0,0,0,0,0,0,0,0,0,0,0,0,0,0,0,0,0
2019,618,0,0,0,0,0,0,0,0,0,0,989,141982,116,1070,152,9329,0,0,0,0,0,0
2019,463,0,202,0,0,0,0,0,0,0,0,1291,36349,329,2161,145,2620,0,0,0,0,0,0
2019,891,0,0,0,0,0,0,0,0,0,0,0,0,0,0,0,0,0,0,0,0,0,0
2019,958,0,953,0,0,0,0,0,0,0,0,6720,138422,0,0,750,3976,485,5955,12,260,112,3169
2019,244,0,0,0,0,0,0,0,0,0,0,602,10077,62,514,0,0,0,0,0,0,0,0
2019,28,0,0,0,0,0,0,0,0,0,0,25,516,0,0,39,6880,0,0,0,0,0,0
2019,444,0,0,0,0,0,0,0,0,0,0,1220,14244,0,0,0,0,0,0,0,0,0,0
2019,479,0,0,0,0,0,0,0,0,0,0,141,5076,295,9676,363,12821,0,0,0,0,0,0
2019,285,234,0,0,0,0,0,0,0,0,0,1601,24043,47,218,0,0,141,13253,0,0,0,0
2019,253,370,119,0,0,0,0,0,0,0,0,0,0,0,0,0,0,0,0,0,0,0,0
2019,481,71,131,27,27,0,0,0,0,0,0,2722,35116,0,0,0,0,10,34,0,0,0,0
2019,540,489,0,0,0,534,14425,0,0,0,0,0,0,0,0,0,0,0,0,0,0,0,0
2019,332,0,0,0,0,0,0,0,0,0,0,0,0,0,0,0,0,0,0,0,0,0,0
2019,41,0,0,0,0,0,0,0,0,0,0,0,0,0,0,0,0,0,0,0,0,0,0
2019,510,47,0,0,0,0,0,0,0,0,0,0,0,0,0,0,0,0,0,0,0,0,0
2019,305,0,0,0,0,0,0,0,0,0,0,0,0,0,0,0,0,0,0,0,0,0,0
2019,708,0,0,0,0,0,0,0,0,0,0,747,11618,0,0,0,0,0,0,0,0,0,0
2019,755,3388,2106,256,509,2500,32986,0,0,6,10,11096,183106,483,3701,433,14369,1500,12760,0,0,0,0
2019,750,3293,1516,0,0,1432,21477,0,0,0,0,2530,108810,234,10600,145,10591,1494,17546,0,0,0,0
2019,696,1310,3484,386,671,0,0,0,0,0,0,1595,49389,0,0,89,2582,0,0,0,0,0,0
2019,421,0,0,0,0,0,0,0,0,0,0,2269,16078,32,1489,263,3206,0,0,0,0,0,0
2019,827,0,0,0,0,0,0,0,0,0,0,0,0,0,0,68,625,0,0,0,0,0,0
2019,933,0,734,0,0,0,0,0,0,0,0,8019,89910,0,0,0,0,0,0,0,0,0,0
2019,1030,108,2,10,44,0,0,0,0,0,0,0,0,61,2880,64,4608,0,0,0,0,0,0
2019,1003,0,0,0,0,0,0,0,0,0,0,1500,11768,0,0,0,0,0,0,0,0,0,0
2019,1050,0,0,0,0,0,0,0,0,0,0,297,2728,0,0,0,0,0,0,0,0,0,0
2019,1043,205,0,0,0,0,0,0,0,0,0,2833,57762,74,328,0,0,0,0,0,0,0,0
2019,1128,0,0,0,0,0,0,0,0,0,0,961,7252,0,0,0,0,0,0,0,0,0,0
2019,1125,0,0,0,0,0,0,0,0,0,0,171,352,0,0,171,3420,0,0,0,0,0,0
2019,1135,0,0,0,0,0,0,0,0,0,0,1084,7233,0,0,0,0,0,0,0,0,0,0
2019,934,0,246,0,0,0,0,0,0,0,0,11872,153702,0,0,589,4365,48,6919,0,0,1,365
2019,629,2324,1354,1,1,0,0,0,0,0,0,677,973,0,0,240,4150,358,4136,0,0,50,10545
2019,21,0,0,0,0,0,0,0,0,0,0,0,0,0,0,0,0,0,0,0,0,0,0
2019,615,0,5,0,0,0,0,0,0,0,0,3345,40598,68,761,121,2099,0,0,0,0,0,0
2019,626,0,0,0,0,0,0,0,0,0,0,2991,18216,0,0,0,0,0,0,0,0,0,0
2019,417,0,0,0,0,0,0,0,0,0,0,927,26962,0,0,0,0,0,0,0,0,0,0
2019,597,0,0,0,0,0,0,0,0,0,0,1434,29319,42,250,0,0,0,0,0,0,0,0
2019,539,0,902,0,0,1500,29148,0,0,0,0,4759,86822,261,1676,0,0,0,0,0,0,0,0
2019,343,0,0,0,0,0,0,0,0,0,0,1610,35195,0,0,0,0,0,0,0,0,0,0
2019,135,0,0,0,0,0,0,0,0,0,0,199,4776,0,0,0,0,0,0,0,0,0,0
2019,158,0,0,0,0,0,0,0,0,0,0,617,20312,0,0,2272,93983,0,0,0,0,0,0
2019,775,0,1018,0,0,0,0,0,0,0,0,1049,26342,41,1294,125,2703,0,0,0,0,0,0
2019,177,0,0,0,0,0,0,0,0,0,0,348,5000,0,0,0,0,290,24342,0,0,0,0
2019,578,0,0,0,0,0,0,0,0,0,0,1066,14017,0,0,0,0,0,0,0,0,0,0
2019,416,0,0,0,0,0,0,0,0,0,0,3394,25772,396,803,396,30096,0,0,0,0,0,0
2019,561,0,0,0,0,0,0,0,0,0,0,2348,60268,61,1243,105,2448,55,5646,0,0,0,0
2019,62,0,0,0,0,0,0,0,0,0,0,0,0,0,0,0,0,0,0,0,0,0,0
2019,828,0,0,0,0,0,0,0,0,0,0,175,16428,0,0,95,5139,0,0,0,0,0,0
2019,860,0,0,0,0,0,0,0,0,0,0,3157,57894,268,5792,245,5485,0,0,0,0,0,0
2019,935,0,0,0,0,0,0,0,0,0,0,251,4972,0,0,161,1450,0,0,0,0,0,0
2019,936,0,0,0,0,0,0,0,0,0,0,222,380,28,51,158,312,0,0,0,0,0,0
2019,986,0,0,0,0,0,0,0,0,0,0,0,0,0,0,0,0,0,0,0,0,0,0
2019,987,0,13,0,0,0,0,0,0,0,0,3512,41912,74,646,172,2954,0,0,0,0,0,0
2019,1021,0,0,0,0,0,0,0,0,0,0,134,10520,0,0,78,5318,0,0,0,0,0,0
2019,1085,0,0,0,0,0,0,0,0,0,0,362,8388,0,0,0,0,0,0,0,0,0,0
2019,658,0,448,0,0,0,0,0,0,0,0,1086,14316,0,0,0,0,560,6973,0,0,88,2434
2019,353,0,0,0,0,0,0,0,0,0,0,1129,5311,434,1777,579,3473,0,0,0,0,0,0
2019,323,0,0,0,0,0,0,0,0,0,0,0,0,0,0,61,4658,0,0,0,0,0,0
2019,620,0,32,0,0,0,0,0,0,0,0,2897,52638,0,0,0,0,0,0,0,0,0,0
2019,384,0,0,0,0,0,0,0,0,0,0,2529,39250,168,1145,1886,22811,0,0,0,0,0,0
2019,554,0,139,0,0,0,0,0,0,0,0,4304,68680,0,0,307,4652,0,0,0,0,0,0
2019,209,0,0,0,0,0,0,0,0,0,0,0,0,0,0,0,0,0,0,0,0,0,0
2019,707,4209,3190,248,625,0,0,0,0,0,0,15841,332654,1680,10068,1096,17543,1281,12731,0,0,0,0
2019,395,0,23,0,0,0,0,0,0,0,0,1297,22993,0,0,0,0,0,0,0,0,0,0
2019,969,0,0,0,0,0,0,0,0,0,0,2751,48800,0,0,0,0,0,0,0,0,0,0
2019,1052,0,0,0,0,0,0,0,0,0,0,0,0,0,0,65,780,0,0,0,0,0,0
2019,739,2258,6769,358,914,2698,22266,0,0,358,464,25460,421125,585,4569,2690,11092,118,8013,4,1460,67,24455
2019,613,994,3358,638,788,0,0,0,0,0,0,4908,87713,0,0,0,0,1092,9583,25,5108,63,16348
2019,593,0,2328,0,0,0,0,0,0,0,0,30529,279573,0,0,0,0,0,0,0,0,0,0
2019,704,12701,2651,0,0,854,16722,0,0,0,0,1792,263881,334,2820,43,619,81,6766,5,1300,56,14560
2019,686,1541,2793,0,0,1282,19163,0,0,0,0,2998,151567,246,5519,155,7074,1179,7995,175,302,382,942
2019,257,190,202,371,529,0,0,0,0,0,0,0,0,0,0,0,0,86,6579,0,0,0,0
2019,681,0,2567,0,0,1628,30510,0,0,320,320,842,5742,0,0,0,0,5,16,0,0,0,0
2019,286,27,0,149,149,2865,14325,0,0,184,650,76,3622,0,0,0,0,78,7221,0,0,0,0
2019,255,247,72,0,0,0,0,0,0,0,0,0,0,0,0,0,0,0,0,0,0,0,0
2019,79,0,0,0,0,0,0,0,0,0,0,0,0,0,0,0,0,0,0,0,0,0,0
2019,81,0,0,0,0,0,0,0,0,0,0,0,0,0,0,0,0,0,0,0,0,0,0
2019,688,0,1815,0,0,0,0,0,0,0,0,6322,531917,0,0,0,0,59,6629,2,108,20,4790
2019,531,0,1735,0,0,0,0,0,0,0,0,8429,93158,0,0,0,0,64,8956,28,10220,29,5220
2019,514,0,0,0,0,0,0,0,0,0,0,1832,82279,0,0,0,0,0,0,0,0,0,0
2019,499,0,746,0,0,0,0,0,0,0,0,923,19856,36,1021,75,1287,0,0,0,0,0,0
2019,532,0,530,0,0,0,0,0,0,0,0,7483,109752,0,0,0,0,0,0,0,0,0,0
2019,190,0,0,0,0,0,0,0,0,0,0,3374,25381,297,3110,717,4055,0,0,0,0,0,0
2019,598,0,158,0,0,0,0,0,0,0,0,4583,127061,0,0,0,0,77,7281,0,0,0,0
2019,260,493,15031,0,0,0,0,0,0,0,0,0,0,0,0,0,0,5,23,0,0,0,0
2019,838,0,0,0,0,0,0,0,0,0,0,1117,12017,0,0,0,0,0,0,0,0,0,0
2019,839,0,0,0,0,0,0,0,0,0,0,152,6340,95,3969,133,5552,0,0,0,0,0,0
2019,851,0,0,0,0,0,0,0,0,0,0,0,0,0,0,0,0,0,0,0,0,0,0
2019,852,1809,2169,524,627,1156,15244,0,0,327,819,20594,117146,979,3521,0,0,201,31575,0,0,29,42340
2019,988,0,0,0,0,0,0,0,0,0,0,623,30034,191,3293,373,8119,0,0,0,0,0,0
2019,1056,564,1460,77,118,0,0,0,0,0,0,2778,37741,439,4450,0,0,225,21527,0,0,0,0
2019,1044,0,0,0,0,0,0,0,0,0,0,0,0,0,0,0,0,0,0,0,0,0,0
2019,1114,0,30,0,0,0,0,0,0,0,0,8006,73317,0,0,0,0,0,0,0,0,0,0
2019,1129,141,288,0,0,243,4783,0,0,0,0,2437,33201,14,70,0,0,0,0,0,0,0,0
2019,644,0,3731,0,0,0,0,0,0,0,0,21531,295909,320,1370,0,0,58,7036,0,0,0,0
2019,752,7436,4897,0,0,1425,25821,0,0,263,652,12244,456343,0,0,807,16570,40,6151,1,277,25,4566
2019,238,0,0,0,0,0,0,0,0,0,0,32,377,0,0,0,0,0,0,0,0,0,0
2019,325,0,0,0,0,0,0,0,0,0,0,16,2960,125,3086,113,2610,0,0,0,0,0,0
2019,622,0,214,0,0,0,0,0,0,0,0,7938,53136,0,0,0,0,0,0,0,0,0,0
2019,879,0,0,0,0,0,0,0,0,0,0,4052,29840,18,181,0,0,0,0,0,0,0,0
2019,906,577,309,0,0,554,11304,0,0,0,0,0,0,0,0,0,0,0,0,0,0,0,0
2019,370,0,58,0,0,0,0,0,0,0,0,7650,53570,0,0,0,0,0,0,0,0,0,0
2019,418,0,0,52,169,0,0,0,0,0,0,192,17710,0,0,0,0,0,0,0,0,0,0
2019,574,0,0,0,0,0,0,0,0,0,0,2212,33858,0,0,0,0,0,0,0,0,0,0
2019,399,0,0,0,0,0,0,0,0,0,0,0,0,0,0,0,0,0,0,0,0,0,0
2019,195,0,0,0,0,0,0,0,0,0,0,192,2802,0,0,0,0,0,0,0,0,0,0
2019,783,1603,1324,0,0,1702,28868,0,0,7,36,21956,329350,539,5924,102,2973,0,0,0,0,0,0
2019,263,0,0,0,0,0,0,0,0,0,0,1236,23949,0,0,0,0,0,0,0,0,0,0
2019,194,0,0,0,0,0,0,0,0,0,0,0,0,0,0,0,0,0,0,0,0,0,0
2019,214,0,0,0,0,0,0,0,0,0,0,0,0,0,0,0,0,0,0,0,0,0,0
2019,785,0,3100,0,0,1484,43019,0,0,154,293,13777,206675,790,5531,386,5790,487,16292,0,0,0,0
2019,780,0,648,0,0,0,0,0,0,0,0,895,35786,0,0,0,0,0,0,0,0,0,0
2019,782,950,1274,176,188,0,0,0,0,0,0,21840,65520,0,0,0,0,184,12471,0,0,0,0
2019,369,0,0,0,0,0,0,0,0,0,0,32544,650884,3180,9542,3791,11375,0,0,0,0,0,0
2019,713,0,50,0,0,0,0,0,0,0,0,8360,17855,7,7,21,646,0,0,0,0,0,0
2019,941,0,0,0,0,0,0,0,0,0,0,0,0,0,0,0,0,0,0,0,0,0,0
2019,1091,0,0,0,0,0,0,0,0,0,0,0,0,0,0,0,0,0,0,0,0,0,0
2019,1045,47,1,0,0,49,896,0,0,0,0,655,13087,0,0,0,0,0,0,0,0,0,0
2019,1086,0,0,0,0,457,7626,0,0,0,0,0,0,0,0,0,0,0,0,0,0,0,0
2019,1149,0,1127,0,0,0,0,0,0,0,0,0,0,0,0,0,0,0,0,0,0,0,0
2019,937,0,1895,0,0,350,6870,0,0,0,0,1055,81239,286,2573,77,1535,100,15725,0,0,12,3551
2019,1004,0,0,0,0,0,0,0,0,0,0,2114,22155,183,3458,0,0,0,0,0,0,0,0
2019,737,1389,1022,815,821,1107,20084,0,0,22,22,7062,238592,336,4288,304,10720,79,12273,0,0,36,8100
2019,765,2001,1979,0,0,438,21383,0,0,286,3389,18276,130663,1078,6151,3590,23826,77,11937,0,0,27,8949
2019,329,0,287,0,0,0,0,0,0,0,0,719,12949,0,0,0,0,0,0,0,0,0,0
2019,87,0,0,0,0,0,0,0,0,0,0,87,2546,0,0,138,5753,0,0,0,0,0,0
2019,527,0,424,0,0,0,0,0,0,0,0,2951,57240,0,0,2512,3906,0,0,0,0,0,0
2019,562,14,1,0,0,0,0,0,0,0,0,2691,74900,0,0,465,6809,0,0,0,0,0,0
2019,251,87,121,0,0,0,0,0,0,0,0,1145,20731,0,0,0,0,0,0,0,0,0,0
2019,129,0,0,0,0,0,0,0,0,0,0,100,7401,0,0,0,0,0,0,0,0,0,0
2019,154,0,0,0,0,0,0,0,0,0,0,642,16317,0,0,150,3201,176,17771,0,0,0,0
2019,516,183,0,0,0,584,11758,0,0,0,0,8503,69122,0,0,0,0,0,0,0,0,0,0
2019,184,0,0,0,0,0,0,0,0,0,0,601,8720,0,0,0,0,0,0,0,0,0,0
2019,652,0,0,0,0,0,0,0,0,0,0,9534,47674,0,0,0,0,11,1600,0,0,0,0
2019,637,0,212,0,0,0,0,0,0,0,0,757,47568,0,0,0,0,342,4135,0,0,0,0
2019,88,0,0,0,0,0,0,0,0,0,0,0,0,0,0,0,0,0,0,0,0,0,0
2019,907,0,0,0,0,0,0,0,0,0,0,0,0,0,0,39,246,0,0,0,0,0,0
2019,970,0,0,0,0,0,0,0,0,0,0,0,0,0,0,0,0,0,0,0,0,0,0
2019,1019,0,0,0,0,0,0,0,0,0,0,382,8361,0,0,0,0,0,0,0,0,0,0
2019,1016,34,2,0,0,0,0,0,0,0,0,893,10014,0,0,0,0,0,0,0,0,0,0
2019,1047,0,25,0,0,0,0,0,0,0,0,577,10387,0,0,0,0,0,0,0,0,0,0
2019,635,0,0,0,0,0,0,0,0,0,0,2488,45019,0,0,0,0,61,9195,0,0,0,0
